MEME version 4

ALPHABET= ACGT

strands: + -

Background letter frequencies
A 0.250000 C 0.250000 G 0.250000 T 0.250000

MOTIF M00225_2.00 KLF1 
letter-probability matrix: alength= 4 w= 12 nsites= 100 E= 0
 0.295988  0.201372  0.201372  0.301269 
 0.607283  0.098921  0.098921  0.194876 
 0.146048  0.050761  0.050761  0.752431 
 0.825698  0.026116  0.026116  0.122071 
 0.500245  0.000311  0.000311  0.499133 
 0.999068  0.000311  0.000311  0.000311 
 0.097664  0.000311  0.000311  0.901715 
 0.202176  0.000311  0.000311  0.797203 
 0.748754  0.048939  0.048939  0.153368 
 0.151390  0.151390  0.151390  0.545830 
 0.199550  0.302770  0.298130  0.199550 
 0.327415  0.224195  0.224195  0.224195 

