MEME version 4

ALPHABET= ACGT

strands: + -

Background letter frequencies
A 0.250000 C 0.250000 G 0.250000 T 0.250000

MOTIF M00371_2.00 NR2E3 
letter-probability matrix: alength= 4 w= 13 nsites= 100 E= 0
 0.319047  0.226984  0.226984  0.226984 
 0.226984  0.319047  0.226984  0.226984 
 0.201188  0.201188  0.201188  0.396435 
 0.179334  0.276124  0.080877  0.463664 
 0.713816  0.127782  0.034047  0.124354 
 0.696422  0.092223  0.108011  0.103344 
 0.000160  0.000160  0.000160  0.999520 
 0.602687  0.092223  0.103344  0.201746 
 0.223089  0.023176  0.023176  0.730559 
 0.704617  0.023176  0.249031  0.023176 
 0.048972  0.184519  0.048972  0.717537 
 0.395138  0.169283  0.169283  0.266297 
 0.216113  0.351661  0.216113  0.216113 

