MEME version 4

ALPHABET= ACGT

strands: + -

Background letter frequencies
A 0.250000 C 0.250000 G 0.250000 T 0.250000

MOTIF M02850_2.00 TEF 
letter-probability matrix: alength= 4 w= 12 nsites= 100 E= 0
 0.212406  0.202515  0.278458  0.306622 
 0.368206  0.151913  0.370311  0.109570 
 0.001673  0.000000  0.000836  0.997491 
 0.010924  0.000000  0.001986  0.987090 
 0.909424  0.002897  0.079140  0.008539 
 0.003272  0.355799  0.021103  0.619827 
 0.192313  0.023713  0.777068  0.006906 
 0.011679  0.138157  0.000712  0.849452 
 0.987908  0.006791  0.000000  0.005301 
 0.988072  0.004639  0.001160  0.006130 
 0.091511  0.348861  0.149294  0.410335 
 0.290025  0.236044  0.216429  0.257502 

