MEME version 4

ALPHABET= ACGT

strands: + -

Background letter frequencies
A 0.250000 C 0.250000 G 0.250000 T 0.250000

MOTIF M02886_2.00 EGR2 
letter-probability matrix: alength= 4 w= 15 nsites= 100 E= 0
 0.248517  0.298259  0.191314  0.261909 
 0.263117  0.285412  0.134922  0.316548 
 0.487763  0.411833  0.023319  0.077086 
 0.008977  0.973068  0.004577  0.013378 
 0.098036  0.008226  0.823737  0.070002 
 0.001599  0.992003  0.003910  0.002488 
 0.002845  0.992176  0.003023  0.001956 
 0.003538  0.849200  0.000000  0.147262 
 0.877621  0.112903  0.005847  0.003629 
 0.000000  0.996790  0.002496  0.000713 
 0.035268  0.017463  0.906865  0.040404 
 0.003398  0.912504  0.003058  0.081040 
 0.556715  0.106025  0.201279  0.135981 
 0.274918  0.305764  0.131483  0.287835 
 0.270983  0.233960  0.162628  0.332429 

