MEME version 4

ALPHABET= ACGT

strands: + -

Background letter frequencies
A 0.250000 C 0.250000 G 0.250000 T 0.250000

MOTIF M02972_2.00 ELF1 
letter-probability matrix: alength= 4 w= 12 nsites= 100 E= 0
 0.725191  0.038168  0.007634  0.229008 
 0.875969  0.046512  0.031008  0.046512 
 0.124031  0.751938  0.000000  0.124031 
 0.038168  0.877863  0.083969  0.000000 
 0.000000  0.936000  0.048000  0.016000 
 0.005714  0.000000  0.994286  0.000000 
 0.000000  0.000000  0.971910  0.028090 
 0.991525  0.000000  0.000000  0.008475 
 0.937008  0.000000  0.007874  0.055118 
 0.056497  0.000000  0.943503  0.000000 
 0.019355  0.032258  0.051613  0.896774 
 0.331034  0.075862  0.558621  0.034483 

