MEME version 4

ALPHABET= ACGT

strands: + -

Background letter frequencies
A 0.250000 C 0.250000 G 0.250000 T 0.250000

MOTIF M02993_2.00 FLI1 
letter-probability matrix: alength= 4 w= 14 nsites= 100 E= 0
 0.694564  0.070485  0.141142  0.093809 
 0.124682  0.736096  0.114686  0.024537 
 0.126634  0.867795  0.005142  0.000429 
 0.000000  0.000000  1.000000  0.000000 
 0.000493  0.000740  0.998767  0.000000 
 0.998767  0.000986  0.000247  0.000000 
 0.454148  0.113373  0.000219  0.432261 
 0.768501  0.000000  0.131689  0.099810 
 0.000492  0.002951  0.000492  0.996065 
 0.006283  0.978734  0.012566  0.002417 
 0.003923  0.992890  0.002206  0.000981 
 0.000996  0.012946  0.806612  0.179446 
 0.061576  0.223692  0.575939  0.138794 
 0.214374  0.323784  0.136577  0.325265 

