MEME version 4

ALPHABET= ACGT

strands: + -

Background letter frequencies
A 0.250000 C 0.250000 G 0.250000 T 0.250000

MOTIF M02978_2.00 SPDEF 
letter-probability matrix: alength= 4 w= 16 nsites= 100 E= 0
 0.211316  0.143163  0.609944  0.035577 
 0.052079  0.849011  0.073880  0.025030 
 0.876301  0.073259  0.034428  0.016013 
 0.028430  0.014833  0.938607  0.018129 
 0.355060  0.103345  0.228130  0.313465 
 0.995725  0.003420  0.000000  0.000855 
 0.980219  0.005892  0.013889  0.000000 
 0.237268  0.014956  0.742926  0.004850 
 0.843592  0.003794  0.140388  0.012226 
 0.535745  0.432340  0.006383  0.025532 
 0.000000  0.034739  0.965261  0.000000 
 0.002032  0.000000  0.091020  0.906948 
 0.951429  0.000000  0.006939  0.041633 
 0.689433  0.000000  0.000000  0.310567 
 0.369384  0.458819  0.001664  0.170133 
 0.602613  0.368732  0.006321  0.022335 

