MEME version 4

ALPHABET= ACGT

strands: + -

Background letter frequencies
A 0.250000 C 0.250000 G 0.250000 T 0.250000

MOTIF M02924_2.00 ZSCAN16 
letter-probability matrix: alength= 4 w= 18 nsites= 100 E= 0
 0.615385  0.138462  0.123077  0.123077 
 0.217391  0.057971  0.579710  0.144928 
 0.000000  0.048387  0.000000  0.951613 
 0.000000  0.000000  1.000000  0.000000 
 0.000000  0.000000  0.000000  1.000000 
 0.000000  0.000000  0.000000  1.000000 
 0.781250  0.000000  0.171875  0.046875 
 0.937500  0.000000  0.000000  0.062500 
 0.000000  1.000000  0.000000  0.000000 
 0.753623  0.014493  0.000000  0.231884 
 0.017544  0.000000  0.982456  0.000000 
 1.000000  0.000000  0.000000  0.000000 
 0.796610  0.000000  0.203390  0.000000 
 0.000000  1.000000  0.000000  0.000000 
 0.951613  0.048387  0.000000  0.000000 
 0.000000  0.983333  0.000000  0.016667 
 0.000000  0.881356  0.033898  0.084746 
 0.016949  0.237288  0.067797  0.677966 

