MEME version 4

ALPHABET= ACGT

strands: + -

Background letter frequencies
A 0.250000 C 0.250000 G 0.250000 T 0.250000

MOTIF M02913_2.00 ZNF713 
letter-probability matrix: alength= 4 w= 17 nsites= 100 E= 0
 0.000340  0.000227  0.000397  0.999037 
 0.000397  0.000340  0.000000  0.999263 
 0.001349  0.991510  0.003261  0.003879 
 0.000057  0.001531  0.995237  0.003175 
 0.000057  0.000623  0.000793  0.998527 
 0.008424  0.000678  0.988976  0.001922 
 0.000113  0.000340  0.996146  0.003400 
 0.001020  0.996488  0.001756  0.000736 
 0.729469  0.000582  0.001996  0.267953 
 0.000398  0.001990  0.247254  0.750358 
 0.001410  0.000508  0.003271  0.994812 
 0.001185  0.386469  0.004345  0.608001 
 0.018622  0.034425  0.228231  0.718721 
 0.000283  0.000000  0.001076  0.998641 
 0.000328  0.960539  0.002080  0.037053 
 0.016856  0.001071  0.014150  0.967924 
 0.709146  0.004004  0.008627  0.278223 

