MEME version 4

ALPHABET= ACGT

strands: + -

Background letter frequencies
A 0.250000 C 0.250000 G 0.250000 T 0.250000

MOTIF M03042_2.00 FOXD2 
letter-probability matrix: alength= 4 w= 14 nsites= 100 E= 0
 0.352201  0.150314  0.179874  0.317610 
 0.393060  0.076223  0.511377  0.019340 
 0.134047  0.141598  0.040277  0.684078 
 0.594837  0.297419  0.000000  0.107744 
 0.914796  0.039724  0.008636  0.036845 
 0.951497  0.009581  0.000000  0.038922 
 0.000000  0.262264  0.000000  0.737736 
 0.683718  0.000000  0.307548  0.008734 
 0.095106  0.007230  0.013904  0.883760 
 0.053819  0.009838  0.016782  0.919560 
 0.453172  0.008459  0.031420  0.506949 
 0.359119  0.030818  0.228931  0.381132 
 0.014827  0.366831  0.112576  0.505766 
 0.244025  0.160377  0.198742  0.396855 

