MEME version 4

ALPHABET= ACGT

strands: + -

Background letter frequencies
A 0.250000 C 0.250000 G 0.250000 T 0.250000

MOTIF M03044_2.00 FOXD3 
letter-probability matrix: alength= 4 w= 14 nsites= 100 E= 0
 0.363023  0.149142  0.132145  0.355691 
 0.286254  0.083768  0.600659  0.029319 
 0.118021  0.164811  0.023917  0.693251 
 0.569976  0.366280  0.012749  0.050996 
 0.947880  0.020771  0.014902  0.016447 
 0.948261  0.026216  0.006246  0.019277 
 0.002036  0.286817  0.012470  0.698677 
 0.663727  0.009345  0.326927  0.000000 
 0.044282  0.013598  0.021095  0.921025 
 0.027374  0.022676  0.010209  0.939742 
 0.568213  0.010216  0.031462  0.390109 
 0.377689  0.018540  0.240241  0.363530 
 0.020509  0.471055  0.143636  0.364800 
 0.301729  0.190370  0.154133  0.353769 

