MEME version 4

ALPHABET= ACGT

strands: + -

Background letter frequencies
A 0.250000 C 0.250000 G 0.250000 T 0.250000

MOTIF M03085_2.00 HOXA9 
letter-probability matrix: alength= 4 w= 12 nsites= 100 E= 0
 0.314617  0.212344  0.204100  0.268939 
 0.299844  0.160392  0.232346  0.307418 
 0.204436  0.093161  0.149353  0.553050 
 0.050031  0.005126  0.024605  0.920238 
 0.020942  0.000000  0.000000  0.979058 
 0.281015  0.004415  0.005077  0.709492 
 0.991385  0.000000  0.000000  0.008615 
 0.005512  0.588976  0.000919  0.404593 
 0.031953  0.000789  0.885207  0.082051 
 0.890123  0.007140  0.067830  0.034907 
 0.005412  0.564884  0.142228  0.287476 
 0.193002  0.333853  0.177179  0.295966 

