MEME version 4

ALPHABET= ACGT

strands: + -

Background letter frequencies
A 0.250000 C 0.250000 G 0.250000 T 0.250000

MOTIF M03028_2.00 FOXB1 
letter-probability matrix: alength= 4 w= 14 nsites= 100 E= 0
 0.132163  0.081331  0.650647  0.135860 
 0.761035  0.080670  0.095890  0.062405 
 0.917688  0.007005  0.031524  0.043783 
 0.000000  0.016169  0.006219  0.977612 
 0.030440  0.000000  0.957159  0.012401 
 0.951786  0.021429  0.017857  0.008929 
 0.021851  0.876607  0.000000  0.101542 
 0.971223  0.003597  0.025180  0.000000 
 0.005755  0.971223  0.015827  0.007194 
 0.507983  0.068215  0.374456  0.049347 
 0.107561  0.019169  0.842386  0.030884 
 0.121495  0.704439  0.106308  0.067757 
 0.099718  0.057385  0.663217  0.179680 
 0.565217  0.198068  0.140097  0.096618 

