MEME version 4

ALPHABET= ACGT

strands: + -

Background letter frequencies
A 0.250000 C 0.250000 G 0.250000 T 0.250000

MOTIF M03035_2.00 FOXL1 
letter-probability matrix: alength= 4 w= 13 nsites= 100 E= 0
 0.272199  0.142188  0.143874  0.441738 
 0.298190  0.046464  0.521739  0.133607 
 0.129027  0.050368  0.024203  0.796402 
 0.766376  0.140223  0.011160  0.082242 
 0.833549  0.056951  0.038312  0.071188 
 0.909650  0.002797  0.074965  0.012587 
 0.003768  0.419988  0.000198  0.576046 
 0.984061  0.007084  0.002952  0.005903 
 0.939140  0.011167  0.013959  0.035734 
 0.849468  0.012924  0.042321  0.095286 
 0.038979  0.659675  0.039329  0.262017 
 0.828822  0.055596  0.057547  0.058035 
 0.434024  0.178504  0.154544  0.232928 

