MEME version 4

ALPHABET= ACGT

strands: + -

Background letter frequencies
A 0.250000 C 0.250000 G 0.250000 T 0.250000

MOTIF M03144_2.00 BARX1 
letter-probability matrix: alength= 4 w= 17 nsites= 100 E= 0
 0.075992  0.017425  0.006292  0.900290 
 0.953182  0.002273  0.033636  0.010909 
 0.996207  0.000000  0.001897  0.001897 
 0.084658  0.075914  0.157393  0.682035 
 0.032918  0.456406  0.231317  0.279359 
 0.098786  0.087323  0.716116  0.097775 
 0.182870  0.258796  0.286574  0.271759 
 0.174481  0.114143  0.072636  0.638739 
 0.494969  0.048874  0.032103  0.424054 
 0.220085  0.063486  0.074644  0.641785 
 0.173406  0.061692  0.047937  0.716965 
 0.036674  0.008264  0.004132  0.950930 
 0.964811  0.002673  0.029399  0.003118 
 0.990991  0.001802  0.004054  0.003153 
 0.056540  0.099156  0.128692  0.715612 
 0.086271  0.250464  0.322820  0.340445 
 0.225253  0.075084  0.570947  0.128716 

