MEME version 4

ALPHABET= ACGT

strands: + -

Background letter frequencies
A 0.250000 C 0.250000 G 0.250000 T 0.250000

MOTIF M03188_2.00 HESX1 
letter-probability matrix: alength= 4 w= 15 nsites= 100 E= 0
 0.186131  0.344526  0.133577  0.335766 
 0.016129  0.021505  0.008449  0.953917 
 0.954875  0.000806  0.014504  0.029815 
 0.991568  0.000843  0.005059  0.002530 
 0.008621  0.003135  0.010972  0.977273 
 0.017107  0.013219  0.017107  0.952566 
 0.290859  0.001385  0.702216  0.005540 
 0.112903  0.000000  0.807072  0.080025 
 0.010316  0.599725  0.010316  0.379642 
 0.898383  0.035412  0.025404  0.040801 
 0.928793  0.030960  0.023994  0.016254 
 0.015674  0.021160  0.005486  0.957680 
 0.064302  0.030303  0.005174  0.900222 
 0.953376  0.001608  0.019293  0.025723 
 0.363146  0.076330  0.320740  0.239784 

