MEME version 4

ALPHABET= ACGT

strands: + -

Background letter frequencies
A 0.250000 C 0.250000 G 0.250000 T 0.250000

MOTIF M03152_2.00 EMX1 
letter-probability matrix: alength= 4 w= 14 nsites= 100 E= 0
 0.072350  0.268648  0.035334  0.623668 
 0.533787  0.299633  0.060241  0.106338 
 0.875619  0.041827  0.024216  0.058338 
 0.004893  0.014067  0.007951  0.973089 
 0.024547  0.037989  0.007598  0.929866 
 0.854458  0.017723  0.024705  0.103115 
 0.279494  0.115443  0.526076  0.078987 
 0.052446  0.435199  0.145234  0.367121 
 0.066059  0.019362  0.008542  0.906036 
 0.883889  0.016667  0.050556  0.048889 
 0.954982  0.013806  0.024010  0.007203 
 0.039182  0.015900  0.041454  0.903464 
 0.073932  0.054765  0.257941  0.613363 
 0.516926  0.045137  0.337990  0.099946 

