MEME version 4

ALPHABET= ACGT

strands: + -

Background letter frequencies
A 0.250000 C 0.250000 G 0.250000 T 0.250000

MOTIF M03199_2.00 DRGX 
letter-probability matrix: alength= 4 w= 13 nsites= 100 E= 0
 0.223717  0.230900  0.237299  0.308084 
 0.088391  0.037946  0.011373  0.862290 
 0.829326  0.007039  0.074399  0.089235 
 0.997655  0.000651  0.001433  0.000261 
 0.016734  0.012551  0.028424  0.942291 
 0.045455  0.058251  0.112305  0.783989 
 0.396187  0.149125  0.238705  0.215983 
 0.416907  0.081187  0.467606  0.034300 
 0.749352  0.016537  0.195853  0.038257 
 0.001040  0.002080  0.001430  0.995450 
 0.057752  0.055575  0.009167  0.877507 
 0.786162  0.009753  0.064162  0.139924 
 0.255778  0.179788  0.306437  0.257997 

