MEME version 4

ALPHABET= ACGT

strands: + -

Background letter frequencies
A 0.250000 C 0.250000 G 0.250000 T 0.250000

MOTIF M03240_2.00 POU5F1B 
letter-probability matrix: alength= 4 w= 12 nsites= 100 E= 0
 0.402540  0.077325  0.055580  0.464556 
 0.093085  0.028933  0.019633  0.858348 
 0.173909  0.030464  0.738084  0.057543 
 0.399712  0.558385  0.011725  0.030178 
 0.841750  0.017902  0.024996  0.115352 
 0.047488  0.003981  0.003697  0.944834 
 0.903471  0.006617  0.013414  0.076498 
 0.075710  0.026353  0.019390  0.878548 
 0.020634  0.013756  0.368885  0.596726 
 0.048882  0.718721  0.030031  0.202366 
 0.771636  0.028333  0.042886  0.157145 
 0.284762  0.056277  0.080693  0.578268 

