MEME version 4

ALPHABET= ACGT

strands: + -

Background letter frequencies
A 0.250000 C 0.250000 G 0.250000 T 0.250000

MOTIF M03202_2.00 GBX2 
letter-probability matrix: alength= 4 w= 14 nsites= 100 E= 0
 0.045866  0.063143  0.004731  0.886261 
 0.782646  0.020123  0.019695  0.177537 
 0.903407  0.018912  0.055486  0.022194 
 0.054276  0.081057  0.106767  0.757900 
 0.076980  0.074033  0.083978  0.765009 
 0.218961  0.040138  0.710948  0.029954 
 0.200615  0.259715  0.476522  0.063148 
 0.060512  0.473202  0.225104  0.241183 
 0.017433  0.774334  0.018079  0.190153 
 0.797075  0.089833  0.036630  0.076462 
 0.773416  0.113556  0.058359  0.054670 
 0.021966  0.056764  0.019574  0.901696 
 0.286709  0.037882  0.017808  0.657601 
 0.869666  0.005700  0.089971  0.034663 

