MEME version 4

ALPHABET= ACGT

strands: + -

Background letter frequencies
A 0.250000 C 0.250000 G 0.250000 T 0.250000

MOTIF M03320_2.00 POU3F3 
letter-probability matrix: alength= 4 w= 12 nsites= 100 E= 0
 0.515542  0.093252  0.053071  0.338135 
 0.175016  0.081167  0.029803  0.714014 
 0.125597  0.033447  0.768601  0.072355 
 0.377261  0.592593  0.003445  0.026701 
 0.900080  0.052758  0.022382  0.024780 
 0.016450  0.004329  0.004329  0.974892 
 0.788515  0.018908  0.041317  0.151261 
 0.712658  0.060127  0.024684  0.202532 
 0.461293  0.067039  0.034318  0.437350 
 0.091340  0.041272  0.105548  0.761840 
 0.278222  0.134222  0.047111  0.540444 
 0.655032  0.083188  0.105876  0.155905 

