MEME version 4

ALPHABET= ACGT

strands: + -

Background letter frequencies
A 0.250000 C 0.250000 G 0.250000 T 0.250000

MOTIF M03373_2.00 RARA 
letter-probability matrix: alength= 4 w= 18 nsites= 100 E= 0
 0.592041  0.134001  0.086898  0.187060 
 0.533474  0.142039  0.313028  0.011460 
 0.608214  0.008214  0.383214  0.000357 
 0.000000  0.000469  0.998124  0.001407 
 0.000471  0.000000  0.984934  0.014595 
 0.000000  0.010056  0.005229  0.984714 
 0.001819  0.993503  0.001559  0.003119 
 0.992682  0.001591  0.005727  0.000000 
 0.315448  0.227584  0.041412  0.415556 
 0.090205  0.289973  0.553233  0.066589 
 0.153494  0.264605  0.124857  0.457045 
 0.311964  0.023476  0.635666  0.028894 
 0.728704  0.017538  0.253758  0.000000 
 0.000479  0.000479  0.998084  0.000958 
 0.000467  0.000934  0.972923  0.025677 
 0.005238  0.004029  0.018936  0.971797 
 0.000520  0.994800  0.000520  0.004160 
 0.974259  0.002281  0.023460  0.000000 

