MEME version 4

ALPHABET= ACGT

strands: + -

Background letter frequencies
A 0.250000 C 0.250000 G 0.250000 T 0.250000

MOTIF M03326_2.00 HSFY2 
letter-probability matrix: alength= 4 w= 15 nsites= 100 E= 0
 0.231818  0.090909  0.072727  0.604545 
 0.167630  0.020231  0.043353  0.768786 
 0.125000  0.791667  0.077381  0.005952 
 0.002924  0.073099  0.777778  0.146199 
 0.901695  0.061017  0.006780  0.030508 
 0.705570  0.045093  0.029178  0.220159 
 0.345865  0.300752  0.131579  0.221805 
 0.264151  0.400000  0.233962  0.101887 
 0.400000  0.120755  0.422642  0.056604 
 0.276786  0.071429  0.058036  0.593750 
 0.059406  0.046205  0.016502  0.877888 
 0.132716  0.820988  0.043210  0.003086 
 0.000000  0.149215  0.696335  0.154450 
 0.839117  0.078864  0.025237  0.056782 
 0.634845  0.085919  0.069212  0.210024 

