MEME version 4

ALPHABET= ACGT

strands: + -

Background letter frequencies
A 0.250000 C 0.250000 G 0.250000 T 0.250000

MOTIF M03300_2.00 POU1F1 
letter-probability matrix: alength= 4 w= 17 nsites= 100 E= 0
 0.203901  0.348674  0.233618  0.213807 
 0.198397  0.179327  0.200160  0.422115 
 0.159022  0.417181  0.148929  0.274868 
 0.659388  0.070495  0.104327  0.165791 
 0.023112  0.061480  0.024471  0.890937 
 0.067433  0.030400  0.858169  0.043997 
 0.452059  0.493086  0.022185  0.032670 
 0.865880  0.063945  0.030497  0.039679 
 0.009326  0.012762  0.010635  0.967277 
 0.743312  0.050904  0.080405  0.125380 
 0.537520  0.111279  0.075740  0.275460 
 0.141659  0.100307  0.125000  0.633034 
 0.105263  0.160173  0.118022  0.616541 
 0.551071  0.174571  0.123556  0.150802 
 0.691732  0.083879  0.118205  0.106184 
 0.129053  0.182878  0.150032  0.538038 
 0.134529  0.175785  0.420478  0.269208 

