MEME version 4

ALPHABET= ACGT

strands: + -

Background letter frequencies
A 0.250000 C 0.250000 G 0.250000 T 0.250000

MOTIF M03338_2.00 IRF7 
letter-probability matrix: alength= 4 w= 17 nsites= 100 E= 0
 0.481363  0.118902  0.319336  0.080400 
 0.811669  0.011382  0.068962  0.107987 
 0.749051  0.086768  0.039191  0.124989 
 0.334315  0.236507  0.170163  0.259015 
 0.105860  0.781832  0.074443  0.037866 
 0.047934  0.000336  0.950386  0.001344 
 0.997063  0.000117  0.002702  0.000117 
 0.990198  0.000467  0.000350  0.008985 
 0.994259  0.000234  0.000351  0.005155 
 0.553164  0.089838  0.001499  0.355498 
 0.001950  0.018578  0.006307  0.973165 
 0.010172  0.959087  0.001017  0.029724 
 0.064658  0.067709  0.809270  0.058364 
 0.311454  0.210346  0.218006  0.260193 
 0.118115  0.045853  0.068554  0.767478 
 0.118245  0.076034  0.015002  0.790719 
 0.112821  0.315513  0.104987  0.466679 

