MEME version 4

ALPHABET= ACGT

strands: + -

Background letter frequencies
A 0.250000 C 0.250000 G 0.250000 T 0.250000

MOTIF M03330_2.00 HSF1 
letter-probability matrix: alength= 4 w= 13 nsites= 100 E= 0
 0.002730  0.002048  0.993174  0.002048 
 0.991820  0.002727  0.001363  0.004090 
 0.979798  0.000000  0.003367  0.016835 
 0.125773  0.406873  0.130584  0.336770 
 0.353466  0.109128  0.489362  0.048044 
 0.018121  0.002685  0.002685  0.976510 
 0.004755  0.001359  0.005435  0.988451 
 0.000000  1.000000  0.000000  0.000000 
 0.001324  0.169462  0.187114  0.642101 
 0.706997  0.115646  0.175413  0.001944 
 0.003383  0.006089  0.984438  0.006089 
 0.978480  0.011432  0.002690  0.007397 
 0.931498  0.016005  0.011524  0.040973 

