MEME version 4

ALPHABET= ACGT

strands: + -

Background letter frequencies
A 0.250000 C 0.250000 G 0.250000 T 0.250000

MOTIF M03357_2.00 HNF4A 
letter-probability matrix: alength= 4 w= 16 nsites= 100 E= 0
 0.299006  0.000000  0.663352  0.037642 
 0.470458  0.047267  0.150665  0.331610 
 0.130820  0.101441  0.016630  0.751109 
 0.030000  0.000000  0.967857  0.002143 
 0.191980  0.086216  0.679198  0.042607 
 0.998526  0.001474  0.000000  0.000000 
 0.000000  1.000000  0.000000  0.000000 
 0.000000  0.035587  0.000000  0.964413 
 0.011552  0.010108  0.000000  0.978339 
 0.004277  0.029936  0.000000  0.965788 
 0.063503  0.004011  0.905749  0.026738 
 0.079981  0.186623  0.633770  0.099626 
 0.982596  0.013053  0.001450  0.002901 
 0.049689  0.935128  0.001380  0.013803 
 0.011356  0.427253  0.027679  0.533712 
 0.080443  0.414760  0.308487  0.196310 

