MEME version 4

ALPHABET= ACGT

strands: + -

Background letter frequencies
A 0.250000 C 0.250000 G 0.250000 T 0.250000

MOTIF M03407_2.00 NR2C2 
letter-probability matrix: alength= 4 w= 14 nsites= 100 E= 0
 0.305827  0.165272  0.418616  0.110285 
 0.494030  0.018833  0.481118  0.006019 
 0.013939  0.003547  0.944325  0.038189 
 0.013020  0.004059  0.806847  0.176074 
 0.005496  0.021404  0.070767  0.902333 
 0.006918  0.788051  0.060104  0.144926 
 0.958498  0.000591  0.039925  0.000986 
 0.775775  0.016997  0.118122  0.089106 
 0.874681  0.000364  0.124317  0.000638 
 0.004346  0.000084  0.987548  0.008023 
 0.004009  0.000594  0.805628  0.189769 
 0.001104  0.014253  0.081401  0.903242 
 0.013409  0.784237  0.049929  0.152425 
 0.823176  0.012685  0.155138  0.009000 

