MEME version 4

ALPHABET= ACGT

strands: + -

Background letter frequencies
A 0.250000 C 0.250000 G 0.250000 T 0.250000

MOTIF M03448_2.00 NFKB1 
letter-probability matrix: alength= 4 w= 13 nsites= 100 E= 0
 0.615153  0.219426  0.084742  0.080679 
 0.000828  0.000207  0.998343  0.000621 
 0.000208  0.000104  0.999271  0.000417 
 0.000299  0.000100  0.950085  0.049517 
 0.013368  0.000411  0.984473  0.001748 
 0.908413  0.007332  0.082865  0.001391 
 0.488802  0.002319  0.001305  0.507574 
 0.002091  0.063574  0.004801  0.929534 
 0.001369  0.986864  0.000152  0.011614 
 0.016317  0.983478  0.000000  0.000205 
 0.000104  0.999739  0.000156  0.000000 
 0.000262  0.999266  0.000000  0.000472 
 0.066710  0.080737  0.164166  0.688387 

