MEME version 4

ALPHABET= ACGT

strands: + -

Background letter frequencies
A 0.250000 C 0.250000 G 0.250000 T 0.250000

MOTIF M03498_2.00 SOX21 
letter-probability matrix: alength= 4 w= 16 nsites= 100 E= 0
 0.966268  0.002176  0.010881  0.020675 
 0.829132  0.012138  0.137255  0.021475 
 0.004454  0.988864  0.005568  0.001114 
 0.997753  0.000000  0.001124  0.001124 
 0.998875  0.000000  0.001125  0.000000 
 0.000000  0.001125  0.000000  0.998875 
 0.313836  0.046119  0.496063  0.143982 
 0.119369  0.030405  0.385135  0.465090 
 0.200225  0.094488  0.462317  0.242970 
 0.051860  0.524239  0.025930  0.397971 
 0.994401  0.001120  0.004479  0.000000 
 0.000000  0.003367  0.691358  0.305275 
 0.004479  0.001120  0.000000  0.994401 
 0.000000  0.002247  0.997753  0.000000 
 0.006615  0.003308  0.011025  0.979052 
 0.023553  0.068695  0.036310  0.871443 

