MEME version 4

ALPHABET= ACGT

strands: + -

Background letter frequencies
A 0.250000 C 0.250000 G 0.250000 T 0.250000

MOTIF M03570_2.00 TBX1 
letter-probability matrix: alength= 4 w= 20 nsites= 100 E= 0
 0.703919  0.002384  0.101389  0.192308 
 0.162995  0.103734  0.637605  0.095667 
 0.001184  0.000526  0.994870  0.003420 
 0.001172  0.014719  0.008337  0.975772 
 0.000922  0.001449  0.995652  0.001976 
 0.007291  0.052043  0.004651  0.936015 
 0.003271  0.031702  0.717449  0.247578 
 0.998420  0.000922  0.000658  0.000000 
 0.839614  0.003447  0.107192  0.049747 
 0.748745  0.036506  0.098013  0.116736 
 0.608814  0.065279  0.080747  0.245160 
 0.610726  0.140916  0.093224  0.155134 
 0.931339  0.000379  0.038117  0.030165 
 0.187613  0.086693  0.602580  0.123115 
 0.001053  0.001580  0.990915  0.006452 
 0.048359  0.051320  0.003824  0.896496 
 0.000659  0.000000  0.999341  0.000000 
 0.042840  0.036286  0.002184  0.918689 
 0.005748  0.018416  0.803172  0.172663 
 0.991481  0.003408  0.004194  0.000917 

