MEME version 4

ALPHABET= ACGT

strands: + -

Background letter frequencies
A 0.250000 C 0.250000 G 0.250000 T 0.250000

MOTIF M03567_2.00 TBX20 
letter-probability matrix: alength= 4 w= 15 nsites= 100 E= 0
 0.217019  0.158711  0.471397  0.152873 
 0.345073  0.214628  0.222604  0.217695 
 0.398556  0.185135  0.205131  0.211178 
 0.490244  0.085532  0.221745  0.202479 
 0.875860  0.007416  0.077494  0.039230 
 0.118676  0.046025  0.774914  0.060384 
 0.000000  0.004250  0.989557  0.006193 
 0.002745  0.053191  0.011897  0.932167 
 0.000978  0.000000  0.995967  0.003055 
 0.028673  0.060902  0.004779  0.905646 
 0.018634  0.092995  0.702985  0.185386 
 0.991845  0.001095  0.002556  0.004503 
 0.720859  0.081472  0.048466  0.149202 
 0.332197  0.303314  0.228220  0.136269 
 0.140649  0.118075  0.376416  0.364861 

