MEME version 4

ALPHABET= ACGT

strands: + -

Background letter frequencies
A 0.250000 C 0.250000 G 0.250000 T 0.250000

MOTIF M03509_2.00 SOX15 
letter-probability matrix: alength= 4 w= 15 nsites= 100 E= 0
 0.739496  0.235294  0.000000  0.025210 
 0.000000  0.032967  0.000000  0.967033 
 0.000000  1.000000  0.000000  0.000000 
 1.000000  0.000000  0.000000  0.000000 
 0.967033  0.032967  0.000000  0.000000 
 0.000000  0.000000  0.000000  1.000000 
 0.946237  0.000000  0.000000  0.053763 
 0.671756  0.282443  0.000000  0.045802 
 0.000000  1.000000  0.000000  0.000000 
 1.000000  0.000000  0.000000  0.000000 
 0.000000  0.000000  0.000000  1.000000 
 0.000000  0.000000  0.000000  1.000000 
 0.000000  0.000000  1.000000  0.000000 
 1.000000  0.000000  0.000000  0.000000 
 0.049505  0.079208  0.000000  0.871287 

