MEME version 4

ALPHABET= ACGT

strands: + -

Background letter frequencies
A 0.250000 C 0.250000 G 0.250000 T 0.250000

MOTIF M03551_2.00 TBX21 
letter-probability matrix: alength= 4 w= 19 nsites= 100 E= 0
 0.001862  0.023277  0.000000  0.974860 
 0.143619  0.654461  0.190899  0.011020 
 0.990720  0.002209  0.005303  0.001768 
 0.000391  0.998437  0.000000  0.001172 
 0.994548  0.000454  0.004089  0.000909 
 0.008579  0.969787  0.020142  0.001492 
 0.055163  0.744030  0.013118  0.187689 
 0.224898  0.079376  0.012890  0.682836 
 0.432990  0.205081  0.169367  0.192563 
 0.581368  0.232311  0.095912  0.090409 
 0.629895  0.037651  0.225151  0.107304 
 0.887799  0.000000  0.070819  0.041382 
 0.032614  0.020384  0.936691  0.010312 
 0.000769  0.001282  0.997435  0.000513 
 0.001646  0.097531  0.006996  0.893827 
 0.001771  0.003099  0.994024  0.001107 
 0.009778  0.008593  0.000889  0.980741 
 0.004061  0.006928  0.897277  0.091734 
 0.983442  0.003512  0.013046  0.000000 

