MEME version 4

ALPHABET= ACGT

strands: + -

Background letter frequencies
A 0.250000 C 0.250000 G 0.250000 T 0.250000

MOTIF M03506_2.00 SOX9 
letter-probability matrix: alength= 4 w= 17 nsites= 100 E= 0
 0.481712  0.157198  0.132685  0.228405 
 0.999222  0.000778  0.000000  0.000000 
 0.001166  0.000389  0.000000  0.998446 
 0.000000  1.000000  0.000000  0.000000 
 1.000000  0.000000  0.000000  0.000000 
 0.999222  0.000000  0.000778  0.000000 
 0.000000  0.000000  0.000000  1.000000 
 0.000000  0.000000  0.310895  0.689105 
 0.106615  0.087549  0.401556  0.404280 
 0.000000  0.709339  0.000000  0.290661 
 0.997671  0.000776  0.001553  0.000000 
 0.000000  0.000000  0.987322  0.012678 
 0.000000  0.000000  0.001554  0.998446 
 0.000000  0.000000  1.000000  0.000000 
 1.000000  0.000000  0.000000  0.000000 
 0.008458  0.000769  0.002691  0.988082 
 0.280934  0.125681  0.163424  0.429961 

