MEME version 4

ALPHABET= ACGT

strands: + -

Background letter frequencies
A 0.250000 C 0.250000 G 0.250000 T 0.250000

MOTIF M03571_2.00 TBX1 
letter-probability matrix: alength= 4 w= 19 nsites= 100 E= 0
 0.963216  0.003581  0.030273  0.002930 
 0.118983  0.022555  0.854223  0.004239 
 0.000327  0.003108  0.995911  0.000654 
 0.000000  0.004543  0.003332  0.992125 
 0.000797  0.000956  0.997929  0.000319 
 0.015064  0.042605  0.004565  0.937766 
 0.002261  0.023662  0.944989  0.029088 
 0.997149  0.002167  0.000114  0.000570 
 0.684136  0.018555  0.004991  0.292318 
 0.650844  0.005792  0.002896  0.340468 
 0.075712  0.004421  0.075988  0.843880 
 0.000000  0.001859  0.000155  0.997986 
 0.007091  0.982752  0.004983  0.005174 
 0.969557  0.005625  0.020296  0.004522 
 0.000000  0.999709  0.000097  0.000194 
 0.973462  0.018543  0.005552  0.002443 
 0.000829  0.998239  0.000414  0.000518 
 0.008628  0.919504  0.004497  0.067370 
 0.026068  0.022386  0.003093  0.948454 

