MEME version 4

ALPHABET= ACGT

strands: + -

Background letter frequencies
A 0.250000 C 0.250000 G 0.250000 T 0.250000

MOTIF M03520_2.00 SOX2 
letter-probability matrix: alength= 4 w= 15 nsites= 100 E= 0
 0.486921  0.203189  0.212437  0.097453 
 0.015978  0.002697  0.004517  0.976808 
 0.007465  0.000205  0.992329  0.000000 
 0.999379  0.000207  0.000138  0.000276 
 0.994714  0.004462  0.000755  0.000069 
 0.000069  0.000276  0.000000  0.999655 
 0.077714  0.000138  0.790531  0.131617 
 0.133007  0.114854  0.328272  0.423868 
 0.030023  0.305956  0.003106  0.660915 
 0.999035  0.000552  0.000276  0.000138 
 0.000397  0.000567  0.178223  0.820814 
 0.000276  0.000345  0.000000  0.999379 
 0.000000  0.999517  0.000000  0.000483 
 0.993282  0.001645  0.001782  0.003291 
 0.170129  0.165160  0.279660  0.385051 

