MEME version 4

ALPHABET= ACGT

strands: + -

Background letter frequencies
A 0.250000 C 0.250000 G 0.250000 T 0.250000

MOTIF M03531_2.00 SOX18 
letter-probability matrix: alength= 4 w= 15 nsites= 100 E= 0
 0.976517  0.000000  0.000000  0.023483 
 0.015779  0.000000  0.000000  0.984221 
 0.031068  0.000000  0.968932  0.000000 
 1.000000  0.000000  0.000000  0.000000 
 0.968932  0.015534  0.015534  0.000000 
 0.000000  0.000000  0.000000  1.000000 
 0.260398  0.000000  0.097649  0.641953 
 0.069193  0.477759  0.108731  0.344316 
 0.000000  0.976517  0.000000  0.023483 
 1.000000  0.000000  0.000000  0.000000 
 0.000000  0.000000  0.086081  0.913919 
 0.000000  0.000000  0.000000  1.000000 
 0.000000  1.000000  0.000000  0.000000 
 0.984221  0.000000  0.015779  0.000000 
 0.051331  0.000000  0.000000  0.948669 

