MEME version 4

ALPHABET= ACGT

strands: + -

Background letter frequencies
A 0.250000 C 0.250000 G 0.250000 T 0.250000

MOTIF M03504_2.00 SOX9 
letter-probability matrix: alength= 4 w= 16 nsites= 100 E= 0
 0.996403  0.000000  0.003597  0.000000 
 0.000000  0.000000  0.000000  1.000000 
 0.000000  0.007168  0.992832  0.000000 
 1.000000  0.000000  0.000000  0.000000 
 1.000000  0.000000  0.000000  0.000000 
 0.000000  0.000000  0.000000  1.000000 
 0.285714  0.012048  0.667814  0.034423 
 0.007168  0.000000  0.000000  0.992832 
 0.083072  0.048589  0.515674  0.352665 
 0.003597  0.996403  0.000000  0.000000 
 0.992832  0.000000  0.003584  0.003584 
 0.000000  0.000000  0.996403  0.003597 
 0.000000  0.000000  0.000000  1.000000 
 0.000000  1.000000  0.000000  0.000000 
 1.000000  0.000000  0.000000  0.000000 
 0.008945  0.000000  0.000000  0.991055 

