MEME version 4

ALPHABET= ACGT

strands: + -

Background letter frequencies
A 0.250000 C 0.250000 G 0.250000 T 0.250000

MOTIF M03510_2.00 SOX15 
letter-probability matrix: alength= 4 w= 15 nsites= 100 E= 0
 0.908257  0.068152  0.007864  0.015727 
 0.000000  0.000000  0.000000  1.000000 
 0.000000  0.000000  1.000000  0.000000 
 1.000000  0.000000  0.000000  0.000000 
 0.961165  0.030513  0.008322  0.000000 
 0.000000  0.000000  0.000000  1.000000 
 0.958506  0.000000  0.030429  0.011065 
 0.741176  0.101604  0.054545  0.102674 
 0.000000  1.000000  0.000000  0.000000 
 1.000000  0.000000  0.000000  0.000000 
 0.000000  0.000000  0.000000  1.000000 
 0.000000  0.000000  0.000000  1.000000 
 0.000000  0.990000  0.000000  0.010000 
 0.997122  0.000000  0.000000  0.002878 
 0.000000  0.014104  0.008463  0.977433 

