MEME version 4

ALPHABET= ACGT

strands: + -

Background letter frequencies
A 0.250000 C 0.250000 G 0.250000 T 0.250000

MOTIF M03886_2.00 PAX3 
letter-probability matrix: alength= 4 w= 13 nsites= 100 E= 0
 0.495585  0.083455  0.395245  0.025716 
 0.987051  0.002513  0.005798  0.004639 
 0.000000  0.001758  0.000586  0.997656 
 0.000388  0.007175  0.002133  0.990304 
 0.638934  0.275866  0.062054  0.023145 
 0.001169  0.000000  0.994741  0.004090 
 0.020190  0.006286  0.000762  0.972762 
 0.006950  0.865740  0.000678  0.126632 
 0.991458  0.003106  0.002524  0.002912 
 0.000528  0.898487  0.000000  0.100985 
 0.037977  0.001880  0.960143  0.000000 
 0.000000  0.353597  0.644644  0.001759 
 0.132502  0.095378  0.022744  0.749376 

