MEME version 4

ALPHABET= ACGT

strands: + -

Background letter frequencies
A 0.250000 C 0.250000 G 0.250000 T 0.250000

MOTIF M04085_2.00 MYF6 
letter-probability matrix: alength= 4 w= 12 nsites= 100 E= 0
 0.135957  0.311370  0.345287  0.207386 
 0.643970  0.080043  0.250078  0.025909 
 0.727620  0.133644  0.106350  0.032386 
 0.000000  1.000000  0.000000  0.000000 
 1.000000  0.000000  0.000000  0.000000 
 0.130904  0.278134  0.554519  0.036443 
 0.071429  0.649660  0.195335  0.083576 
 0.000000  0.000389  0.000000  0.999611 
 0.000000  0.000000  1.000000  0.000000 
 0.400331  0.066694  0.080779  0.452196 
 0.007196  0.706822  0.031121  0.254860 
 0.284548  0.177357  0.424198  0.113897 

