MEME version 4

ALPHABET= ACGT

strands: + -

Background letter frequencies
A 0.250000 C 0.250000 G 0.250000 T 0.250000

MOTIF M04098_2.00 MYOG 
letter-probability matrix: alength= 4 w= 12 nsites= 100 E= 0
 0.085359  0.452728  0.252296  0.209616 
 0.608718  0.028023  0.352361  0.010898 
 0.781764  0.061207  0.116927  0.040101 
 0.012698  0.979894  0.003704  0.003704 
 0.986155  0.000000  0.009585  0.004260 
 0.164147  0.056695  0.763499  0.015659 
 0.041037  0.861771  0.055616  0.041577 
 0.014773  0.023943  0.017830  0.943454 
 0.011634  0.000000  0.979376  0.008990 
 0.246342  0.046023  0.056398  0.651237 
 0.000000  0.962078  0.000000  0.037922 
 0.239557  0.055694  0.661192  0.043556 

