MEME version 4

ALPHABET= ACGT

strands: + -

Background letter frequencies
A 0.250000 C 0.250000 G 0.250000 T 0.250000

MOTIF M04010_2.00 XBP1 
letter-probability matrix: alength= 4 w= 12 nsites= 100 E= 0
 0.082299  0.071799  0.794239  0.051663 
 0.675348  0.112970  0.203156  0.008526 
 0.004755  0.008456  0.004015  0.982774 
 0.003216  0.002732  0.980903  0.013149 
 0.997317  0.000000  0.001241  0.001443 
 0.001614  0.995792  0.000144  0.002450 
 0.002796  0.000000  0.996599  0.000605 
 0.066315  0.049889  0.011207  0.872589 
 0.022086  0.028400  0.926860  0.022655 
 0.028957  0.012648  0.599351  0.359045 
 0.154474  0.754443  0.031194  0.059889 
 0.470070  0.256197  0.180938  0.092795 

