MEME version 4

ALPHABET= ACGT

strands: + -

Background letter frequencies
A 0.250000 C 0.250000 G 0.250000 T 0.250000

MOTIF M04018_2.00 ATF6 
letter-probability matrix: alength= 4 w= 12 nsites= 100 E= 0
 0.111378  0.107522  0.684544  0.096556 
 0.520760  0.074976  0.387256  0.017007 
 0.016864  0.026605  0.029329  0.927202 
 0.008565  0.011991  0.950964  0.028480 
 0.985621  0.002433  0.005973  0.005973 
 0.001411  0.960274  0.032129  0.006187 
 0.002567  0.002232  0.994866  0.000335 
 0.005098  0.003435  0.005541  0.985926 
 0.021981  0.059708  0.907269  0.011042 
 0.058625  0.008403  0.828858  0.104114 
 0.045364  0.872165  0.038400  0.044071 
 0.666119  0.058416  0.218520  0.056945 

