MEME version 4

ALPHABET= ACGT

strands: + -

Background letter frequencies
A 0.250000 C 0.250000 G 0.250000 T 0.250000

MOTIF M04022_2.00 CREB1 
letter-probability matrix: alength= 4 w= 12 nsites= 100 E= 0
 0.184932  0.311103  0.242177  0.261788 
 0.237870  0.035677  0.724787  0.001666 
 0.000930  0.003576  0.003576  0.991919 
 0.001469  0.016304  0.970541  0.011686 
 0.991422  0.001358  0.003860  0.003360 
 0.000718  0.996551  0.000934  0.001796 
 0.001079  0.000720  0.996906  0.001295 
 0.001793  0.002439  0.000932  0.994836 
 0.014787  0.981322  0.002547  0.001344 
 0.991564  0.001501  0.005219  0.001716 
 0.005968  0.283913  0.087727  0.622392 
 0.243403  0.387239  0.226388  0.142970 

