MEME version 4

ALPHABET= ACGT

strands: + -

Background letter frequencies
A 0.250000 C 0.250000 G 0.250000 T 0.250000

MOTIF M04103_2.00 MYOG 
letter-probability matrix: alength= 4 w= 12 nsites= 100 E= 0
 0.164201  0.290520  0.308521  0.236758 
 0.818436  0.064867  0.115139  0.001558 
 0.851695  0.020134  0.123348  0.004823 
 0.000000  1.000000  0.000000  0.000000 
 0.997117  0.000000  0.000000  0.002883 
 0.221119  0.037183  0.700708  0.040990 
 0.040750  0.702918  0.035063  0.221269 
 0.001252  0.000000  0.000000  0.998748 
 0.000000  0.000000  1.000000  0.000000 
 0.125391  0.091671  0.033051  0.749887 
 0.001982  0.505219  0.041777  0.451022 
 0.293339  0.214974  0.348981  0.142706 

