MEME version 4

ALPHABET= ACGT

strands: + -

Background letter frequencies
A 0.250000 C 0.250000 G 0.250000 T 0.250000

MOTIF M04113_2.00 MAX 
letter-probability matrix: alength= 4 w= 19 nsites= 100 E= 0
 0.120086  0.269617  0.389538  0.220760 
 0.004419  0.994926  0.000655  0.000000 
 0.827751  0.000000  0.170207  0.002042 
 0.000000  0.998686  0.000000  0.001314 
 0.703018  0.000000  0.296982  0.000000 
 0.000000  0.000000  0.001806  0.998194 
 0.000986  0.000000  0.999014  0.000000 
 0.049186  0.171574  0.518013  0.261227 
 0.163349  0.363711  0.107419  0.365521 
 0.320447  0.235401  0.227340  0.216812 
 0.375555  0.160717  0.284586  0.179141 
 0.087693  0.201218  0.450477  0.260612 
 0.000000  0.990226  0.009774  0.000000 
 0.867066  0.000000  0.129226  0.003708 
 0.000000  0.999178  0.000000  0.000822 
 0.768910  0.000000  0.230205  0.000885 
 0.000986  0.000000  0.000000  0.999014 
 0.000000  0.003879  0.982544  0.013577 
 0.042112  0.144761  0.505840  0.307287 

