MEME version 4

ALPHABET= ACGT

strands: + -

Background letter frequencies
A 0.250000 C 0.250000 G 0.250000 T 0.250000

MOTIF M04140_2.00 FERD3L 
letter-probability matrix: alength= 4 w= 14 nsites= 100 E= 0
 0.001619  0.000000  0.998381  0.000000 
 0.023260  0.238303  0.019642  0.718795 
 0.503918  0.199959  0.292643  0.003479 
 0.711511  0.114673  0.130987  0.042829 
 0.000000  1.000000  0.000000  0.000000 
 0.986012  0.006994  0.004296  0.002698 
 0.000000  0.013966  0.877835  0.108199 
 0.133506  0.842559  0.023935  0.000000 
 0.004801  0.003934  0.004201  0.987064 
 0.000000  0.000000  0.998785  0.001215 
 0.057761  0.106131  0.316264  0.519845 
 0.002500  0.429097  0.082523  0.485880 
 0.314334  0.011446  0.659420  0.014801 
 0.007019  0.923540  0.002121  0.067320 

