MEME version 4

ALPHABET= ACGT

strands: + -

Background letter frequencies
A 0.250000 C 0.250000 G 0.250000 T 0.250000

MOTIF M04100_2.00 MYOG 
letter-probability matrix: alength= 4 w= 12 nsites= 100 E= 0
 0.057692  0.464530  0.247009  0.230769 
 0.674559  0.051766  0.264446  0.009230 
 0.894837  0.032505  0.045889  0.026769 
 0.000000  0.999146  0.000000  0.000854 
 0.997868  0.000000  0.000000  0.002132 
 0.100769  0.043553  0.855679  0.000000 
 0.037607  0.925641  0.030342  0.006410 
 0.002543  0.003815  0.001696  0.991946 
 0.002131  0.000426  0.997442  0.000000 
 0.141057  0.029477  0.028151  0.801314 
 0.002011  0.941271  0.010861  0.045857 
 0.375439  0.000000  0.587644  0.036916 

