MEME version 4

ALPHABET= ACGT

strands: + -

Background letter frequencies
A 0.250000 C 0.250000 G 0.250000 T 0.250000

MOTIF M04231_2.00 XBP1 
letter-probability matrix: alength= 4 w= 12 nsites= 100 E= 0
 0.154309  0.260885  0.415194  0.169612 
 0.329786  0.184882  0.419157  0.066175 
 0.026965  0.103390  0.024037  0.845609 
 0.047365  0.034946  0.792491  0.125199 
 0.966708  0.000000  0.017967  0.015325 
 0.000000  0.972532  0.009924  0.017544 
 0.000000  0.000000  0.998000  0.002000 
 0.034256  0.121425  0.005047  0.839272 
 0.169650  0.034614  0.722295  0.073440 
 0.034372  0.040775  0.465206  0.459646 
 0.201515  0.469266  0.153000  0.176219 
 0.270226  0.310313  0.276421  0.143039 

