MEME version 4

ALPHABET= ACGT

strands: + -

Background letter frequencies
A 0.250000 C 0.250000 G 0.250000 T 0.250000

MOTIF M04227_2.00 CEBPE 
letter-probability matrix: alength= 4 w= 12 nsites= 100 E= 0
 0.154720  0.332959  0.253285  0.259036 
 0.435031  0.107868  0.419998  0.037102 
 0.000000  0.000000  0.000000  1.000000 
 0.000000  0.000000  0.104814  0.895186 
 0.431524  0.000000  0.520955  0.047521 
 0.000000  0.869138  0.000000  0.130862 
 0.120826  0.000000  0.876224  0.002950 
 0.047871  0.920660  0.000000  0.031469 
 0.983536  0.016464  0.000000  0.000000 
 0.999813  0.000187  0.000000  0.000000 
 0.030816  0.445563  0.079805  0.443816 
 0.299836  0.278560  0.279542  0.142062 

