MEME version 4

ALPHABET= ACGT

strands: + -

Background letter frequencies
A 0.250000 C 0.250000 G 0.250000 T 0.250000

MOTIF M04270_2.00 BATF3 
letter-probability matrix: alength= 4 w= 12 nsites= 100 E= 0
 0.164647  0.259040  0.381986  0.194327 
 0.425437  0.148216  0.382992  0.043356 
 0.001027  0.001961  0.002894  0.994118 
 0.003839  0.016637  0.851624  0.127900 
 0.976431  0.004219  0.009079  0.010271 
 0.000000  0.995698  0.000000  0.004302 
 0.168074  0.000657  0.830520  0.000750 
 0.005101  0.006955  0.000556  0.987388 
 0.114998  0.862245  0.015144  0.007613 
 0.985925  0.002963  0.010094  0.001019 
 0.042687  0.389382  0.142824  0.425107 
 0.185216  0.416925  0.240631  0.157227 

