MEME version 4

ALPHABET= ACGT

strands: + -

Background letter frequencies
A 0.250000 C 0.250000 G 0.250000 T 0.250000

MOTIF M04297_2.00 CREB3L4 
letter-probability matrix: alength= 4 w= 12 nsites= 100 E= 0
 0.160665  0.110803  0.250693  0.477839 
 0.056962  0.021097  0.727848  0.194093 
 0.273567  0.637708  0.049908  0.038817 
 0.122137  0.658397  0.173664  0.045802 
 0.880102  0.017857  0.096939  0.005102 
 0.016713  0.961003  0.000000  0.022284 
 0.043127  0.024259  0.929919  0.002695 
 0.000000  0.115385  0.000000  0.884615 
 0.103239  0.099190  0.698381  0.099190 
 0.033531  0.035503  0.680473  0.250493 
 0.159420  0.714286  0.022774  0.103520 
 0.316629  0.136674  0.469248  0.077449 

