MEME version 4

ALPHABET= ACGT

strands: + -

Background letter frequencies
A 0.250000 C 0.250000 G 0.250000 T 0.250000

MOTIF M04295_2.00 CREB3L4 
letter-probability matrix: alength= 4 w= 12 nsites= 100 E= 0
 0.142857  0.430736  0.177489  0.248918 
 0.151129  0.053974  0.616290  0.178606 
 0.283528  0.565257  0.066607  0.084608 
 0.156920  0.612086  0.139376  0.091618 
 0.948640  0.010574  0.037764  0.003021 
 0.012520  0.982786  0.004695  0.000000 
 0.010903  0.009346  0.978193  0.001558 
 0.039672  0.093023  0.008208  0.859097 
 0.081197  0.091880  0.670940  0.155983 
 0.102746  0.086802  0.556244  0.254207 
 0.195272  0.645427  0.064748  0.094553 
 0.435506  0.289875  0.065881  0.208738 

