MEME version 4

ALPHABET= ACGT

strands: + -

Background letter frequencies
A 0.250000 C 0.250000 G 0.250000 T 0.250000

MOTIF M04235_2.00 DBP 
letter-probability matrix: alength= 4 w= 12 nsites= 100 E= 0
 0.171697  0.322171  0.257032  0.249100 
 0.334648  0.208748  0.443911  0.012693 
 0.000000  0.000000  0.000000  1.000000 
 0.000000  0.000000  0.095156  0.904844 
 0.766421  0.000000  0.233579  0.000000 
 0.000000  0.978725  0.000000  0.021275 
 0.375606  0.000000  0.624394  0.000000 
 0.000000  0.144016  0.000000  0.855984 
 0.898931  0.101069  0.000000  0.000000 
 1.000000  0.000000  0.000000  0.000000 
 0.017480  0.470915  0.202075  0.309531 
 0.249963  0.274122  0.313702  0.162212 

