MEME version 4

ALPHABET= ACGT

strands: + -

Background letter frequencies
A 0.250000 C 0.250000 G 0.250000 T 0.250000

MOTIF M04251_2.00 ATF2 
letter-probability matrix: alength= 4 w= 12 nsites= 100 E= 0
 0.216490  0.270434  0.330737  0.182338 
 0.596766  0.055380  0.327129  0.020726 
 0.000194  0.092340  0.001166  0.906301 
 0.004914  0.003199  0.648834  0.343053 
 0.985426  0.000000  0.002605  0.011969 
 0.001229  0.955815  0.039473  0.003483 
 0.496414  0.033862  0.468828  0.000897 
 0.003395  0.003183  0.003395  0.990026 
 0.228528  0.757933  0.008556  0.004982 
 0.924500  0.000000  0.074311  0.001189 
 0.022661  0.408298  0.052590  0.516451 
 0.189054  0.392469  0.213275  0.205201 

