MEME version 4

ALPHABET= ACGT

strands: + -

Background letter frequencies
A 0.250000 C 0.250000 G 0.250000 T 0.250000

MOTIF M04213_2.00 MESP2 
letter-probability matrix: alength= 4 w= 12 nsites= 100 E= 0
 0.131737  0.455090  0.233533  0.179641 
 0.697479  0.100840  0.147059  0.054622 
 0.472081  0.370558  0.137056  0.020305 
 0.064516  0.892473  0.043011  0.000000 
 0.917127  0.000000  0.082873  0.000000 
 0.277551  0.044898  0.000000  0.677551 
 0.669355  0.000000  0.060484  0.270161 
 0.037838  0.054054  0.010811  0.897297 
 0.011429  0.000000  0.948571  0.040000 
 0.000000  0.156566  0.388889  0.454545 
 0.000000  0.633136  0.017751  0.349112 
 0.259036  0.132530  0.487952  0.120482 

