MEME version 4

ALPHABET= ACGT

strands: + -

Background letter frequencies
A 0.250000 C 0.250000 G 0.250000 T 0.250000

MOTIF M04229_2.00 CREM 
letter-probability matrix: alength= 4 w= 12 nsites= 100 E= 0
 0.156495  0.399061  0.334898  0.109546 
 0.315968  0.157418  0.407701  0.118913 
 0.010152  0.164975  0.013959  0.810914 
 0.095034  0.140411  0.547089  0.217466 
 0.820282  0.037227  0.082157  0.060334 
 0.019637  0.965257  0.015106  0.000000 
 0.090278  0.011111  0.887500  0.011111 
 0.013405  0.080429  0.049598  0.856568 
 0.233677  0.548969  0.155498  0.061856 
 0.720406  0.024803  0.198422  0.056370 
 0.121148  0.348565  0.198725  0.331562 
 0.203125  0.276562  0.326562  0.193750 

