MEME version 4

ALPHABET= ACGT

strands: + -

Background letter frequencies
A 0.250000 C 0.250000 G 0.250000 T 0.250000

MOTIF M04372_2.00 MAFG 
letter-probability matrix: alength= 4 w= 13 nsites= 100 E= 0
 0.129137  0.291369  0.064893  0.514601 
 0.083507  0.031315  0.863605  0.021573 
 0.008214  0.849418  0.014374  0.127995 
 0.354876  0.186731  0.194738  0.263655 
 0.263497  0.341660  0.124093  0.270749 
 0.320161  0.303226  0.193548  0.183065 
 0.215955  0.193392  0.538276  0.052377 
 0.051636  0.013091  0.032727  0.902545 
 0.181932  0.778545  0.011292  0.028231 
 0.948777  0.007645  0.021407  0.022171 
 0.026350  0.019763  0.817523  0.136364 
 0.000000  0.986486  0.006359  0.007154 
 0.659755  0.020734  0.254120  0.065391 

