MEME version 4

ALPHABET= ACGT

strands: + -

Background letter frequencies
A 0.250000 C 0.250000 G 0.250000 T 0.250000

MOTIF M04339_2.00 JUN 
letter-probability matrix: alength= 4 w= 12 nsites= 100 E= 0
 0.197125  0.152635  0.462012  0.188227 
 0.849419  0.059302  0.069767  0.021512 
 0.002679  0.006028  0.012726  0.978567 
 0.014837  0.001780  0.867062  0.116320 
 0.981855  0.006048  0.010753  0.001344 
 0.000000  0.972703  0.009321  0.017976 
 0.027904  0.018819  0.948086  0.005191 
 0.009960  0.014608  0.005312  0.970120 
 0.108657  0.872239  0.013134  0.005970 
 0.968833  0.009947  0.021220  0.000000 
 0.009709  0.386408  0.044660  0.559223 
 0.161533  0.494867  0.142368  0.201232 

