MEME version 4

ALPHABET= ACGT

strands: + -

Background letter frequencies
A 0.250000 C 0.250000 G 0.250000 T 0.250000

MOTIF M04302_2.00 CREB5 
letter-probability matrix: alength= 4 w= 12 nsites= 100 E= 0
 0.262835  0.192738  0.323306  0.221121 
 0.757428  0.017491  0.218016  0.007065 
 0.000000  0.003831  0.000000  0.996169 
 0.000000  0.000143  0.758134  0.241723 
 0.999057  0.000000  0.000000  0.000943 
 0.000000  0.998328  0.001672  0.000000 
 0.517328  0.005491  0.477182  0.000000 
 0.000000  0.000000  0.000000  1.000000 
 0.164559  0.834909  0.000000  0.000532 
 0.996942  0.000000  0.003058  0.000000 
 0.007199  0.277919  0.021070  0.693812 
 0.223853  0.374897  0.173576  0.227675 

