MEME version 4

ALPHABET= ACGT

strands: + -

Background letter frequencies
A 0.250000 C 0.250000 G 0.250000 T 0.250000

MOTIF M04359_2.00 MAFF 
letter-probability matrix: alength= 4 w= 15 nsites= 100 E= 0
 0.320887  0.172078  0.229302  0.277733 
 0.065705  0.307148  0.009836  0.617311 
 0.007876  0.014551  0.977573  0.000000 
 0.074103  0.905169  0.000389  0.020339 
 0.050648  0.100812  0.000000  0.848540 
 0.040378  0.015903  0.864579  0.079140 
 0.918102  0.021985  0.007971  0.051941 
 0.059873  0.446962  0.428481  0.064684 
 0.040603  0.006703  0.034158  0.918536 
 0.093391  0.851760  0.005312  0.049537 
 0.853987  0.005340  0.094550  0.046122 
 0.023036  0.000000  0.891989  0.084976 
 0.001605  0.980736  0.013645  0.004013 
 0.625529  0.016534  0.306481  0.051455 
 0.286294  0.252740  0.152483  0.308483 

