MEME version 4

ALPHABET= ACGT

strands: + -

Background letter frequencies
A 0.250000 C 0.250000 G 0.250000 T 0.250000

MOTIF M04317_2.00 CREB3L1 
letter-probability matrix: alength= 4 w= 13 nsites= 100 E= 0
 0.091085  0.335271  0.255814  0.317829 
 0.135354  0.143434  0.680808  0.040404 
 0.130297  0.360169  0.152542  0.356992 
 0.373614  0.309313  0.211752  0.105322 
 0.059767  0.491254  0.177843  0.271137 
 0.739035  0.000000  0.206140  0.054825 
 0.000000  0.957386  0.000000  0.042614 
 0.000000  0.002959  0.997041  0.000000 
 0.005900  0.000000  0.000000  0.994100 
 0.000000  0.011730  0.988270  0.000000 
 0.000000  0.008310  0.933518  0.058172 
 0.060367  0.884514  0.000000  0.055118 
 0.538339  0.049521  0.295527  0.116613 

