MEME version 4

ALPHABET= ACGT

strands: + -

Background letter frequencies
A 0.250000 C 0.250000 G 0.250000 T 0.250000

MOTIF M04321_2.00 ATF3 
letter-probability matrix: alength= 4 w= 12 nsites= 100 E= 0
 0.199096  0.224543  0.416227  0.160133 
 0.545681  0.062622  0.380391  0.011306 
 0.000000  0.000000  0.000000  1.000000 
 0.000000  0.000180  0.907747  0.092074 
 1.000000  0.000000  0.000000  0.000000 
 0.000000  1.000000  0.000000  0.000000 
 0.137223  0.000000  0.862777  0.000000 
 0.000000  0.000000  0.000000  1.000000 
 0.092253  0.907747  0.000000  0.000000 
 1.000000  0.000000  0.000000  0.000000 
 0.010434  0.385980  0.062640  0.540946 
 0.155212  0.442449  0.215260  0.187079 

