MEME version 4

ALPHABET= ACGT

strands: + -

Background letter frequencies
A 0.250000 C 0.250000 G 0.250000 T 0.250000

MOTIF M04397_2.00 PRDM1 
letter-probability matrix: alength= 4 w= 12 nsites= 100 E= 0
 0.184848  0.345591  0.137867  0.331694 
 0.107511  0.675557  0.059821  0.157112 
 0.830881  0.106070  0.063049  0.000000 
 0.001219  0.991223  0.007558  0.000000 
 0.008829  0.017420  0.003580  0.970171 
 0.021771  0.154676  0.018902  0.804651 
 0.033591  0.001248  0.042442  0.922719 
 0.000000  0.988091  0.000000  0.011909 
 0.507318  0.289263  0.148567  0.054852 
 0.091362  0.810991  0.029124  0.068522 
 0.085517  0.228860  0.048562  0.637061 
 0.227004  0.248647  0.138588  0.385760 

