MEME version 4

ALPHABET= ACGT

strands: + -

Background letter frequencies
A 0.250000 C 0.250000 G 0.250000 T 0.250000

MOTIF M04361_2.00 MAFF 
letter-probability matrix: alength= 4 w= 15 nsites= 100 E= 0
 0.311051  0.187193  0.229337  0.272419 
 0.092677  0.233051  0.034116  0.640156 
 0.021305  0.040602  0.933073  0.005020 
 0.103794  0.860746  0.003126  0.032335 
 0.083101  0.073459  0.030417  0.813022 
 0.066006  0.030232  0.785069  0.118693 
 0.826983  0.078389  0.020612  0.074016 
 0.080203  0.428632  0.406729  0.084436 
 0.079091  0.021771  0.067732  0.831405 
 0.116169  0.785496  0.032318  0.066016 
 0.809253  0.030576  0.078937  0.081235 
 0.031077  0.001847  0.867978  0.099098 
 0.008624  0.935603  0.036398  0.019375 
 0.646556  0.039139  0.222943  0.091361 
 0.285413  0.242683  0.170101  0.301803 

