MEME version 4

ALPHABET= ACGT

strands: + -

Background letter frequencies
A 0.250000 C 0.250000 G 0.250000 T 0.250000

MOTIF M04362_2.00 MAFF 
letter-probability matrix: alength= 4 w= 16 nsites= 100 E= 0
 0.298663  0.207528  0.215453  0.278356 
 0.106870  0.181859  0.039066  0.672205 
 0.007733  0.028516  0.963751  0.000000 
 0.097572  0.868530  0.014201  0.019698 
 0.054771  0.086008  0.023107  0.836115 
 0.076232  0.040273  0.608055  0.275440 
 0.875945  0.029791  0.051578  0.042686 
 0.015639  0.752990  0.092916  0.138454 
 0.138902  0.073835  0.766036  0.021228 
 0.016826  0.062756  0.028195  0.892224 
 0.256071  0.622143  0.052857  0.068929 
 0.833755  0.019409  0.063291  0.083544 
 0.042534  0.024812  0.819229  0.113425 
 0.000000  0.943468  0.023278  0.033254 
 0.700233  0.039161  0.196270  0.064336 
 0.269936  0.237246  0.186231  0.306587 

