MEME version 4

ALPHABET= ACGT

strands: + -

Background letter frequencies
A 0.250000 C 0.250000 G 0.250000 T 0.250000

MOTIF M04452_2.00 ZNF384 
letter-probability matrix: alength= 4 w= 22 nsites= 100 E= 0
 0.098289  0.117359  0.182885  0.601467 
 0.013640  0.036612  0.066762  0.882986 
 0.004762  0.000000  0.019048  0.976190 
 0.000000  0.000000  0.000000  1.000000 
 0.099140  0.282933  0.061114  0.556813 
 0.187144  0.211554  0.100081  0.501221 
 0.189585  0.235964  0.160293  0.414158 
 0.199349  0.269325  0.241660  0.289666 
 0.270952  0.225386  0.270138  0.233523 
 0.271766  0.197722  0.274207  0.256306 
 0.233333  0.237398  0.266667  0.262602 
 0.282114  0.242276  0.267480  0.208130 
 0.228455  0.238211  0.261789  0.271545 
 0.234146  0.217073  0.266667  0.282114 
 0.292683  0.216260  0.229268  0.261789 
 0.395443  0.155411  0.246542  0.202604 
 0.487805  0.119512  0.205691  0.186992 
 0.548373  0.096745  0.284886  0.069996 
 0.957944  0.035047  0.000000  0.007009 
 0.958691  0.038192  0.003118  0.000000 
 0.894545  0.065455  0.037091  0.002909 
 0.626273  0.146130  0.142057  0.085540 

