MEME version 4

ALPHABET= ACGT

strands: + -

Background letter frequencies
A 0.250000 C 0.250000 G 0.250000 T 0.250000

MOTIF M04496_2.00 ZNF276 
letter-probability matrix: alength= 4 w= 26 nsites= 100 E= 0
 0.081879  0.540009  0.283504  0.094608 
 0.082134  0.034044  0.162688  0.721134 
 0.179695  0.006066  0.006055  0.808183 
 0.977146  0.000204  0.001201  0.021449 
 0.970374  0.003710  0.025854  0.000062 
 0.034145  0.000100  0.965706  0.000050 
 0.057737  0.013125  0.922263  0.006875 
 0.071292  0.212580  0.218495  0.497633 
 0.065103  0.249860  0.661664  0.023374 
 0.000192  0.003145  0.989913  0.006750 
 0.491893  0.061331  0.000480  0.446295 
 0.268577  0.449694  0.276738  0.004991 
 0.285646  0.125776  0.068483  0.520094 
 0.774896  0.111840  0.028691  0.084573 
 0.001180  0.077140  0.145221  0.776460 
 0.811502  0.007335  0.056662  0.124502 
 0.000551  0.999192  0.000205  0.000051 
 0.062348  0.609259  0.114199  0.214194 
 0.627688  0.139737  0.087037  0.145537 
 0.057987  0.814219  0.059277  0.068517 
 0.000099  0.955439  0.000197  0.044265 
 0.000621  0.035703  0.001442  0.962234 
 0.019388  0.000626  0.000281  0.979705 
 0.789905  0.014305  0.000953  0.194837 
 0.641390  0.152208  0.123467  0.082935 
 0.135989  0.282923  0.289980  0.291109 

