MEME version 4

ALPHABET= ACGT

strands: + -

Background letter frequencies
A 0.250000 C 0.250000 G 0.250000 T 0.250000

MOTIF M04499_2.00 BCL6B 
letter-probability matrix: alength= 4 w= 16 nsites= 100 E= 0
 0.188858  0.257842  0.284868  0.268432 
 0.165058  0.242416  0.163082  0.429444 
 0.154651  0.010099  0.785275  0.049975 
 0.009994  0.970975  0.001793  0.017238 
 0.143663  0.012965  0.000296  0.843076 
 0.038395  0.076424  0.027212  0.857969 
 0.000000  0.000000  0.000226  0.999774 
 0.000000  0.995449  0.000000  0.004551 
 0.001915  0.054543  0.555222  0.388321 
 0.994869  0.000901  0.000576  0.003654 
 0.038423  0.000147  0.958605  0.002825 
 0.000000  0.001322  0.987132  0.011546 
 0.968542  0.001457  0.019507  0.010494 
 0.984311  0.001069  0.001517  0.013103 
 0.190194  0.182832  0.019584  0.607390 
 0.210785  0.200146  0.261374  0.327696 

