MEME version 4

ALPHABET= ACGT

strands: + -

Background letter frequencies
A 0.250000 C 0.250000 G 0.250000 T 0.250000

MOTIF M04449_2.00 GLIS2 
letter-probability matrix: alength= 4 w= 14 nsites= 100 E= 0
 0.646095  0.159113  0.194793  0.000000 
 0.002865  0.996418  0.000716  0.000000 
 0.000000  0.995388  0.004612  0.000000 
 0.030827  0.928184  0.000000  0.040989 
 0.003880  0.990123  0.005996  0.000000 
 0.144218  0.844612  0.000000  0.011170 
 0.063098  0.812938  0.000000  0.123964 
 0.455582  0.001383  0.492568  0.050467 
 0.000000  0.935897  0.000000  0.064103 
 0.290891  0.100536  0.600919  0.007655 
 0.554975  0.022420  0.144963  0.277641 
 0.254037  0.391012  0.073466  0.281485 
 0.004035  0.163253  0.783985  0.048727 
 0.167735  0.519231  0.097222  0.215812 

