MEME version 4

ALPHABET= ACGT

strands: + -

Background letter frequencies
A 0.250000 C 0.250000 G 0.250000 T 0.250000

MOTIF M04421_2.00 PRDM4 
letter-probability matrix: alength= 4 w= 20 nsites= 100 E= 0
 0.078889  0.495708  0.119474  0.305929 
 0.516306  0.010946  0.441650  0.031097 
 0.472734  0.020498  0.443046  0.063722 
 0.017500  0.948731  0.010958  0.022811 
 0.406197  0.204697  0.184117  0.204988 
 0.000058  0.000058  0.993511  0.006373 
 0.000232  0.003711  0.000348  0.995709 
 0.000057  0.024300  0.027877  0.947766 
 0.009493  0.000463  0.000637  0.989407 
 0.000280  0.934901  0.000000  0.064819 
 0.741935  0.089438  0.059512  0.109114 
 0.955237  0.025426  0.005468  0.013869 
 0.007421  0.031401  0.928781  0.032397 
 0.108519  0.073958  0.561943  0.255580 
 0.118224  0.687789  0.079608  0.114380 
 0.088849  0.533708  0.079488  0.297954 
 0.178276  0.626236  0.115768  0.079719 
 0.041637  0.933835  0.007641  0.016887 
 0.000462  0.989841  0.000173  0.009524 
 0.036825  0.919017  0.017361  0.026797 

