MEME version 4

ALPHABET= ACGT

strands: + -

Background letter frequencies
A 0.250000 C 0.250000 G 0.250000 T 0.250000

MOTIF M04438_2.00 EGR1 
letter-probability matrix: alength= 4 w= 13 nsites= 100 E= 0
 0.198120  0.411735  0.162306  0.227838 
 0.285357  0.471176  0.104727  0.138739 
 0.076328  0.780531  0.025575  0.117565 
 0.297004  0.074900  0.464378  0.163718 
 0.024868  0.941416  0.009087  0.024629 
 0.047597  0.900915  0.027460  0.024027 
 0.041675  0.770299  0.044023  0.144003 
 0.548634  0.325111  0.062430  0.063824 
 0.001706  0.959776  0.000000  0.038518 
 0.227166  0.138829  0.422063  0.211943 
 0.082746  0.660792  0.081739  0.174723 
 0.318616  0.318130  0.214782  0.148472 
 0.198425  0.446646  0.146341  0.208587 

