MEME version 4

ALPHABET= ACGT

strands: + -

Background letter frequencies
A 0.250000 C 0.250000 G 0.250000 T 0.250000

MOTIF M04484_2.00 ZSCAN1 
letter-probability matrix: alength= 4 w= 17 nsites= 100 E= 0
 0.243864  0.317850  0.278367  0.159918 
 0.115224  0.337460  0.058224  0.489092 
 0.210997  0.002307  0.786566  0.000130 
 0.000000  0.997693  0.000390  0.001917 
 0.999544  0.000000  0.000390  0.000065 
 0.000813  0.998797  0.000000  0.000390 
 0.998179  0.001495  0.000325  0.000000 
 0.005560  0.935462  0.004811  0.054167 
 0.408025  0.557693  0.017840  0.016443 
 0.008715  0.988283  0.000516  0.002485 
 0.025630  0.007475  0.009737  0.957158 
 0.013614  0.067109  0.836286  0.082992 
 0.508003  0.202641  0.118034  0.171321 
 0.502566  0.479627  0.006382  0.011425 
 0.883023  0.006315  0.107231  0.003431 
 0.521513  0.193909  0.163238  0.121341 
 0.287709  0.263850  0.119296  0.329145 

