MEME version 4

ALPHABET= ACGT

strands: + -

Background letter frequencies
A 0.250000 C 0.250000 G 0.250000 T 0.250000

MOTIF M04492_2.00 ZIC3 
letter-probability matrix: alength= 4 w= 16 nsites= 100 E= 0
 0.313552  0.255051  0.248737  0.182660 
 0.011756  0.126378  0.679280  0.182586 
 0.777274  0.093998  0.128350  0.000378 
 0.008754  0.990413  0.000000  0.000834 
 0.003772  0.994552  0.001257  0.000419 
 0.008794  0.987437  0.000838  0.002931 
 0.000841  0.999159  0.000000  0.000000 
 0.002521  0.996218  0.001261  0.000000 
 0.000000  0.193721  0.000383  0.805896 
 0.015742  0.000000  0.984258  0.000000 
 0.000421  0.999579  0.000000  0.000000 
 0.004886  0.020358  0.034202  0.940554 
 0.001679  0.000000  0.996641  0.001679 
 0.033726  0.009346  0.008127  0.948801 
 0.000000  0.000000  0.982924  0.017076 
 0.447001  0.504108  0.004108  0.044782 

