MEME version 4

ALPHABET= ACGT

strands: + -

Background letter frequencies
A 0.250000 C 0.250000 G 0.250000 T 0.250000

MOTIF M04427_2.00 BCL6 
letter-probability matrix: alength= 4 w= 16 nsites= 100 E= 0
 0.430851  0.190824  0.148271  0.230053 
 0.500853  0.065217  0.228900  0.205030 
 0.111239  0.030963  0.022936  0.834862 
 0.091304  0.078804  0.040761  0.789130 
 0.085861  0.838008  0.050372  0.025758 
 0.049031  0.837514  0.000000  0.113455 
 0.002630  0.001972  0.006575  0.988823 
 0.610271  0.198991  0.128381  0.062357 
 0.066750  0.000624  0.931379  0.001248 
 0.993399  0.000000  0.000000  0.006601 
 0.269841  0.051282  0.127391  0.551486 
 0.391290  0.036851  0.085092  0.486767 
 0.481457  0.013907  0.473510  0.031126 
 0.014148  0.965273  0.005145  0.015434 
 0.251652  0.142621  0.530837  0.074890 
 0.134398  0.351297  0.149701  0.364604 

