MEME version 4

ALPHABET= ACGT

strands: + -

Background letter frequencies
A 0.250000 C 0.250000 G 0.250000 T 0.250000

MOTIF M04488_2.00 ZIC1 
letter-probability matrix: alength= 4 w= 15 nsites= 100 E= 0
 0.037402  0.217591  0.443101  0.301905 
 0.592369  0.098885  0.308746  0.000000 
 0.042692  0.953615  0.000000  0.003693 
 0.102929  0.879292  0.000341  0.017439 
 0.201304  0.712053  0.000000  0.086643 
 0.000000  1.000000  0.000000  0.000000 
 0.069932  0.929930  0.000138  0.000000 
 0.000000  0.222528  0.000000  0.777472 
 0.126296  0.000000  0.873704  0.000000 
 0.000000  0.938982  0.000000  0.061018 
 0.003134  0.072573  0.157522  0.766770 
 0.000000  0.000000  1.000000  0.000000 
 0.087522  0.000000  0.000000  0.912478 
 0.000000  0.000000  0.855126  0.144874 
 0.357855  0.434177  0.031356  0.176612 

