MEME version 4

ALPHABET= ACGT

strands: + -

Background letter frequencies
A 0.250000 C 0.250000 G 0.250000 T 0.250000

MOTIF M04597_2.00 ZFP41 
letter-probability matrix: alength= 4 w= 15 nsites= 100 E= 0
 0.182243  0.287140  0.246957  0.283661 
 0.014906  0.001182  0.983912  0.000000 
 0.096713  0.796246  0.030080  0.076961 
 0.026206  0.084613  0.044936  0.844245 
 0.858028  0.103545  0.005041  0.033386 
 0.999725  0.000183  0.000000  0.000092 
 0.000000  0.999725  0.000000  0.000275 
 0.001182  0.016642  0.000000  0.982175 
 0.000000  0.999725  0.000275  0.000000 
 0.000000  0.001006  0.000549  0.998445 
 0.000000  0.999268  0.000274  0.000457 
 0.019912  0.979639  0.000269  0.000179 
 0.303010  0.075795  0.598131  0.023064 
 0.046421  0.666393  0.043585  0.243600 
 0.367531  0.195202  0.278498  0.158769 

