MEME version 4

ALPHABET= ACGT

strands: + -

Background letter frequencies
A 0.250000 C 0.250000 G 0.250000 T 0.250000

MOTIF M04530_2.00 ZNF444 
letter-probability matrix: alength= 4 w= 16 nsites= 100 E= 0
 0.142547  0.441100  0.215485  0.200868 
 0.100366  0.651368  0.113731  0.134535 
 0.350522  0.058081  0.569684  0.021713 
 0.217179  0.134159  0.006752  0.641910 
 0.003739  0.990653  0.003451  0.002157 
 0.004611  0.993228  0.000432  0.001729 
 0.003738  0.991518  0.000000  0.004744 
 0.000000  0.998120  0.000000  0.001880 
 0.007885  0.987814  0.001577  0.002724 
 0.003584  0.008744  0.000287  0.987385 
 0.003870  0.989392  0.000717  0.006021 
 0.001300  0.997544  0.000867  0.000289 
 0.006287  0.986998  0.001715  0.005001 
 0.003118  0.957058  0.000000  0.039824 
 0.004598  0.989943  0.004454  0.001006 
 0.290635  0.421769  0.091909  0.195687 

