MEME version 4

ALPHABET= ACGT

strands: + -

Background letter frequencies
A 0.250000 C 0.250000 G 0.250000 T 0.250000

MOTIF M04527_2.00 ZNF23 
letter-probability matrix: alength= 4 w= 19 nsites= 100 E= 0
 0.320833  0.062500  0.268750  0.347917 
 0.008114  0.957404  0.016227  0.018256 
 0.511482  0.104384  0.254697  0.129436 
 0.191532  0.681452  0.014113  0.112903 
 0.006148  0.979508  0.000000  0.014344 
 0.036735  0.963265  0.000000  0.000000 
 0.899048  0.059048  0.041905  0.000000 
 0.009709  0.058252  0.000000  0.932039 
 0.000000  0.119171  0.810017  0.070812 
 0.004158  0.137214  0.711019  0.147609 
 0.008097  0.975709  0.002024  0.014170 
 0.000000  0.995833  0.000000  0.004167 
 0.101498  0.163062  0.723794  0.011647 
 0.010040  0.961847  0.006024  0.022088 
 0.038321  0.083942  0.861314  0.016423 
 0.502890  0.304432  0.013487  0.179191 
 0.040153  0.787763  0.093690  0.078394 
 0.276190  0.571429  0.085714  0.066667 
 0.329854  0.338205  0.192067  0.139875 

