MEME version 4

ALPHABET= ACGT

strands: + -

Background letter frequencies
A 0.250000 C 0.250000 G 0.250000 T 0.250000

MOTIF M04546_2.00 ZNF524 
letter-probability matrix: alength= 4 w= 12 nsites= 100 E= 0
 0.285893  0.383271  0.154806  0.176030 
 0.075000  0.721875  0.091667  0.111458 
 0.037123  0.005800  0.029002  0.928074 
 0.000000  0.990099  0.000000  0.009901 
 0.000000  0.013564  0.986436  0.000000 
 0.700000  0.165000  0.070000  0.065000 
 1.000000  0.000000  0.000000  0.000000 
 0.003736  0.996264  0.000000  0.000000 
 0.007255  0.967352  0.025393  0.000000 
 0.000000  1.000000  0.000000  0.000000 
 0.228458  0.173123  0.403953  0.194466 
 0.210986  0.349563  0.181024  0.258427 

