MEME version 4

ALPHABET= ACGT

strands: + -

Background letter frequencies
A 0.250000 C 0.250000 G 0.250000 T 0.250000

MOTIF M04555_2.00 KLF11 
letter-probability matrix: alength= 4 w= 22 nsites= 100 E= 0
 0.272131  0.203588  0.400904  0.123378 
 0.258017  0.539309  0.082085  0.120589 
 0.068806  0.806868  0.060534  0.063792 
 0.689189  0.218115  0.071365  0.021331 
 0.012987  0.973170  0.001855  0.011988 
 0.312951  0.007944  0.599666  0.079440 
 0.000000  1.000000  0.000000  0.000000 
 0.000291  0.998981  0.000728  0.000000 
 0.001442  0.772891  0.000240  0.225427 
 0.368329  0.421551  0.028434  0.181686 
 0.088656  0.644649  0.052931  0.213765 
 0.190608  0.254047  0.362258  0.193087 
 0.274278  0.483085  0.061680  0.180957 
 0.029885  0.900928  0.012555  0.056632 
 0.855450  0.116377  0.020932  0.007241 
 0.000000  0.987583  0.000000  0.012417 
 0.153655  0.000373  0.810169  0.035803 
 0.000000  0.995933  0.002469  0.001598 
 0.002457  0.990893  0.006360  0.000289 
 0.010876  0.816239  0.003035  0.169850 
 0.432011  0.408190  0.018929  0.140870 
 0.075845  0.705815  0.042634  0.175707 

