MEME version 4

ALPHABET= ACGT

strands: + -

Background letter frequencies
A 0.250000 C 0.250000 G 0.250000 T 0.250000

MOTIF M04501_2.00 BCL6B 
letter-probability matrix: alength= 4 w= 16 nsites= 100 E= 0
 0.233019  0.259191  0.204656  0.303135 
 0.155822  0.182146  0.108311  0.553721 
 0.164873  0.006051  0.779301  0.049775 
 0.008278  0.975674  0.001136  0.014912 
 0.063320  0.003625  0.000234  0.932821 
 0.024828  0.068900  0.015006  0.891266 
 0.000000  0.000061  0.000030  0.999909 
 0.000000  0.986814  0.000000  0.013186 
 0.004234  0.112024  0.041622  0.842120 
 0.998784  0.000091  0.000334  0.000790 
 0.046242  0.000236  0.944421  0.009101 
 0.000210  0.004672  0.966486  0.028632 
 0.973607  0.001501  0.011170  0.013722 
 0.987708  0.001087  0.000846  0.010359 
 0.201288  0.174076  0.018602  0.606034 
 0.237698  0.186939  0.239220  0.336143 

