MEME version 4

ALPHABET= ACGT

strands: + -

Background letter frequencies
A 0.250000 C 0.250000 G 0.250000 T 0.250000

MOTIF M04550_2.00 ZNF274 
letter-probability matrix: alength= 4 w= 16 nsites= 100 E= 0
 0.329477  0.249602  0.176261  0.244660 
 0.298549  0.163276  0.413863  0.124311 
 0.207901  0.407224  0.033929  0.350945 
 0.127359  0.000000  0.872620  0.000021 
 0.999977  0.000000  0.000023  0.000000 
 0.000185  0.000000  0.999354  0.000462 
 0.722904  0.000000  0.273391  0.003705 
 0.989945  0.005337  0.000137  0.004581 
 0.005460  0.842226  0.086730  0.065584 
 0.045790  0.041941  0.000831  0.911439 
 0.000000  0.999838  0.000162  0.000000 
 0.870330  0.122690  0.000509  0.006471 
 0.088847  0.316722  0.001450  0.592981 
 0.695633  0.042905  0.241295  0.020167 
 0.080614  0.488996  0.126794  0.303596 
 0.278612  0.207948  0.189659  0.323781 

