MEME version 4

ALPHABET= ACGT

strands: + -

Background letter frequencies
A 0.250000 C 0.250000 G 0.250000 T 0.250000

MOTIF M04590_2.00 ZNF771 
letter-probability matrix: alength= 4 w= 15 nsites= 100 E= 0
 0.212289  0.218992  0.210864  0.357855 
 0.226309  0.002881  0.668018  0.102793 
 0.004146  0.987313  0.003593  0.004947 
 0.058884  0.021744  0.880633  0.038740 
 0.004625  0.994595  0.000251  0.000529 
 0.004590  0.010204  0.000111  0.985096 
 0.935403  0.003413  0.059614  0.001571 
 0.966440  0.029481  0.002655  0.001423 
 0.000112  0.998940  0.000474  0.000474 
 0.000084  0.998940  0.000000  0.000977 
 0.991892  0.001888  0.005998  0.000222 
 0.003066  0.297330  0.002500  0.697103 
 0.001617  0.022640  0.000192  0.975551 
 0.319927  0.095643  0.472754  0.111676 
 0.191621  0.310543  0.189052  0.308784 

