MEME version 4

ALPHABET= ACGT

strands: + -

Background letter frequencies
A 0.250000 C 0.250000 G 0.250000 T 0.250000

MOTIF M04538_2.00 KLF13 
letter-probability matrix: alength= 4 w= 13 nsites= 100 E= 0
 0.192843  0.372752  0.213509  0.220896 
 0.332076  0.048497  0.588905  0.030522 
 0.185758  0.747925  0.024701  0.041617 
 0.012566  0.965740  0.014561  0.007133 
 0.802155  0.136604  0.056115  0.005126 
 0.000000  1.000000  0.000000  0.000000 
 0.285787  0.000000  0.695658  0.018555 
 0.000000  1.000000  0.000000  0.000000 
 0.001260  0.997862  0.000305  0.000573 
 0.000175  0.914439  0.001400  0.083987 
 0.338885  0.595032  0.004575  0.061508 
 0.052855  0.767960  0.016455  0.162731 
 0.184570  0.442501  0.090697  0.282232 

