MEME version 4

ALPHABET= ACGT

strands: + -

Background letter frequencies
A 0.250000 C 0.250000 G 0.250000 T 0.250000

MOTIF M04625_2.00 ZSCAN16 
letter-probability matrix: alength= 4 w= 19 nsites= 100 E= 0
 0.301051  0.209456  0.220420  0.269073 
 0.028244  0.062445  0.907326  0.001986 
 0.842612  0.000193  0.157003  0.000193 
 0.000000  0.000577  0.842247  0.157176 
 0.000000  0.000000  0.999772  0.000228 
 0.000228  0.999315  0.000000  0.000457 
 0.000228  0.000000  0.000228  0.999543 
 0.000000  0.982285  0.000000  0.017715 
 0.150166  0.000000  0.056959  0.792875 
 0.000228  0.000228  0.999315  0.000228 
 0.051260  0.010734  0.000219  0.937788 
 0.022556  0.189189  0.000203  0.788051 
 0.988171  0.006369  0.000000  0.005460 
 0.999315  0.000000  0.000000  0.000685 
 0.000000  1.000000  0.000000  0.000000 
 0.898754  0.015089  0.064728  0.021430 
 0.254512  0.367832  0.143934  0.233722 
 0.140930  0.167318  0.061962  0.629789 
 0.194838  0.223847  0.235724  0.345592 

