MEME version 4

ALPHABET= ACGT

strands: + -

Background letter frequencies
A 0.250000 C 0.250000 G 0.250000 T 0.250000

MOTIF M04610_2.00 ZNF501 
letter-probability matrix: alength= 4 w= 15 nsites= 100 E= 0
 0.245257  0.375339  0.208672  0.170732 
 0.199411  0.303536  0.341847  0.155206 
 0.247343  0.214493  0.425121  0.113043 
 0.137075  0.607176  0.141674  0.114075 
 0.154775  0.266740  0.502744  0.075741 
 0.733471  0.150826  0.051653  0.064050 
 0.038245  0.800900  0.047244  0.113611 
 0.202238  0.208633  0.543565  0.045564 
 0.037825  0.846336  0.021277  0.094563 
 0.089048  0.084954  0.742068  0.083930 
 0.712412  0.141271  0.021191  0.125126 
 0.601529  0.271028  0.062872  0.064571 
 0.069658  0.853601  0.034238  0.042503 
 0.567923  0.222612  0.118317  0.091148 
 0.155676  0.605405  0.118919  0.120000 

