MEME version 4

ALPHABET= ACGT

strands: + -

Background letter frequencies
A 0.250000 C 0.250000 G 0.250000 T 0.250000

MOTIF M04636_2.00 ZBTB12 
letter-probability matrix: alength= 4 w= 14 nsites= 100 E= 0
 0.263158  0.119617  0.521531  0.095694 
 0.221154  0.615385  0.081731  0.081731 
 0.174342  0.009868  0.684211  0.131579 
 0.892704  0.094421  0.012876  0.000000 
 0.004367  0.908297  0.043668  0.043668 
 0.234875  0.000000  0.740214  0.024911 
 0.228512  0.048218  0.436059  0.287212 
 0.000000  0.995215  0.004785  0.000000 
 0.985782  0.000000  0.004739  0.009479 
 0.000000  0.000000  0.985782  0.014218 
 0.000000  0.000000  0.990476  0.009524 
 0.004651  0.967442  0.000000  0.027907 
 0.000000  0.904348  0.030435  0.065217 
 0.674641  0.138756  0.000000  0.186603 

