MEME version 4

ALPHABET= ACGT

strands: + -

Background letter frequencies
A 0.250000 C 0.250000 G 0.250000 T 0.250000

MOTIF M04601_2.00 ZFP1 
letter-probability matrix: alength= 4 w= 15 nsites= 100 E= 0
 0.180796  0.413868  0.194745  0.210590 
 0.083969  0.058285  0.032837  0.824909 
 0.247596  0.095412  0.119500  0.537493 
 0.061445  0.236126  0.045938  0.656491 
 0.073173  0.187414  0.129516  0.609897 
 0.929120  0.023030  0.038639  0.009212 
 0.000128  0.058861  0.009853  0.931158 
 0.903214  0.040483  0.015944  0.040359 
 0.038485  0.892069  0.031208  0.038239 
 0.004907  0.975733  0.007161  0.012200 
 0.014775  0.712829  0.055145  0.217251 
 0.687226  0.023448  0.035070  0.254256 
 0.180896  0.063479  0.681499  0.074126 
 0.096763  0.804746  0.023960  0.074531 
 0.218204  0.280645  0.079236  0.421915 

