MEME version 4

ALPHABET= ACGT

strands: + -

Background letter frequencies
A 0.250000 C 0.250000 G 0.250000 T 0.250000

MOTIF M04681_2.00 DMRT3 
letter-probability matrix: alength= 4 w= 13 nsites= 100 E= 0
 0.684670  0.087347  0.118323  0.109660 
 0.685075  0.043798  0.043995  0.227132 
 0.163810  0.003175  0.005000  0.828016 
 0.002294  0.000287  0.997419  0.000000 
 0.001336  0.002194  0.001145  0.995325 
 0.897077  0.000860  0.020034  0.082029 
 0.306786  0.000000  0.161683  0.531532 
 0.000000  0.998947  0.000383  0.000670 
 0.678746  0.109427  0.143192  0.068636 
 0.787337  0.023394  0.053581  0.135688 
 0.278974  0.068886  0.036116  0.616025 
 0.223171  0.110637  0.064294  0.601898 
 0.152401  0.167929  0.110419  0.569251 

