MEME version 4

ALPHABET= ACGT

strands: + -

Background letter frequencies
A 0.250000 C 0.250000 G 0.250000 T 0.250000

MOTIF M04632_2.00 ZBTB14 
letter-probability matrix: alength= 4 w= 16 nsites= 100 E= 0
 0.000000  0.157895  0.000000  0.842105 
 0.142857  0.857143  0.000000  0.000000 
 0.947368  0.052632  0.000000  0.000000 
 0.047619  0.857143  0.047619  0.047619 
 0.052632  0.000000  0.947368  0.000000 
 0.000000  0.000000  0.000000  1.000000 
 0.000000  0.000000  1.000000  0.000000 
 0.000000  0.947368  0.052632  0.000000 
 0.947368  0.000000  0.052632  0.000000 
 0.000000  1.000000  0.000000  0.000000 
 0.000000  0.000000  0.947368  0.052632 
 0.000000  0.944444  0.000000  0.055556 
 0.000000  0.052632  0.947368  0.000000 
 0.000000  0.947368  0.052632  0.000000 
 0.947368  0.052632  0.000000  0.000000 
 0.000000  0.888889  0.055556  0.055556 

