MEME version 4

ALPHABET= ACGT

strands: + -

Background letter frequencies
A 0.250000 C 0.250000 G 0.250000 T 0.250000

MOTIF M04606_2.00 SP1 
letter-probability matrix: alength= 4 w= 15 nsites= 100 E= 0
 0.169909  0.222937  0.167869  0.439285 
 0.568037  0.051788  0.027601  0.352575 
 0.512491  0.024383  0.428571  0.034555 
 0.188739  0.016225  0.779504  0.015532 
 0.054054  0.919364  0.010395  0.016187 
 0.009476  0.847191  0.009876  0.133458 
 0.645165  0.339940  0.010691  0.004204 
 0.002186  0.994534  0.000000  0.003280 
 0.123046  0.012780  0.802991  0.061183 
 0.000000  1.000000  0.000000  0.000000 
 0.000000  1.000000  0.000000  0.000000 
 0.000000  0.938199  0.001209  0.060592 
 0.524992  0.431881  0.005639  0.037489 
 0.040583  0.714114  0.021644  0.223658 
 0.289973  0.222030  0.064177  0.423819 

