MEME version 4

ALPHABET= ACGT

strands: + -

Background letter frequencies
A 0.250000 C 0.250000 G 0.250000 T 0.250000

MOTIF M04634_2.00 ZBTB12 
letter-probability matrix: alength= 4 w= 14 nsites= 100 E= 0
 0.777803  0.056395  0.050981  0.114821 
 0.267401  0.464617  0.249710  0.018271 
 0.061922  0.022097  0.885920  0.030062 
 0.979824  0.009946  0.008525  0.001705 
 0.000580  0.999131  0.000000  0.000290 
 0.024884  0.025157  0.942849  0.007110 
 0.035337  0.059582  0.889347  0.015734 
 0.000000  1.000000  0.000000  0.000000 
 0.999420  0.000290  0.000000  0.000290 
 0.000000  0.000289  0.995381  0.004330 
 0.000869  0.000000  0.999131  0.000000 
 0.000000  0.998552  0.001158  0.000290 
 0.000000  0.999710  0.000290  0.000000 
 0.099768  0.438805  0.245940  0.215487 

