MEME version 4

ALPHABET= ACGT

strands: + -

Background letter frequencies
A 0.250000 C 0.250000 G 0.250000 T 0.250000

MOTIF M04784_2.00 ELF3 
letter-probability matrix: alength= 4 w= 13 nsites= 100 E= 0
 0.170265  0.333170  0.403337  0.093229 
 0.940878  0.005081  0.011085  0.042956 
 0.050450  0.028378  0.003604  0.917568 
 0.791375  0.014375  0.188811  0.005439 
 0.741536  0.111758  0.146705  0.000000 
 0.003425  0.996575  0.000000  0.000000 
 0.001956  0.001956  0.996088  0.000000 
 0.002923  0.001948  0.992207  0.002923 
 0.994143  0.005857  0.000000  0.000000 
 0.000000  0.006809  0.002432  0.990759 
 0.019570  0.005251  0.972315  0.002864 
 0.019147  0.688860  0.094430  0.197563 
 0.285223  0.218949  0.313206  0.182622 

