MEME version 4

ALPHABET= ACGT

strands: + -

Background letter frequencies
A 0.250000 C 0.250000 G 0.250000 T 0.250000

MOTIF M04783_2.00 ELF3 
letter-probability matrix: alength= 4 w= 23 nsites= 100 E= 0
 0.876862  0.015256  0.002906  0.104976 
 0.110484  0.703000  0.130680  0.055836 
 0.170638  0.577924  0.251438  0.000000 
 0.197702  0.799594  0.002704  0.000000 
 0.000000  0.000000  0.996881  0.003119 
 0.003116  0.000000  0.996884  0.000000 
 0.998436  0.001564  0.000000  0.000000 
 1.000000  0.000000  0.000000  0.000000 
 0.226110  0.000000  0.773890  0.000000 
 0.010156  0.072266  0.019922  0.897656 
 0.543538  0.043342  0.311597  0.101523 
 0.365234  0.245312  0.234375  0.155078 
 0.278407  0.281140  0.203827  0.236626 
 0.204998  0.248731  0.284654  0.261617 
 0.244141  0.312500  0.249219  0.194141 
 0.268359  0.277344  0.248438  0.205859 
 0.279969  0.305349  0.257321  0.157360 
 0.366797  0.220703  0.179297  0.233203 
 0.403334  0.141712  0.125361  0.329593 
 0.513094  0.092695  0.058236  0.335975 
 0.564349  0.053624  0.009985  0.372041 
 0.514622  0.080599  0.041369  0.363409 
 0.368474  0.132368  0.085888  0.413270 

