MEME version 4

ALPHABET= ACGT

strands: + -

Background letter frequencies
A 0.250000 C 0.250000 G 0.250000 T 0.250000

MOTIF M04746_2.00 ELF1 
letter-probability matrix: alength= 4 w= 12 nsites= 100 E= 0
 0.470093  0.141533  0.190677  0.197697 
 0.659200  0.093114  0.046835  0.200852 
 0.273527  0.474673  0.113170  0.138630 
 0.069612  0.767457  0.153448  0.009483 
 0.272829  0.721586  0.004189  0.001396 
 0.001394  0.001951  0.992752  0.003903 
 0.005840  0.002781  0.990267  0.001112 
 0.998598  0.000841  0.000000  0.000561 
 0.970564  0.002998  0.003543  0.022895 
 0.182137  0.035550  0.781435  0.000878 
 0.065453  0.172632  0.033545  0.728370 
 0.357203  0.142376  0.366470  0.133951 

