MEME version 4

ALPHABET= ACGT

strands: + -

Background letter frequencies
A 0.250000 C 0.250000 G 0.250000 T 0.250000

MOTIF M04728_2.00 ELF2 
letter-probability matrix: alength= 4 w= 12 nsites= 100 E= 0
 0.796345  0.031854  0.080940  0.090862 
 0.850355  0.013321  0.010213  0.126110 
 0.208674  0.601823  0.098052  0.091452 
 0.023857  0.951789  0.014911  0.009443 
 0.654701  0.345299  0.000000  0.000000 
 0.000000  0.000000  1.000000  0.000000 
 0.000000  0.000000  1.000000  0.000000 
 0.997396  0.000000  0.000000  0.002604 
 0.996877  0.001562  0.001562  0.000000 
 0.088208  0.006604  0.903302  0.001887 
 0.014911  0.027336  0.005964  0.951789 
 0.508094  0.054830  0.395822  0.041253 

