MEME version 4

ALPHABET= ACGT

strands: + -

Background letter frequencies
A 0.250000 C 0.250000 G 0.250000 T 0.250000

MOTIF M04779_2.00 ETS2 
letter-probability matrix: alength= 4 w= 20 nsites= 100 E= 0
 0.374552  0.086608  0.318565  0.220275 
 0.753158  0.021240  0.216113  0.009489 
 0.014227  0.957957  0.019423  0.008393 
 0.987558  0.011701  0.000659  0.000082 
 0.000167  0.000000  0.999500  0.000334 
 0.000250  0.000584  0.999166  0.000000 
 0.998916  0.000333  0.000417  0.000333 
 0.576185  0.024282  0.000083  0.399449 
 0.242553  0.000000  0.756779  0.000668 
 0.001001  0.389269  0.042724  0.567006 
 0.550355  0.044973  0.403755  0.000918 
 0.000250  0.748123  0.000250  0.251377 
 0.402753  0.000250  0.021777  0.575219 
 0.000250  0.000583  0.000250  0.998916 
 0.000750  0.999166  0.000000  0.000083 
 0.000000  0.999750  0.000000  0.000250 
 0.000247  0.000165  0.012193  0.987395 
 0.010599  0.018011  0.955132  0.016258 
 0.010474  0.217247  0.020633  0.751646 
 0.215418  0.318872  0.094444  0.371266 

