MEME version 4

ALPHABET= ACGT

strands: + -

Background letter frequencies
A 0.250000 C 0.250000 G 0.250000 T 0.250000

MOTIF M04723_2.00 ELF2 
letter-probability matrix: alength= 4 w= 12 nsites= 100 E= 0
 0.331343  0.118146  0.356952  0.193559 
 0.658153  0.032882  0.159963  0.149002 
 0.100950  0.274092  0.202232  0.422727 
 0.132079  0.209177  0.657813  0.000930 
 0.018952  0.980740  0.000000  0.000308 
 0.000000  0.000000  0.999058  0.000942 
 0.000628  0.000784  0.998588  0.000000 
 1.000000  0.000000  0.000000  0.000000 
 0.980891  0.005394  0.002157  0.011558 
 0.034729  0.000000  0.965271  0.000000 
 0.029538  0.082975  0.032895  0.854592 
 0.285580  0.098963  0.470625  0.144832 

