MEME version 4

ALPHABET= ACGT

strands: + -

Background letter frequencies
A 0.250000 C 0.250000 G 0.250000 T 0.250000

MOTIF M04878_2.00 GATA6 
letter-probability matrix: alength= 4 w= 12 nsites= 100 E= 0
 0.460048  0.162228  0.024213  0.353511 
 0.000000  0.011713  0.983895  0.004392 
 0.986784  0.005874  0.007342  0.000000 
 0.000000  0.000000  0.002967  0.997033 
 0.814545  0.014545  0.004848  0.166061 
 0.683622  0.063072  0.154629  0.098678 
 0.120091  0.507553  0.194109  0.178248 
 0.266129  0.121864  0.602151  0.009857 
 0.941176  0.021008  0.016807  0.021008 
 0.034530  0.031768  0.005525  0.928177 
 0.058670  0.876141  0.035202  0.029987 
 0.376112  0.050826  0.095299  0.477764 

