MEME version 4

ALPHABET= ACGT

strands: + -

Background letter frequencies
A 0.250000 C 0.250000 G 0.250000 T 0.250000

MOTIF M04889_2.00 TFCP2 
letter-probability matrix: alength= 4 w= 18 nsites= 100 E= 0
 0.586499  0.083346  0.157312  0.172843 
 0.619602  0.011431  0.120872  0.248095 
 0.000000  0.924104  0.075896  0.000000 
 0.082513  0.632054  0.026247  0.259186 
 0.271323  0.023172  0.643057  0.062449 
 0.008171  0.093640  0.898189  0.000000 
 0.225057  0.145855  0.016869  0.612220 
 0.195461  0.177307  0.059153  0.568079 
 0.177388  0.348056  0.140663  0.333893 
 0.367019  0.141383  0.282285  0.209313 
 0.553475  0.068754  0.191432  0.186339 
 0.569484  0.017066  0.160301  0.253149 
 0.000000  0.911810  0.082207  0.005983 
 0.065646  0.633002  0.014986  0.286366 
 0.259950  0.027372  0.637448  0.075231 
 0.003770  0.087824  0.908405  0.000000 
 0.277028  0.109613  0.018411  0.594948 
 0.175966  0.164433  0.079800  0.579800 

