MEME version 4

ALPHABET= ACGT

strands: + -

Background letter frequencies
A 0.250000 C 0.250000 G 0.250000 T 0.250000

MOTIF M04837_2.00 FOXB1 
letter-probability matrix: alength= 4 w= 20 nsites= 100 E= 0
 0.208159  0.280540  0.142106  0.369194 
 0.388658  0.070621  0.021213  0.519508 
 0.510652  0.090750  0.280160  0.118438 
 0.320458  0.084104  0.139071  0.456367 
 0.167847  0.044231  0.733906  0.054016 
 0.003438  0.408119  0.000977  0.587465 
 0.716701  0.280875  0.000620  0.001804 
 0.986391  0.008233  0.001624  0.003752 
 0.993424  0.000956  0.001068  0.004553 
 0.000000  0.017656  0.000000  0.982344 
 0.991462  0.000225  0.008313  0.000000 
 0.006811  0.001787  0.005248  0.986155 
 0.008030  0.002788  0.006302  0.982880 
 0.073515  0.000850  0.590884  0.334751 
 0.736761  0.004888  0.244682  0.013669 
 0.025780  0.779329  0.023074  0.171818 
 0.576947  0.075344  0.039508  0.308201 
 0.039332  0.294309  0.026040  0.640319 
 0.582277  0.013328  0.048849  0.355546 
 0.423212  0.113798  0.284326  0.178664 

