MEME version 4

ALPHABET= ACGT

strands: + -

Background letter frequencies
A 0.250000 C 0.250000 G 0.250000 T 0.250000

MOTIF M04824_2.00 FOXQ1 
letter-probability matrix: alength= 4 w= 12 nsites= 100 E= 0
 0.117647  0.332180  0.079585  0.470588 
 0.235294  0.149020  0.049020  0.566667 
 0.717122  0.037221  0.203474  0.042184 
 0.150000  0.400000  0.047222  0.402778 
 0.434211  0.049342  0.516447  0.000000 
 0.018809  0.075235  0.000000  0.905956 
 0.832853  0.112392  0.054755  0.000000 
 0.855030  0.082840  0.023669  0.038462 
 0.791781  0.027397  0.156164  0.024658 
 0.000000  0.979661  0.006780  0.013559 
 0.608421  0.044211  0.084211  0.263158 
 0.444444  0.086806  0.211806  0.256944 

