MEME version 4

ALPHABET= ACGT

strands: + -

Background letter frequencies
A 0.250000 C 0.250000 G 0.250000 T 0.250000

MOTIF M04820_2.00 FOXA1 
letter-probability matrix: alength= 4 w= 20 nsites= 100 E= 0
 0.174406  0.393965  0.120693  0.310935 
 0.334100  0.023834  0.016935  0.625131 
 0.604779  0.025735  0.304126  0.065359 
 0.504495  0.046661  0.116866  0.331978 
 0.249689  0.029241  0.686645  0.034426 
 0.010054  0.633222  0.011311  0.345413 
 0.815352  0.163197  0.003996  0.017455 
 0.970668  0.004785  0.007073  0.017475 
 0.938941  0.006874  0.003437  0.050748 
 0.000000  0.016428  0.000000  0.983572 
 0.895125  0.000583  0.104292  0.000000 
 0.003610  0.003185  0.000849  0.992355 
 0.003191  0.001702  0.002978  0.992129 
 0.006597  0.000000  0.340285  0.653118 
 0.791169  0.006165  0.199682  0.002983 
 0.011932  0.968600  0.003349  0.016119 
 0.495294  0.045597  0.005229  0.453880 
 0.030347  0.317398  0.018291  0.633964 
 0.703853  0.008679  0.013971  0.273497 
 0.423069  0.113845  0.344960  0.118125 

