MEME version 4

ALPHABET= ACGT

strands: + -

Background letter frequencies
A 0.250000 C 0.250000 G 0.250000 T 0.250000

MOTIF M05120_2.00 HOXD11 
letter-probability matrix: alength= 4 w= 16 nsites= 100 E= 0
 0.194332  0.222925  0.425607  0.157136 
 0.282062  0.157194  0.552926  0.007817 
 0.016417  0.040685  0.002617  0.940281 
 0.023546  0.930539  0.000000  0.045915 
 0.172335  0.001252  0.824536  0.001878 
 0.000000  0.000000  0.003530  0.996470 
 0.659106  0.010507  0.017345  0.313042 
 0.934279  0.000000  0.004019  0.061702 
 0.926178  0.042184  0.007734  0.023904 
 0.480779  0.153771  0.133942  0.231509 
 0.197621  0.334008  0.233806  0.234565 
 0.166203  0.077410  0.320010  0.436377 
 0.186732  0.042471  0.077220  0.693577 
 0.374886  0.041335  0.068457  0.515321 
 0.742160  0.012958  0.038498  0.206385 
 0.237035  0.288642  0.097647  0.376676 

