MEME version 4

ALPHABET= ACGT

strands: + -

Background letter frequencies
A 0.250000 C 0.250000 G 0.250000 T 0.250000

MOTIF M05370_2.00 ARGFX 
letter-probability matrix: alength= 4 w= 13 nsites= 100 E= 0
 0.176054  0.286787  0.098507  0.438652 
 0.019703  0.009644  0.008504  0.962149 
 0.953409  0.009154  0.020775  0.016662 
 0.899700  0.023936  0.069290  0.007074 
 0.054810  0.048662  0.112824  0.783704 
 0.009312  0.455158  0.012548  0.522982 
 0.055565  0.090085  0.049137  0.805213 
 0.995099  0.000000  0.004688  0.000213 
 0.999465  0.000000  0.000107  0.000428 
 0.000320  0.000854  0.001175  0.997650 
 0.004682  0.001809  0.000213  0.993296 
 0.983837  0.002113  0.007395  0.006655 
 0.371686  0.063058  0.432958  0.132298 

