MEME version 4

ALPHABET= ACGT

strands: + -

Background letter frequencies
A 0.250000 C 0.250000 G 0.250000 T 0.250000

MOTIF M05350_2.00 POU6F1 
letter-probability matrix: alength= 4 w= 14 nsites= 100 E= 0
 0.302135  0.206897  0.288998  0.201970 
 0.153931  0.104097  0.068660  0.673311 
 0.834019  0.021948  0.113855  0.030178 
 0.991843  0.000000  0.000000  0.008157 
 0.017937  0.059791  0.013453  0.908819 
 0.068323  0.086957  0.629400  0.215321 
 0.646121  0.094580  0.137088  0.122210 
 0.020107  0.164879  0.490617  0.324397 
 0.579048  0.122857  0.220952  0.077143 
 0.043056  0.058333  0.054167  0.844444 
 0.167568  0.088649  0.657297  0.086486 
 0.105701  0.461995  0.172209  0.260095 
 0.324974  0.171369  0.310345  0.193312 
 0.236842  0.279605  0.241776  0.241776 

