MEME version 4

ALPHABET= ACGT

strands: + -

Background letter frequencies
A 0.250000 C 0.250000 G 0.250000 T 0.250000

MOTIF M05355_2.00 POU6F1 
letter-probability matrix: alength= 4 w= 14 nsites= 100 E= 0
 0.303248  0.058120  0.214017  0.424615 
 0.091695  0.087765  0.054493  0.766047 
 0.973045  0.005657  0.014309  0.006988 
 0.020382  0.042357  0.006051  0.931210 
 0.021611  0.008513  0.957433  0.012443 
 0.181868  0.301846  0.024430  0.491857 
 0.083589  0.005224  0.012600  0.898586 
 0.892280  0.009460  0.092463  0.005798 
 0.995235  0.001361  0.001361  0.002042 
 0.000000  0.007929  0.100335  0.891735 
 0.048664  0.020992  0.690522  0.239822 
 0.898034  0.010135  0.069410  0.022420 
 0.059655  0.124392  0.646045  0.169907 
 0.143248  0.280342  0.379145  0.197265 

