MEME version 4

ALPHABET= ACGT

strands: + -

Background letter frequencies
A 0.250000 C 0.250000 G 0.250000 T 0.250000

MOTIF M05421_2.00 PAX7 
letter-probability matrix: alength= 4 w= 12 nsites= 100 E= 0
 0.299468  0.235913  0.231187  0.233432 
 0.270454  0.129335  0.129669  0.470542 
 0.877124  0.031289  0.067344  0.024244 
 0.987289  0.003848  0.003499  0.005364 
 0.013783  0.070081  0.018554  0.897583 
 0.003207  0.848382  0.057621  0.090791 
 0.627343  0.112486  0.253501  0.006669 
 0.906133  0.005994  0.079204  0.008670 
 0.007696  0.001516  0.003615  0.987174 
 0.018794  0.096090  0.029706  0.855411 
 0.605536  0.086689  0.084186  0.223589 
 0.252510  0.262667  0.221212  0.263612 

