MEME version 4

ALPHABET= ACGT

strands: + -

Background letter frequencies
A 0.250000 C 0.250000 G 0.250000 T 0.250000

MOTIF M05497_2.00 POU3F4 
letter-probability matrix: alength= 4 w= 14 nsites= 100 E= 0
 0.349883  0.143240  0.117031  0.389845 
 0.001555  0.000000  0.000000  0.998445 
 0.999741  0.000259  0.000000  0.000000 
 0.998704  0.000000  0.000259  0.001037 
 0.000000  0.000000  0.000000  1.000000 
 0.000000  0.000000  0.902921  0.097079 
 0.999568  0.000000  0.000000  0.000432 
 0.000000  0.086665  0.464291  0.449044 
 0.995008  0.002066  0.002926  0.000000 
 0.000691  0.000691  0.000000  0.998618 
 0.000000  0.001296  0.998704  0.000000 
 0.002066  0.995351  0.001636  0.000947 
 0.131296  0.000448  0.863922  0.004334 
 0.200934  0.333881  0.071707  0.393478 

