MEME version 4

ALPHABET= ACGT

strands: + -

Background letter frequencies
A 0.250000 C 0.250000 G 0.250000 T 0.250000

MOTIF M05428_2.00 PAX2 
letter-probability matrix: alength= 4 w= 20 nsites= 100 E= 0
 0.242000  0.378000  0.196000  0.184000 
 0.084416  0.579545  0.232143  0.103896 
 0.051282  0.000000  0.799679  0.149038 
 0.151358  0.173351  0.029754  0.645537 
 0.058659  0.696927  0.018156  0.226257 
 0.878521  0.019366  0.082746  0.019366 
 0.016296  0.739259  0.016296  0.228148 
 0.074336  0.033628  0.883186  0.008850 
 0.003053  0.761832  0.229008  0.006107 
 0.415855  0.155772  0.148818  0.279555 
 0.076012  0.419546  0.011846  0.492596 
 0.013462  0.469231  0.490385  0.026923 
 0.588443  0.038915  0.357311  0.015330 
 0.218000  0.370000  0.274000  0.138000 
 0.078859  0.424497  0.083893  0.412752 
 0.267554  0.050847  0.604116  0.077482 
 0.214429  0.517034  0.210421  0.058116 
 0.234000  0.308000  0.260000  0.198000 
 0.077042  0.508475  0.152542  0.261941 
 0.304000  0.276000  0.234000  0.186000 

