MEME version 4

ALPHABET= ACGT

strands: + -

Background letter frequencies
A 0.250000 C 0.250000 G 0.250000 T 0.250000

MOTIF M05488_2.00 POU3F1 
letter-probability matrix: alength= 4 w= 13 nsites= 100 E= 0
 0.437261  0.082516  0.321173  0.159049 
 0.014078  0.770141  0.000000  0.215780 
 0.002123  0.001225  0.982930  0.013721 
 0.106666  0.893334  0.000000  0.000000 
 1.000000  0.000000  0.000000  0.000000 
 0.000000  0.004302  0.000000  0.995698 
 0.915531  0.005945  0.000248  0.078276 
 0.874637  0.082340  0.002834  0.040189 
 0.995368  0.002398  0.002233  0.000000 
 0.000000  0.000000  0.000000  1.000000 
 0.000000  0.000000  0.000000  1.000000 
 0.996440  0.000000  0.000662  0.002898 
 0.359089  0.168411  0.173729  0.298770 

