MEME version 4

ALPHABET= ACGT

strands: + -

Background letter frequencies
A 0.250000 C 0.250000 G 0.250000 T 0.250000

MOTIF M05422_2.00 PAX7 
letter-probability matrix: alength= 4 w= 15 nsites= 100 E= 0
 0.070852  0.544721  0.170817  0.213609 
 0.239916  0.209400  0.527183  0.023501 
 0.742961  0.065954  0.111053  0.080031 
 0.021961  0.044239  0.026735  0.907066 
 0.029617  0.078688  0.064170  0.827526 
 0.284274  0.638441  0.071013  0.006272 
 0.000000  0.000000  0.998948  0.001052 
 0.025342  0.024341  0.000000  0.950317 
 0.007543  0.826806  0.001451  0.164201 
 0.993724  0.000000  0.004184  0.002092 
 0.004644  0.882353  0.000000  0.113003 
 0.060277  0.000000  0.938735  0.000988 
 0.005864  0.444981  0.538462  0.010693 
 0.180109  0.174292  0.093059  0.552540 
 0.235439  0.225263  0.249123  0.290175 

