MEME version 4

ALPHABET= ACGT

strands: + -

Background letter frequencies
A 0.250000 C 0.250000 G 0.250000 T 0.250000

MOTIF M05464_2.00 POU4F3 
letter-probability matrix: alength= 4 w= 13 nsites= 100 E= 0
 0.712877  0.109256  0.079666  0.098201 
 0.000000  0.000000  0.000000  1.000000 
 0.223918  0.061575  0.714507  0.000000 
 0.261730  0.707222  0.000000  0.031049 
 1.000000  0.000000  0.000000  0.000000 
 0.000000  0.000000  0.000000  1.000000 
 0.324344  0.022178  0.017180  0.636297 
 1.000000  0.000000  0.000000  0.000000 
 0.000000  0.000000  0.000000  1.000000 
 0.020085  0.000000  0.270027  0.709888 
 0.151762  0.324228  0.173008  0.351003 
 1.000000  0.000000  0.000000  0.000000 
 0.067100  0.215176  0.097669  0.620054 

