MEME version 4

ALPHABET= ACGT

strands: + -

Background letter frequencies
A 0.250000 C 0.250000 G 0.250000 T 0.250000

MOTIF M05436_2.00 PAX4 
letter-probability matrix: alength= 4 w= 18 nsites= 100 E= 0
 0.204304  0.137877  0.100861  0.556958 
 0.119366  0.016665  0.164241  0.699729 
 0.147796  0.392379  0.003652  0.456172 
 0.715973  0.204417  0.064510  0.015100 
 0.001438  0.911469  0.000915  0.086178 
 0.017598  0.000704  0.981276  0.000422 
 0.000000  0.869619  0.129008  0.001372 
 0.456362  0.079813  0.038578  0.425247 
 0.019273  0.170556  0.000929  0.809242 
 0.017368  0.350980  0.617480  0.014173 
 0.808491  0.008004  0.181069  0.002436 
 0.365136  0.254089  0.217360  0.163415 
 0.031820  0.472089  0.012207  0.483884 
 0.130043  0.013579  0.690851  0.165527 
 0.359489  0.485727  0.132549  0.022235 
 0.576471  0.129412  0.158967  0.135151 
 0.044960  0.645358  0.030637  0.279045 
 0.476758  0.125538  0.147920  0.249785 

