MEME version 4

ALPHABET= ACGT

strands: + -

Background letter frequencies
A 0.250000 C 0.250000 G 0.250000 T 0.250000

MOTIF M05473_2.00 POU3F2 
letter-probability matrix: alength= 4 w= 14 nsites= 100 E= 0
 0.326218  0.227696  0.177340  0.268747 
 0.039337  0.008282  0.006729  0.945652 
 0.997815  0.002185  0.000000  0.000000 
 0.993475  0.003806  0.002719  0.000000 
 0.000000  0.011278  0.007519  0.981203 
 0.011581  0.068479  0.699899  0.220040 
 0.853340  0.018683  0.060719  0.067258 
 0.036748  0.124024  0.537896  0.301332 
 0.939815  0.004630  0.043724  0.011831 
 0.007932  0.010048  0.015865  0.966155 
 0.025816  0.001948  0.889917  0.082319 
 0.000000  0.964116  0.000528  0.035356 
 0.625043  0.022580  0.283955  0.068423 
 0.286809  0.172961  0.215107  0.325123 

