MEME version 4

ALPHABET= ACGT

strands: + -

Background letter frequencies
A 0.250000 C 0.250000 G 0.250000 T 0.250000

MOTIF M05459_2.00 POU4F3 
letter-probability matrix: alength= 4 w= 13 nsites= 100 E= 0
 0.612121  0.121212  0.133333  0.133333 
 0.016484  0.054945  0.021978  0.906593 
 0.174545  0.083636  0.600000  0.141818 
 0.375000  0.468750  0.000000  0.156250 
 0.863874  0.010471  0.125654  0.000000 
 0.078534  0.000000  0.057592  0.863874 
 0.436842  0.031579  0.100000  0.431579 
 1.000000  0.000000  0.000000  0.000000 
 0.056701  0.025773  0.067010  0.850515 
 0.119454  0.068259  0.563140  0.249147 
 0.157343  0.576923  0.111888  0.153846 
 0.887097  0.000000  0.096774  0.016129 
 0.090361  0.192771  0.102410  0.614458 

