MEME version 4

ALPHABET= ACGT

strands: + -

Background letter frequencies
A 0.250000 C 0.250000 G 0.250000 T 0.250000

MOTIF M05457_2.00 POU1F1 
letter-probability matrix: alength= 4 w= 13 nsites= 100 E= 0
 0.476831  0.051320  0.302940  0.168909 
 0.000000  0.856655  0.000000  0.143345 
 0.000000  0.001988  0.998012  0.000000 
 0.378136  0.621864  0.000000  0.000000 
 0.999502  0.000000  0.000000  0.000498 
 0.000000  0.000000  0.000000  1.000000 
 0.938318  0.000000  0.000000  0.061682 
 1.000000  0.000000  0.000000  0.000000 
 1.000000  0.000000  0.000000  0.000000 
 0.000000  0.000000  0.000000  1.000000 
 0.035543  0.000000  0.000000  0.964457 
 1.000000  0.000000  0.000000  0.000000 
 0.442451  0.136522  0.131041  0.289985 

