MEME version 4

ALPHABET= ACGT

strands: + -

Background letter frequencies
A 0.250000 C 0.250000 G 0.250000 T 0.250000

MOTIF M05591_2.00 NR5A2 
letter-probability matrix: alength= 4 w= 19 nsites= 100 E= 0
 0.028187  0.256553  0.007181  0.708079 
 0.140287  0.007164  0.847884  0.004665 
 0.643362  0.025989  0.208051  0.122599 
 0.000920  0.996689  0.001104  0.001287 
 0.004585  0.994132  0.000000  0.001284 
 0.005945  0.019816  0.007746  0.966493 
 0.010703  0.096500  0.003568  0.889229 
 0.045493  0.221335  0.668140  0.065031 
 0.450055  0.132142  0.309805  0.107999 
 0.207335  0.281607  0.289163  0.221895 
 0.111500  0.294692  0.127165  0.466642 
 0.057221  0.691294  0.210343  0.041142 
 0.893775  0.002876  0.094553  0.008796 
 0.965672  0.005931  0.021747  0.006650 
 0.001651  0.000734  0.993212  0.004403 
 0.000736  0.000184  0.997793  0.001287 
 0.116795  0.210713  0.026428  0.646064 
 0.004349  0.856665  0.008864  0.130122 
 0.700914  0.010938  0.262865  0.025282 

