MEME version 4

ALPHABET= ACGT

strands: + -

Background letter frequencies
A 0.250000 C 0.250000 G 0.250000 T 0.250000

MOTIF M05539_2.00 IRF4 
letter-probability matrix: alength= 4 w= 15 nsites= 100 E= 0
 0.259402  0.355712  0.144933  0.239953 
 0.035277  0.716239  0.023702  0.224782 
 0.033359  0.012551  0.939778  0.014312 
 0.878732  0.064855  0.037266  0.019148 
 0.818330  0.009012  0.033458  0.139200 
 0.981149  0.003563  0.001149  0.014138 
 0.055367  0.734644  0.172582  0.037407 
 0.014263  0.666207  0.003796  0.315735 
 0.030303  0.001922  0.965174  0.002601 
 0.925111  0.045952  0.016907  0.012030 
 0.774803  0.008260  0.056821  0.160116 
 0.974874  0.009251  0.002056  0.013819 
 0.080379  0.713932  0.165705  0.039984 
 0.136218  0.369799  0.079728  0.414256 
 0.390887  0.185428  0.259927  0.163758 

