MEME version 4

ALPHABET= ACGT

strands: + -

Background letter frequencies
A 0.250000 C 0.250000 G 0.250000 T 0.250000

MOTIF M05569_2.00 ESR1 
letter-probability matrix: alength= 4 w= 17 nsites= 100 E= 0
 0.368625  0.158812  0.335055  0.137508 
 0.767972  0.017848  0.213684  0.000496 
 0.002525  0.000000  0.977904  0.019571 
 0.003856  0.000643  0.995501  0.000000 
 0.000000  0.000645  0.000645  0.998711 
 0.000000  0.994862  0.003854  0.001285 
 0.997424  0.001288  0.001288  0.000000 
 0.103938  0.641059  0.053583  0.201420 
 0.044574  0.450904  0.459302  0.045220 
 0.209677  0.061935  0.621935  0.106452 
 0.000000  0.032903  0.000645  0.966452 
 0.001931  0.000000  0.996782  0.001287 
 0.987883  0.012117  0.000000  0.000000 
 0.001288  0.997424  0.000000  0.001288 
 0.010814  0.985369  0.001908  0.001908 
 0.001012  0.189681  0.025797  0.783510 
 0.142119  0.341731  0.139535  0.376615 

