MEME version 4

ALPHABET= ACGT

strands: + -

Background letter frequencies
A 0.250000 C 0.250000 G 0.250000 T 0.250000

MOTIF M05524_2.00 HSF1 
letter-probability matrix: alength= 4 w= 15 nsites= 100 E= 0
 0.451324  0.054184  0.429120  0.065371 
 0.001933  0.008152  0.984116  0.005799 
 0.916631  0.027437  0.007437  0.048495 
 0.857462  0.019808  0.017099  0.105631 
 0.130791  0.428456  0.131517  0.309236 
 0.326003  0.127583  0.458881  0.087532 
 0.145232  0.027188  0.021613  0.805968 
 0.092386  0.005692  0.094008  0.807914 
 0.004177  0.988018  0.007383  0.000422 
 0.008442  0.401010  0.022347  0.568201 
 0.570104  0.017516  0.399627  0.012754 
 0.003122  0.013403  0.974817  0.008658 
 0.795536  0.096814  0.009817  0.097833 
 0.677065  0.065078  0.066640  0.191217 
 0.232579  0.305380  0.227114  0.234927 

