MEME version 4

ALPHABET= ACGT

strands: + -

Background letter frequencies
A 0.250000 C 0.250000 G 0.250000 T 0.250000

MOTIF M05594_2.00 NR5A2 
letter-probability matrix: alength= 4 w= 19 nsites= 100 E= 0
 0.017834  0.373769  0.013375  0.595021 
 0.106669  0.008491  0.880064  0.004776 
 0.642688  0.027679  0.213144  0.116489 
 0.001894  0.996023  0.001515  0.000568 
 0.004164  0.993943  0.001893  0.000000 
 0.003172  0.024813  0.002425  0.969590 
 0.007627  0.106258  0.000693  0.885422 
 0.061405  0.213665  0.665292  0.059638 
 0.439863  0.140984  0.304959  0.114193 
 0.207106  0.304769  0.287669  0.200456 
 0.114383  0.310279  0.144214  0.431123 
 0.052984  0.685519  0.204792  0.056705 
 0.892720  0.000350  0.098530  0.008400 
 0.971131  0.001676  0.023654  0.003539 
 0.000000  0.001515  0.993184  0.005301 
 0.001705  0.001515  0.996211  0.000568 
 0.122145  0.209518  0.027553  0.640784 
 0.004239  0.885376  0.010067  0.100318 
 0.620465  0.011349  0.349209  0.018977 

