MEME version 4

ALPHABET= ACGT

strands: + -

Background letter frequencies
A 0.250000 C 0.250000 G 0.250000 T 0.250000

MOTIF M05574_2.00 HNF4A 
letter-probability matrix: alength= 4 w= 15 nsites= 100 E= 0
 0.369863  0.108067  0.450533  0.071537 
 0.388640  0.013453  0.593423  0.004484 
 0.000000  0.001520  0.998480  0.000000 
 0.005487  0.004115  0.901235  0.089163 
 0.010345  0.027586  0.206897  0.755172 
 0.000000  0.950796  0.000000  0.049204 
 0.970458  0.000000  0.023634  0.005908 
 0.996965  0.000000  0.000000  0.003035 
 0.953556  0.005806  0.030479  0.010160 
 0.000000  0.004518  0.989458  0.006024 
 0.002990  0.002990  0.011958  0.982063 
 0.025707  0.844473  0.038560  0.091260 
 0.004431  0.970458  0.002954  0.022157 
 0.831343  0.002985  0.149254  0.016418 
 0.325228  0.310030  0.115502  0.249240 

