MEME version 4

ALPHABET= ACGT

strands: + -

Background letter frequencies
A 0.250000 C 0.250000 G 0.250000 T 0.250000

MOTIF M05506_2.00 HSF2 
letter-probability matrix: alength= 4 w= 15 nsites= 100 E= 0
 0.431415  0.039114  0.476338  0.053133 
 0.000000  0.008097  0.986098  0.005805 
 0.910437  0.027997  0.001975  0.059591 
 0.819891  0.016893  0.016512  0.146704 
 0.098149  0.437292  0.142614  0.321946 
 0.289156  0.144074  0.487529  0.079241 
 0.189349  0.030582  0.023727  0.756342 
 0.147297  0.000997  0.174016  0.677690 
 0.002463  0.993612  0.002925  0.001001 
 0.005627  0.428756  0.012774  0.552844 
 0.528716  0.012356  0.456029  0.002898 
 0.004409  0.013973  0.964657  0.016962 
 0.707824  0.158890  0.008334  0.124952 
 0.615113  0.091671  0.072994  0.220221 
 0.198126  0.318488  0.242661  0.240725 

