MEME version 4

ALPHABET= ACGT

strands: + -

Background letter frequencies
A 0.250000 C 0.250000 G 0.250000 T 0.250000

MOTIF M05567_2.00 RARB 
letter-probability matrix: alength= 4 w= 16 nsites= 100 E= 0
 0.450375  0.099838  0.334363  0.115424 
 0.677161  0.055638  0.245624  0.021577 
 0.009105  0.006584  0.952514  0.031797 
 0.005912  0.001892  0.804068  0.188128 
 0.035846  0.030567  0.098822  0.834766 
 0.008691  0.882086  0.049552  0.059671 
 0.818488  0.004333  0.174531  0.002648 
 0.620735  0.137353  0.093971  0.147941 
 0.620000  0.048676  0.219265  0.112059 
 0.685510  0.058178  0.247530  0.008782 
 0.009113  0.003987  0.968247  0.018653 
 0.003600  0.000900  0.765077  0.230423 
 0.037206  0.029206  0.070095  0.863492 
 0.007635  0.879917  0.042572  0.069876 
 0.779102  0.006302  0.207951  0.006645 
 0.275294  0.301176  0.148676  0.274853 

