MEME version 4

ALPHABET= ACGT

strands: + -

Background letter frequencies
A 0.250000 C 0.250000 G 0.250000 T 0.250000

MOTIF M05659_2.00 NR1D2 
letter-probability matrix: alength= 4 w= 20 nsites= 100 E= 0
 0.219203  0.105072  0.282005  0.393720 
 0.496997  0.067267  0.092793  0.342943 
 0.346591  0.005682  0.053977  0.593750 
 0.193353  0.157704  0.331118  0.317825 
 0.062321  0.079951  0.179172  0.678557 
 0.401523  0.065832  0.498912  0.033732 
 0.016007  0.000445  0.735883  0.247666 
 0.024460  0.002275  0.941411  0.031854 
 0.002250  0.041404  0.211521  0.744824 
 0.014329  0.388771  0.005403  0.591496 
 0.932394  0.000000  0.016338  0.051268 
 0.142598  0.180665  0.522659  0.154079 
 0.033774  0.062653  0.093490  0.810083 
 0.442452  0.019665  0.514748  0.023135 
 0.005677  0.000000  0.671127  0.323195 
 0.023310  0.002331  0.964452  0.009907 
 0.062271  0.057234  0.122711  0.757784 
 0.012888  0.666532  0.053967  0.266613 
 0.713055  0.007755  0.238690  0.040500 
 0.235650  0.167976  0.276133  0.320242 

