MEME version 4

ALPHABET= ACGT

strands: + -

Background letter frequencies
A 0.250000 C 0.250000 G 0.250000 T 0.250000

MOTIF M05699_2.00 NFKB2 
letter-probability matrix: alength= 4 w= 13 nsites= 100 E= 0
 0.356431  0.367301  0.106431  0.169837 
 0.012478  0.037435  0.950086  0.000000 
 0.000000  0.000000  0.992360  0.007640 
 0.006301  0.000000  0.322682  0.671017 
 0.410256  0.004624  0.517865  0.067255 
 0.224536  0.488004  0.138977  0.148483 
 0.269432  0.010917  0.024891  0.694760 
 0.035845  0.062729  0.002037  0.899389 
 0.064879  0.730884  0.000000  0.204237 
 0.045396  0.954604  0.000000  0.000000 
 0.004509  0.995491  0.000000  0.000000 
 0.008917  0.984396  0.000000  0.006687 
 0.142663  0.291214  0.216486  0.349638 

