MEME version 4

ALPHABET= ACGT

strands: + -

Background letter frequencies
A 0.250000 C 0.250000 G 0.250000 T 0.250000

MOTIF M05680_2.00 RORB 
letter-probability matrix: alength= 4 w= 22 nsites= 100 E= 0
 0.318917  0.141301  0.212942  0.326841 
 0.771766  0.068937  0.045867  0.113430 
 0.553171  0.029978  0.026507  0.390344 
 0.142621  0.361836  0.298118  0.197425 
 0.053307  0.128085  0.188549  0.630059 
 0.702961  0.004605  0.291118  0.001316 
 0.001891  0.000630  0.933186  0.064292 
 0.016667  0.010577  0.966987  0.005769 
 0.050448  0.076794  0.096973  0.775785 
 0.001607  0.959512  0.000000  0.038882 
 0.808156  0.004021  0.182654  0.005169 
 0.000658  0.503621  0.002962  0.492758 
 0.037073  0.002901  0.960026  0.000000 
 0.724493  0.148038  0.079567  0.047903 
 0.014664  0.959197  0.011157  0.014982 
 0.042155  0.952773  0.002853  0.002219 
 0.004568  0.294943  0.006199  0.694290 
 0.664906  0.183145  0.108176  0.043774 
 0.190225  0.360634  0.320013  0.129128 
 0.402198  0.031397  0.028257  0.538148 
 0.115395  0.059212  0.052327  0.773065 
 0.372400  0.223176  0.135688  0.268736 

