MEME version 4

ALPHABET= ACGT

strands: + -

Background letter frequencies
A 0.250000 C 0.250000 G 0.250000 T 0.250000

MOTIF M05650_2.00 RARG 
letter-probability matrix: alength= 4 w= 14 nsites= 100 E= 0
 0.504211  0.081905  0.289863  0.124020 
 0.730647  0.072906  0.182131  0.014316 
 0.013282  0.004981  0.952407  0.029330 
 0.002693  0.001122  0.772442  0.223743 
 0.050429  0.032274  0.049420  0.867877 
 0.003342  0.958507  0.012810  0.025341 
 0.972866  0.003674  0.014132  0.009327 
 0.006335  0.240426  0.002591  0.750648 
 0.040783  0.015769  0.935835  0.007613 
 0.781917  0.073376  0.066561  0.078146 
 0.240147  0.745344  0.006063  0.008445 
 0.041644  0.918847  0.009877  0.029632 
 0.027821  0.175425  0.085523  0.711231 
 0.139163  0.284137  0.085997  0.490703 

