MEME version 4

ALPHABET= ACGT

strands: + -

Background letter frequencies
A 0.250000 C 0.250000 G 0.250000 T 0.250000

MOTIF M05697_2.00 NFATC3 
letter-probability matrix: alength= 4 w= 14 nsites= 100 E= 0
 0.149068  0.158202  0.268177  0.424552 
 0.046646  0.009451  0.109146  0.834756 
 0.003250  0.003611  0.004334  0.988805 
 0.007815  0.009947  0.009591  0.972647 
 0.000000  0.990593  0.006874  0.002533 
 0.012917  0.982418  0.002153  0.002512 
 0.475392  0.000000  0.522421  0.002187 
 0.000730  0.526277  0.000000  0.472993 
 0.001076  0.006459  0.982418  0.010047 
 0.000721  0.008655  0.987378  0.003246 
 0.985956  0.007922  0.001080  0.005041 
 0.980659  0.009312  0.006089  0.003940 
 0.835775  0.101038  0.010073  0.053114 
 0.435879  0.267081  0.141396  0.155645 

