MEME version 4

ALPHABET= ACGT

strands: + -

Background letter frequencies
A 0.250000 C 0.250000 G 0.250000 T 0.250000

MOTIF M05689_2.00 PAX9 
letter-probability matrix: alength= 4 w= 17 nsites= 100 E= 0
 0.005601  0.261271  0.444413  0.288715 
 0.226388  0.579357  0.016228  0.178027 
 0.545365  0.054388  0.337206  0.063041 
 0.194732  0.267582  0.336509  0.201177 
 0.003373  0.334280  0.028582  0.633765 
 0.014670  0.572127  0.397718  0.015485 
 0.642549  0.002880  0.315155  0.039417 
 0.377035  0.086118  0.149100  0.387746 
 0.002633  0.322174  0.671431  0.003762 
 0.000000  0.959420  0.006987  0.033593 
 0.208297  0.002838  0.779476  0.009389 
 0.035823  0.047002  0.010163  0.907012 
 0.244977  0.005277  0.724579  0.025167 
 0.730510  0.012482  0.085942  0.171066 
 0.122444  0.848787  0.009272  0.019496 
 0.131335  0.256631  0.513263  0.098771 
 0.256863  0.202521  0.358824  0.181793 

