MEME version 4

ALPHABET= ACGT

strands: + -

Background letter frequencies
A 0.250000 C 0.250000 G 0.250000 T 0.250000

MOTIF M05719_2.00 RFX2 
letter-probability matrix: alength= 4 w= 16 nsites= 100 E= 0
 0.151034  0.370876  0.258619  0.219471 
 0.051848  0.000000  0.947450  0.000703 
 0.001715  0.029861  0.005001  0.963423 
 0.241916  0.164165  0.003850  0.590068 
 0.312688  0.066587  0.452272  0.168453 
 0.001692  0.652128  0.067360  0.278820 
 0.000050  0.676363  0.002457  0.321129 
 0.887237  0.007434  0.051316  0.054013 
 0.050466  0.050400  0.007143  0.891990 
 0.319542  0.002413  0.677995  0.000050 
 0.278191  0.067892  0.652128  0.001789 
 0.165215  0.448050  0.066951  0.319784 
 0.588215  0.005496  0.162080  0.244210 
 0.966323  0.006664  0.026440  0.000573 
 0.000210  0.944464  0.000350  0.054976 
 0.222972  0.259454  0.370532  0.147041 

