MEME version 4

ALPHABET= ACGT

strands: + -

Background letter frequencies
A 0.250000 C 0.250000 G 0.250000 T 0.250000

MOTIF M05778_2.00 LEF1 
letter-probability matrix: alength= 4 w= 15 nsites= 100 E= 0
 0.740299  0.010060  0.082208  0.167433 
 0.047483  0.877976  0.011318  0.063224 
 0.925236  0.037245  0.022867  0.014652 
 0.083180  0.000141  0.000141  0.916537 
 0.000296  0.999261  0.000000  0.000443 
 0.002692  0.039666  0.957501  0.000142 
 0.431202  0.002210  0.557896  0.008692 
 0.001328  0.000738  0.997786  0.000148 
 0.246362  0.068102  0.673749  0.011787 
 0.002838  0.956293  0.040301  0.000568 
 0.000739  0.000591  0.998078  0.000591 
 0.027963  0.952449  0.016891  0.002697 
 0.102219  0.022461  0.093477  0.781843 
 0.056781  0.011878  0.881739  0.049602 
 0.611135  0.014751  0.034707  0.339407 

