MEME version 4

ALPHABET= ACGT

strands: + -

Background letter frequencies
A 0.250000 C 0.250000 G 0.250000 T 0.250000

MOTIF M05737_2.00 GMEB1 
letter-probability matrix: alength= 4 w= 17 nsites= 100 E= 0
 0.012486  0.068841  0.280202  0.638470 
 0.056804  0.050984  0.211160  0.681052 
 0.880721  0.003269  0.106796  0.009213 
 0.000867  0.963477  0.001192  0.034464 
 0.003461  0.001898  0.992409  0.002233 
 0.001767  0.123515  0.001865  0.872852 
 0.750464  0.156255  0.061793  0.031487 
 0.665279  0.284445  0.029468  0.020808 
 0.276378  0.225084  0.209336  0.289201 
 0.020135  0.028346  0.316085  0.635433 
 0.031839  0.060197  0.153167  0.754797 
 0.873281  0.003438  0.121906  0.001375 
 0.002236  0.993740  0.001118  0.002906 
 0.035815  0.000757  0.961913  0.001515 
 0.009715  0.106860  0.002181  0.881245 
 0.700329  0.186023  0.057621  0.056026 
 0.646682  0.282227  0.058155  0.012936 

