MEME version 4

ALPHABET= ACGT

strands: + -

Background letter frequencies
A 0.250000 C 0.250000 G 0.250000 T 0.250000

MOTIF M05787_2.00 SOX7 
letter-probability matrix: alength= 4 w= 13 nsites= 100 E= 0
 0.790207  0.052659  0.062105  0.095029 
 0.000000  0.991724  0.000000  0.008276 
 0.940813  0.028619  0.000612  0.029955 
 0.884012  0.085016  0.021660  0.009313 
 0.003592  0.000000  0.001296  0.995112 
 0.252175  0.080784  0.453808  0.213233 
 0.264544  0.230810  0.242587  0.262058 
 0.207848  0.448778  0.079896  0.263479 
 0.993824  0.000529  0.000823  0.004823 
 0.009420  0.025086  0.086083  0.879411 
 0.029223  0.000223  0.028219  0.942335 
 0.007732  0.001347  0.989691  0.001230 
 0.091015  0.060832  0.062320  0.785834 

