MEME version 4

ALPHABET= ACGT

strands: + -

Background letter frequencies
A 0.250000 C 0.250000 G 0.250000 T 0.250000

MOTIF M05723_2.00 RFX1 
letter-probability matrix: alength= 4 w= 16 nsites= 100 E= 0
 0.102354  0.462510  0.235148  0.199988 
 0.006738  0.000059  0.993203  0.000000 
 0.000118  0.002763  0.000470  0.996649 
 0.185056  0.077976  0.000608  0.736360 
 0.335389  0.016627  0.573804  0.074179 
 0.000000  0.717594  0.019346  0.263060 
 0.000000  0.830850  0.000147  0.169003 
 0.979997  0.000925  0.013586  0.005492 
 0.003939  0.014018  0.000174  0.981870 
 0.168865  0.000000  0.831135  0.000000 
 0.264448  0.017486  0.717685  0.000381 
 0.077678  0.569409  0.017979  0.334934 
 0.739057  0.000000  0.078697  0.182246 
 0.996531  0.000588  0.002881  0.000000 
 0.000000  0.992331  0.000000  0.007669 
 0.198572  0.238629  0.462333  0.100466 

