MEME version 4

ALPHABET= ACGT

strands: + -

Background letter frequencies
A 0.250000 C 0.250000 G 0.250000 T 0.250000

MOTIF M05704_2.00 NFATC4 
letter-probability matrix: alength= 4 w= 14 nsites= 100 E= 0
 0.139116  0.181669  0.335516  0.343699 
 0.111925  0.050209  0.197699  0.640167 
 0.045926  0.007407  0.040000  0.906667 
 0.053779  0.024709  0.031977  0.889535 
 0.033973  0.903988  0.028065  0.033973 
 0.042424  0.927273  0.030303  0.000000 
 0.580065  0.000000  0.418301  0.001634 
 0.009709  0.409385  0.000000  0.580906 
 0.026950  0.019858  0.868085  0.085106 
 0.000000  0.009709  0.990291  0.000000 
 0.860759  0.059072  0.037975  0.042194 
 0.947368  0.027864  0.013932  0.010836 
 0.597656  0.214844  0.054688  0.132812 
 0.364975  0.307692  0.163666  0.163666 

