MEME version 4

ALPHABET= ACGT

strands: + -

Background letter frequencies
A 0.250000 C 0.250000 G 0.250000 T 0.250000

MOTIF M05725_2.00 RFX5 
letter-probability matrix: alength= 4 w= 19 nsites= 100 E= 0
 0.088294  0.405961  0.291084  0.214661 
 0.030062  0.010974  0.951242  0.007723 
 0.012521  0.018183  0.019745  0.949551 
 0.140772  0.118734  0.013101  0.727392 
 0.241326  0.015200  0.655846  0.087628 
 0.030380  0.714108  0.059126  0.196385 
 0.008228  0.288382  0.061576  0.641814 
 0.709298  0.022598  0.187692  0.080412 
 0.185973  0.183209  0.260266  0.370552 
 0.080507  0.132581  0.752923  0.033989 
 0.020495  0.564084  0.243830  0.171592 
 0.040255  0.000000  0.958093  0.001652 
 0.003222  0.003474  0.003398  0.989906 
 0.078605  0.069322  0.002526  0.849547 
 0.204752  0.010827  0.712228  0.072193 
 0.012165  0.765436  0.029171  0.193228 
 0.013790  0.351608  0.074877  0.559725 
 0.633597  0.046084  0.235214  0.085105 
 0.172763  0.170936  0.298169  0.358132 

