MEME version 4

ALPHABET= ACGT

strands: + -

Background letter frequencies
A 0.250000 C 0.250000 G 0.250000 T 0.250000

MOTIF M05772_2.00 LEF1 
letter-probability matrix: alength= 4 w= 15 nsites= 100 E= 0
 0.687531  0.018528  0.099149  0.194792 
 0.032588  0.873371  0.016294  0.077747 
 0.893810  0.055238  0.034762  0.016190 
 0.173973  0.004153  0.004615  0.817259 
 0.000000  0.993647  0.001588  0.004764 
 0.001936  0.087609  0.909487  0.000968 
 0.390871  0.002623  0.579748  0.026758 
 0.004237  0.001589  0.994174  0.000000 
 0.262969  0.071905  0.639959  0.025167 
 0.003891  0.912938  0.079767  0.003405 
 0.006319  0.000527  0.988415  0.004739 
 0.097473  0.820397  0.066787  0.015343 
 0.090701  0.031150  0.138342  0.739808 
 0.068011  0.014540  0.880394  0.037054 
 0.584304  0.024810  0.046582  0.344304 

