MEME version 4

ALPHABET= ACGT

strands: + -

Background letter frequencies
A 0.250000 C 0.250000 G 0.250000 T 0.250000

MOTIF M05813_2.00 TBX20 
letter-probability matrix: alength= 4 w= 18 nsites= 100 E= 0
 0.302306  0.107650  0.386228  0.203816 
 0.841437  0.001705  0.129254  0.027604 
 0.066174  0.023425  0.878857  0.031544 
 0.000756  0.002179  0.994485  0.002580 
 0.000310  0.007002  0.001994  0.990694 
 0.001249  0.000223  0.997146  0.001382 
 0.043392  0.024607  0.019033  0.912968 
 0.030296  0.072520  0.678828  0.218356 
 0.984519  0.000132  0.009368  0.005981 
 0.608048  0.021899  0.288299  0.081754 
 0.094798  0.194695  0.668119  0.042388 
 0.000653  0.026135  0.899379  0.073832 
 0.002407  0.216194  0.001026  0.780373 
 0.000313  0.000313  0.998795  0.000580 
 0.032176  0.051091  0.010227  0.906506 
 0.013730  0.112220  0.738982  0.135068 
 0.993685  0.000000  0.003958  0.002357 
 0.681010  0.069035  0.109741  0.140214 

