MEME version 4

ALPHABET= ACGT

strands: + -

Background letter frequencies
A 0.250000 C 0.250000 G 0.250000 T 0.250000

MOTIF M05875_2.00 POU5F1 
letter-probability matrix: alength= 4 w= 12 nsites= 100 E= 0
 0.348000  0.196000  0.188000  0.268000 
 0.318000  0.097000  0.206000  0.380000 
 0.129000  0.083000  0.047000  0.741000 
 0.968000  0.001000  0.014000  0.017000 
 0.002000  0.005000  0.001000  0.992000 
 0.001000  0.001000  0.901000  0.097000 
 0.025000  0.514000  0.091000  0.369000 
 0.594000  0.001000  0.010000  0.395000 
 0.727000  0.019000  0.130000  0.124000 
 0.970000  0.002000  0.007000  0.021000 
 0.134000  0.043000  0.080000  0.743000 
 0.188000  0.136000  0.247000  0.430000 

