MEME version 4

ALPHABET= ACGT

strands: + -

Background letter frequencies
A 0.250000 C 0.250000 G 0.250000 T 0.250000

MOTIF M07687_2.00 ZNF626 
letter-probability matrix: alength= 4 w= 27 nsites= 100 E= 0
 0.399123  0.229532  0.241228  0.130117 
 0.305556  0.369883  0.089181  0.235380 
 0.557018  0.124269  0.188596  0.130117 
 0.393275  0.334795  0.153509  0.118421 
 0.475146  0.042398  0.428363  0.054094 
 0.083333  0.089181  0.077485  0.750000 
 0.510234  0.176901  0.141813  0.171053 
 0.410819  0.270468  0.135965  0.182749 
 0.036550  0.019006  0.679825  0.264620 
 0.089181  0.083333  0.767544  0.059942 
 0.054094  0.440058  0.036550  0.469298 
 0.042398  0.042398  0.077485  0.837719 
 0.252924  0.527778  0.159357  0.059942 
 0.235380  0.194444  0.019006  0.551170 
 0.089181  0.130117  0.217836  0.562865 
 0.258772  0.241228  0.451754  0.048246 
 0.071637  0.141813  0.019006  0.767544 
 0.019006  0.019006  0.960526  0.001462 
 0.100877  0.440058  0.235380  0.223684 
 0.065790  0.510234  0.001462  0.422515 
 0.071637  0.744152  0.118421  0.065790 
 0.024854  0.942982  0.001462  0.030702 
 0.013158  0.650585  0.007310  0.328947 
 0.030702  0.019006  0.153509  0.796784 
 0.007310  0.211988  0.697368  0.083333 
 0.089181  0.656433  0.054094  0.200292 
 0.305556  0.182749  0.124269  0.387427 

