MEME version 4

ALPHABET= ACGT

strands: + -

Background letter frequencies
A 0.250000 C 0.250000 G 0.250000 T 0.250000

MOTIF M07637_2.00 ZNF680 
letter-probability matrix: alength= 4 w= 21 nsites= 100 E= 0
 0.169184  0.321761  0.259052  0.250004 
 0.114344  0.504630  0.162810  0.218216 
 0.051272  0.662415  0.031865  0.254448 
 0.244060  0.099178  0.154265  0.502497 
 0.350297  0.263878  0.149777  0.236048 
 0.599472  0.067427  0.219334  0.113767 
 0.216082  0.069560  0.346376  0.367982 
 0.000673  0.000673  0.008751  0.989903 
 0.010884  0.878898  0.000673  0.109545 
 0.008751  0.053405  0.000673  0.937171 
 0.000673  0.000673  0.000673  0.997981 
 0.000673  0.997981  0.000673  0.000673 
 0.050713  0.309461  0.000673  0.639153 
 0.058342  0.312361  0.016269  0.613027 
 0.174009  0.034576  0.494446  0.296969 
 0.129270  0.056657  0.692795  0.121277 
 0.195660  0.314588  0.227338  0.262414 
 0.029191  0.802856  0.037250  0.130703 
 0.285977  0.369008  0.160236  0.184780 
 0.174009  0.277470  0.174009  0.374512 
 0.168065  0.248970  0.317299  0.265666 

