MEME version 4

ALPHABET= ACGT

strands: + -

Background letter frequencies
A 0.250000 C 0.250000 G 0.250000 T 0.250000

MOTIF M07688_2.00 ZNF793 
letter-probability matrix: alength= 4 w= 12 nsites= 100 E= 0
 0.023893  0.000583  0.974942  0.000583 
 0.988928  0.000583  0.009907  0.000583 
 0.256993  0.000583  0.741841  0.000583 
 0.014569  0.748834  0.002914  0.233683 
 0.026224  0.807110  0.079837  0.086830 
 0.044872  0.900350  0.026224  0.028555 
 0.000583  0.981935  0.000583  0.016900 
 0.709207  0.110140  0.126457  0.054196 
 0.930653  0.000583  0.065851  0.002914 
 0.065851  0.030886  0.902681  0.000583 
 0.142774  0.574009  0.184732  0.098485 
 0.389860  0.333916  0.184732  0.091492 

