MEME version 4

ALPHABET= ACGT

strands: + -

Background letter frequencies
A 0.250000 C 0.250000 G 0.250000 T 0.250000

MOTIF M07673_2.00 ZNF479 
letter-probability matrix: alength= 4 w= 18 nsites= 100 E= 0
 0.203125  0.313244  0.280506  0.203125 
 0.170387  0.298363  0.325149  0.206101 
 0.283482  0.256696  0.268601  0.191220 
 0.429315  0.042411  0.462054  0.066220 
 0.000744  0.218006  0.176339  0.604911 
 0.012649  0.935268  0.018601  0.033482 
 0.003720  0.991815  0.000744  0.003720 
 0.087054  0.628720  0.015625  0.268601 
 0.048363  0.712054  0.045387  0.194196 
 0.447173  0.500744  0.012649  0.039434 
 0.372768  0.057292  0.551339  0.018601 
 0.578125  0.006696  0.381696  0.033482 
 0.241815  0.000744  0.756696  0.000744 
 0.000744  0.015625  0.167411  0.816220 
 0.000744  0.997768  0.000744  0.000744 
 0.527530  0.209077  0.063244  0.200149 
 0.006696  0.069196  0.015625  0.908482 
 0.009673  0.962054  0.012649  0.015625 

