MEME version 4

ALPHABET= ACGT

strands: + -

Background letter frequencies
A 0.250000 C 0.250000 G 0.250000 T 0.250000

MOTIF M07631_2.00 ZNF584 
letter-probability matrix: alength= 4 w= 21 nsites= 100 E= 0
 0.467557  0.124046  0.162214  0.246183 
 0.490458  0.162214  0.215649  0.131679 
 0.070611  0.017176  0.009542  0.902672 
 0.040076  0.017176  0.024809  0.917939 
 0.017176  0.032443  0.009542  0.940840 
 0.200382  0.643130  0.040076  0.116412 
 0.696565  0.146947  0.101145  0.055343 
 0.704198  0.001908  0.208015  0.085878 
 0.917939  0.047710  0.017176  0.017176 
 0.788168  0.009542  0.001908  0.200382 
 0.314885  0.276718  0.101145  0.307252 
 0.124046  0.017176  0.093511  0.765267 
 0.101145  0.001908  0.895038  0.001908 
 0.001908  0.627863  0.009542  0.360687 
 0.085878  0.154580  0.055343  0.704198 
 0.582061  0.055343  0.139313  0.223282 
 0.177481  0.062977  0.047710  0.711832 
 0.009542  0.001908  0.986641  0.001908 
 0.070611  0.001908  0.864504  0.062977 
 0.330153  0.070611  0.437023  0.162214 
 0.253817  0.459924  0.101145  0.185115 

