MEME version 4

ALPHABET= ACGT

strands: + -

Background letter frequencies
A 0.250000 C 0.250000 G 0.250000 T 0.250000

MOTIF M07668_2.00 ZNF530 
letter-probability matrix: alength= 4 w= 18 nsites= 100 E= 0
 0.109944  0.325630  0.216387  0.348039 
 0.107143  0.390056  0.275210  0.227591 
 0.112745  0.656162  0.126751  0.104342 
 0.132353  0.306022  0.171569  0.390056 
 0.070728  0.042717  0.757003  0.129552 
 0.045518  0.600140  0.331232  0.023109 
 0.006303  0.967087  0.000700  0.025910 
 0.000700  0.936275  0.000700  0.062325 
 0.000700  0.995098  0.000700  0.003501 
 0.023109  0.084734  0.000700  0.891457 
 0.140756  0.261204  0.193978  0.404062 
 0.087535  0.065126  0.308824  0.538515 
 0.003501  0.995098  0.000700  0.000700 
 0.000700  0.941877  0.006303  0.051120 
 0.199580  0.252801  0.056723  0.490896 
 0.006303  0.006303  0.034314  0.953081 
 0.045518  0.121148  0.342437  0.490896 
 0.003501  0.941877  0.020308  0.034314 

