MEME version 4

ALPHABET= ACGT

strands: + -

Background letter frequencies
A 0.250000 C 0.250000 G 0.250000 T 0.250000

MOTIF M07685_2.00 ZFP69B 
letter-probability matrix: alength= 4 w= 12 nsites= 100 E= 0
 0.081806  0.390707  0.231021  0.296466 
 0.008508  0.176047  0.212696  0.602749 
 0.042539  0.265052  0.045157  0.647251 
 0.008508  0.000654  0.003272  0.987565 
 0.000654  0.990183  0.000654  0.008508 
 0.000654  0.992801  0.000654  0.005890 
 0.990183  0.000654  0.000654  0.008508 
 0.003272  0.000654  0.990183  0.005890 
 0.063482  0.901178  0.016361  0.018979 
 0.060864  0.903796  0.000654  0.034686 
 0.665576  0.134162  0.047775  0.152487 
 0.005890  0.992801  0.000654  0.000654 

