MEME version 4

ALPHABET= ACGT

strands: + -

Background letter frequencies
A 0.250000 C 0.250000 G 0.250000 T 0.250000

MOTIF M07704_2.00 ZNF605 
letter-probability matrix: alength= 4 w= 21 nsites= 100 E= 0
 0.125556  0.383333  0.285556  0.205556 
 0.312222  0.298889  0.112222  0.276667 
 0.081111  0.445556  0.196667  0.276667 
 0.090000  0.312222  0.094444  0.503333 
 0.370000  0.152222  0.134444  0.343333 
 0.023333  0.014444  0.383333  0.578889 
 0.005556  0.076667  0.850000  0.067778 
 0.036667  0.001111  0.778889  0.183333 
 0.001111  0.316667  0.183333  0.498889 
 0.081111  0.356667  0.285556  0.276667 
 0.023333  0.294444  0.067778  0.614444 
 0.001111  0.801111  0.001111  0.196667 
 0.001111  0.001111  0.023333  0.974444 
 0.485556  0.192222  0.107778  0.214444 
 0.321111  0.312222  0.018889  0.347778 
 0.196667  0.236667  0.338889  0.227778 
 0.187778  0.312222  0.254444  0.245556 
 0.276667  0.601111  0.054444  0.067778 
 0.001111  0.898889  0.027778  0.072222 
 0.036667  0.881111  0.001111  0.081111 
 0.196667  0.507778  0.014444  0.281111 

