MEME version 4

ALPHABET= ACGT

strands: + -

Background letter frequencies
A 0.250000 C 0.250000 G 0.250000 T 0.250000

MOTIF M07764_2.00 ZNF880 
letter-probability matrix: alength= 4 w= 27 nsites= 100 E= 0
 0.054825  0.660088  0.054825  0.230263 
 0.054825  0.089912  0.002193  0.853070 
 0.037281  0.063597  0.651316  0.247807 
 0.037281  0.756579  0.028509  0.177632 
 0.449561  0.203947  0.125000  0.221491 
 0.019737  0.879386  0.002193  0.098684 
 0.028509  0.177632  0.002193  0.791667 
 0.002193  0.695175  0.002193  0.300439 
 0.054825  0.151316  0.028509  0.765351 
 0.002193  0.844298  0.002193  0.151316 
 0.010965  0.835526  0.002193  0.151316 
 0.010965  0.940789  0.002193  0.046053 
 0.203947  0.528509  0.002193  0.265351 
 0.107456  0.414474  0.037281  0.440789 
 0.125000  0.309211  0.107456  0.458333 
 0.019737  0.712719  0.072368  0.195175 
 0.054825  0.765351  0.037281  0.142544 
 0.081140  0.695175  0.037281  0.186404 
 0.317982  0.379386  0.133772  0.168860 
 0.239035  0.405702  0.125000  0.230263 
 0.089912  0.449561  0.160088  0.300439 
 0.186404  0.475877  0.081140  0.256579 
 0.212719  0.326754  0.089912  0.370614 
 0.168860  0.335526  0.212719  0.282895 
 0.186404  0.572368  0.098684  0.142544 
 0.247807  0.370614  0.046053  0.335526 
 0.195175  0.379386  0.195175  0.230263 

