MEME version 4

ALPHABET= ACGT

strands: + -

Background letter frequencies
A 0.250000 C 0.250000 G 0.250000 T 0.250000

MOTIF M07771_2.00 ZNF674 
letter-probability matrix: alength= 4 w= 12 nsites= 100 E= 0
 0.121990  0.352387  0.227491  0.298132 
 0.058780  0.295329  0.103032  0.542860 
 0.023635  0.356007  0.312470  0.307888 
 0.001108  0.247289  0.001108  0.750495 
 0.135452  0.001108  0.822454  0.040986 
 0.001108  0.001108  0.868000  0.129784 
 0.005543  0.342515  0.154207  0.497735 
 0.001108  0.001108  0.983184  0.014600 
 0.138641  0.686299  0.129648  0.045413 
 0.055326  0.379346  0.001108  0.564219 
 0.005543  0.974519  0.001108  0.018830 
 0.001108  0.996677  0.001108  0.001108 

