MEME version 4

ALPHABET= ACGT

strands: + -

Background letter frequencies
A 0.250000 C 0.250000 G 0.250000 T 0.250000

MOTIF M07747_2.00 ZNF808 
letter-probability matrix: alength= 4 w= 21 nsites= 100 E= 0
 0.394084  0.058206  0.115458  0.432252 
 0.031489  0.000954  0.855916  0.111641 
 0.039122  0.100191  0.855916  0.004771 
 0.111641  0.111641  0.062023  0.714695 
 0.027672  0.943702  0.000954  0.027672 
 0.042939  0.111641  0.000954  0.844466 
 0.359733  0.329198  0.294847  0.016221 
 0.081107  0.439885  0.020038  0.458969 
 0.775763  0.065840  0.073473  0.084924 
 0.848282  0.065840  0.081107  0.004771 
 0.852099  0.008588  0.077290  0.062023 
 0.199427  0.145992  0.508588  0.145992 
 0.218511  0.134542  0.397901  0.249046 
 0.355916  0.149809  0.451336  0.042939 
 0.138359  0.634542  0.184160  0.042939 
 0.203244  0.504771  0.046756  0.245229 
 0.115458  0.375000  0.107824  0.401718 
 0.142176  0.073473  0.436069  0.348282 
 0.126908  0.271947  0.336832  0.264313 
 0.115458  0.126908  0.104008  0.653626 
 0.241412  0.180344  0.104008  0.474237 

