MEME version 4

ALPHABET= ACGT

strands: + -

Background letter frequencies
A 0.250000 C 0.250000 G 0.250000 T 0.250000

MOTIF M07727_2.00 ZNF460 
letter-probability matrix: alength= 4 w= 12 nsites= 100 E= 0
 0.157000  0.669000  0.173000  0.001000 
 0.001000  0.233000  0.661000  0.105000 
 0.001000  0.853000  0.145000  0.001000 
 0.041000  0.957000  0.001000  0.001000 
 0.265000  0.097000  0.501000  0.137000 
 0.001000  0.997000  0.001000  0.001000 
 0.001000  0.997000  0.001000  0.001000 
 0.105000  0.001000  0.285000  0.609000 
 0.001000  0.997000  0.001000  0.001000 
 0.001000  0.777000  0.221000  0.001000 
 0.037000  0.773000  0.045000  0.145000 
 0.037000  0.681000  0.189000  0.093000 

