MEME version 4

ALPHABET= ACGT

strands: + -

Background letter frequencies
A 0.250000 C 0.250000 G 0.250000 T 0.250000

MOTIF M07710_2.00 ZNF33B 
letter-probability matrix: alength= 4 w= 21 nsites= 100 E= 0
 0.873547  0.013081  0.053779  0.059593 
 0.111919  0.024709  0.088663  0.774709 
 0.007267  0.117733  0.111919  0.763081 
 0.501453  0.408430  0.077035  0.013081 
 0.809593  0.170058  0.018895  0.001453 
 0.989826  0.001453  0.001453  0.007267 
 0.007267  0.059593  0.018895  0.914244 
 0.170058  0.164244  0.036337  0.629360 
 0.024709  0.838663  0.001453  0.135174 
 0.001453  0.827035  0.001453  0.170058 
 0.199128  0.425872  0.001453  0.373547 
 0.047965  0.111919  0.001453  0.838663 
 0.059593  0.536337  0.094477  0.309593 
 0.036337  0.414244  0.042151  0.507267 
 0.187500  0.251453  0.390988  0.170058 
 0.292151  0.152616  0.059593  0.495640 
 0.047965  0.082849  0.053779  0.815407 
 0.257267  0.088663  0.222384  0.431686 
 0.501453  0.216570  0.239826  0.042151 
 0.652616  0.210756  0.100291  0.036337 
 0.670058  0.024709  0.117733  0.187500 

