MEME version 4

ALPHABET= ACGT

strands: + -

Background letter frequencies
A 0.250000 C 0.250000 G 0.250000 T 0.250000

MOTIF M07728_2.00 ZNF81 
letter-probability matrix: alength= 4 w= 18 nsites= 100 E= 0
 0.010417  0.010417  0.010417  0.968750 
 0.052083  0.718750  0.010417  0.218750 
 0.093750  0.260417  0.135417  0.510417 
 0.177083  0.343750  0.218750  0.260417 
 0.427083  0.093750  0.260417  0.218750 
 0.593750  0.052083  0.302083  0.052083 
 0.052083  0.468750  0.468750  0.010417 
 0.010417  0.010417  0.010417  0.968750 
 0.260417  0.052083  0.677083  0.010417 
 0.010417  0.010417  0.968750  0.010417 
 0.010417  0.010417  0.010417  0.968750 
 0.093750  0.135417  0.468750  0.302083 
 0.052083  0.468750  0.218750  0.260417 
 0.052083  0.510417  0.218750  0.218750 
 0.927083  0.052083  0.010417  0.010417 
 0.010417  0.927083  0.010417  0.052083 
 0.010417  0.885417  0.010417  0.093750 
 0.718750  0.010417  0.093750  0.177083 

