MEME version 4

ALPHABET= ACGT

strands: + -

Background letter frequencies
A 0.250000 C 0.250000 G 0.250000 T 0.250000

MOTIF M07865_2.00 CTCF 
letter-probability matrix: alength= 4 w= 16 nsites= 100 E= 0
 0.269777  0.413793  0.204868  0.111562 
 0.018256  0.344828  0.233266  0.403651 
 0.403651  0.066937  0.448276  0.081136 
 0.016227  0.363083  0.567952  0.052738 
 0.014199  0.582150  0.004057  0.399594 
 0.060852  0.012170  0.845842  0.081136 
 0.052738  0.817445  0.036511  0.093306 
 0.000000  0.995943  0.000000  0.004057 
 0.344828  0.598377  0.026369  0.030426 
 0.010142  0.574036  0.004057  0.411765 
 0.000000  0.995944  0.002028  0.002028 
 0.034483  0.040568  0.014199  0.910750 
 0.298174  0.066937  0.523327  0.111562 
 0.024341  0.334686  0.606490  0.034483 
 0.077079  0.168357  0.030426  0.724138 
 0.006085  0.000000  0.991887  0.002028 

