MEME version 4

ALPHABET= ACGT

strands: + -

Background letter frequencies
A 0.250000 C 0.250000 G 0.250000 T 0.250000

MOTIF M07898_2.00 CTCF 
letter-probability matrix: alength= 4 w= 14 nsites= 100 E= 0
 0.044000  0.608000  0.010000  0.338000 
 0.096000  0.016000  0.776000  0.112000 
 0.048000  0.834000  0.030000  0.088000 
 0.002000  0.970000  0.000000  0.028000 
 0.302000  0.626000  0.036000  0.036000 
 0.012000  0.594000  0.004000  0.390000 
 0.002000  0.988000  0.004000  0.006000 
 0.018000  0.062000  0.010000  0.910000 
 0.322000  0.062000  0.518000  0.098000 
 0.004000  0.396000  0.576000  0.024000 
 0.118000  0.172000  0.030000  0.680000 
 0.002000  0.002000  0.982000  0.014000 
 0.042000  0.058000  0.826000  0.074000 
 0.118000  0.544000  0.082000  0.256000 

