MEME version 4

ALPHABET= ACGT

strands: + -

Background letter frequencies
A 0.250000 C 0.250000 G 0.250000 T 0.250000

MOTIF M07819_2.00 JUND 
letter-probability matrix: alength= 4 w= 14 nsites= 100 E= 0
 0.083532  0.331742  0.415274  0.169451 
 0.496420  0.202864  0.293556  0.007160 
 0.000000  0.000000  0.000000  1.000000 
 0.000000  0.000000  0.880668  0.119332 
 0.961814  0.000000  0.026253  0.011933 
 0.000000  0.949880  0.035800  0.014320 
 0.126492  0.004773  0.868735  0.000000 
 0.000000  0.000000  0.000000  1.000000 
 0.000000  0.997613  0.002387  0.000000 
 1.000000  0.000000  0.000000  0.000000 
 0.007160  0.534606  0.002387  0.455847 
 0.071599  0.601432  0.028640  0.298329 
 0.214797  0.319809  0.284010  0.181384 
 0.233890  0.365155  0.167064  0.233890 

