MEME version 4

ALPHABET= ACGT

strands: + -

Background letter frequencies
A 0.250000 C 0.250000 G 0.250000 T 0.250000

MOTIF M07840_2.00 MAFK 
letter-probability matrix: alength= 4 w= 13 nsites= 100 E= 0
 0.132000  0.124000  0.186000  0.558000 
 0.068000  0.196000  0.676000  0.060000 
 0.276000  0.580000  0.040000  0.104000 
 0.138000  0.112000  0.058000  0.692000 
 0.202000  0.050000  0.640000  0.108000 
 0.728000  0.066000  0.104000  0.102000 
 0.078000  0.326000  0.572000  0.024000 
 0.004000  0.000000  0.010000  0.986000 
 0.018000  0.980000  0.002000  0.000000 
 0.994000  0.000000  0.004000  0.002000 
 0.002000  0.002000  0.954000  0.042000 
 0.006000  0.988000  0.006000  0.000000 
 0.882000  0.006000  0.048000  0.064000 

