MEME version 4

ALPHABET= ACGT

strands: + -

Background letter frequencies
A 0.250000 C 0.250000 G 0.250000 T 0.250000

MOTIF M07930_2.00 CTCFL 
letter-probability matrix: alength= 4 w= 15 nsites= 100 E= 0
 0.270000  0.114000  0.492000  0.124000 
 0.086000  0.140000  0.726000  0.048000 
 0.044000  0.812000  0.046000  0.098000 
 0.000000  0.008000  0.914000  0.078000 
 0.054000  0.914000  0.018000  0.014000 
 0.008000  0.974000  0.000000  0.018000 
 0.118000  0.750000  0.070000  0.062000 
 0.008000  0.838000  0.004000  0.150000 
 0.002000  0.988000  0.002000  0.008000 
 0.046000  0.072000  0.058000  0.824000 
 0.190000  0.108000  0.594000  0.108000 
 0.016000  0.314000  0.554000  0.116000 
 0.150000  0.426000  0.136000  0.288000 
 0.010000  0.012000  0.956000  0.022000 
 0.018000  0.108000  0.820000  0.054000 

