MEME version 4

ALPHABET= ACGT

strands: + -

Background letter frequencies
A 0.250000 C 0.250000 G 0.250000 T 0.250000

MOTIF M07955_2.00 GABPA 
letter-probability matrix: alength= 4 w= 15 nsites= 100 E= 0
 0.140969  0.462555  0.257709  0.138767 
 0.118943  0.222467  0.522026  0.136564 
 0.171806  0.255507  0.497797  0.074890 
 0.350220  0.308370  0.231278  0.110132 
 0.411894  0.176211  0.363436  0.048458 
 0.061674  0.711454  0.226872  0.000000 
 0.059471  0.940529  0.000000  0.000000 
 0.000000  0.000000  1.000000  0.000000 
 0.000000  0.000000  1.000000  0.000000 
 1.000000  0.000000  0.000000  0.000000 
 1.000000  0.000000  0.000000  0.000000 
 0.099119  0.011013  0.889868  0.000000 
 0.028634  0.231278  0.057269  0.682819 
 0.145374  0.176211  0.572688  0.105727 
 0.248899  0.297357  0.374449  0.079295 

