MEME version 4

ALPHABET= ACGT

strands: + -

Background letter frequencies
A 0.250000 C 0.250000 G 0.250000 T 0.250000

MOTIF M07946_2.00 SPI1 
letter-probability matrix: alength= 4 w= 15 nsites= 100 E= 0
 0.504000  0.122000  0.268000  0.106000 
 0.582000  0.044000  0.342000  0.032000 
 0.906000  0.008000  0.068000  0.018000 
 0.924000  0.006000  0.042000  0.028000 
 0.770000  0.000000  0.036000  0.194000 
 0.090000  0.080000  0.826000  0.004000 
 0.746000  0.038000  0.216000  0.000000 
 0.010000  0.000000  0.990000  0.000000 
 0.000000  0.002000  0.998000  0.000000 
 1.000000  0.000000  0.000000  0.000000 
 1.000000  0.000000  0.000000  0.000000 
 0.004000  0.074000  0.922000  0.000000 
 0.016000  0.028000  0.018000  0.938000 
 0.000000  0.138000  0.858000  0.004000 
 0.280000  0.270000  0.392000  0.058000 

