MEME version 4

ALPHABET= ACGT

strands: + -

Background letter frequencies
A 0.250000 C 0.250000 G 0.250000 T 0.250000

MOTIF M07983_2.00 SRF 
letter-probability matrix: alength= 4 w= 18 nsites= 100 E= 0
 0.190231  0.347044  0.187661  0.275064 
 0.439589  0.213368  0.156812  0.190231 
 0.185090  0.125964  0.107969  0.580977 
 0.128535  0.131105  0.437018  0.303342 
 0.223650  0.303342  0.244216  0.228792 
 0.002571  0.976863  0.002571  0.017995 
 0.000000  0.920308  0.000000  0.079692 
 0.748073  0.046272  0.015424  0.190231 
 0.465296  0.017995  0.020566  0.496144 
 0.976864  0.005141  0.010283  0.007712 
 0.305913  0.051414  0.000000  0.642673 
 0.897172  0.015424  0.017995  0.069409 
 0.673522  0.015424  0.017995  0.293059 
 0.020566  0.000000  0.979434  0.000000 
 0.005141  0.000000  0.989718  0.005141 
 0.329049  0.349614  0.192802  0.128535 
 0.508997  0.262211  0.154242  0.074550 
 0.519280  0.110540  0.187661  0.182519 

