MEME version 4

ALPHABET= ACGT

strands: + -

Background letter frequencies
A 0.250000 C 0.250000 G 0.250000 T 0.250000

MOTIF M07985_2.00 ESR1 
letter-probability matrix: alength= 4 w= 14 nsites= 100 E= 0
 0.300000  0.104000  0.348000  0.248000 
 0.214000  0.142000  0.480000  0.164000 
 0.116000  0.364000  0.354000  0.166000 
 0.086000  0.552000  0.094000  0.268000 
 0.222000  0.646000  0.108000  0.024000 
 0.864000  0.048000  0.084000  0.004000 
 0.926000  0.000000  0.072000  0.002000 
 0.032000  0.000000  0.962000  0.006000 
 0.002000  0.008000  0.944000  0.046000 
 0.086000  0.070000  0.158000  0.686000 
 0.000000  0.904000  0.070000  0.026000 
 0.862000  0.050000  0.062000  0.026000 
 0.152000  0.466000  0.236000  0.146000 
 0.336000  0.246000  0.222000  0.196000 

