MEME version 4

ALPHABET= ACGT

strands: + -

Background letter frequencies
A 0.250000 C 0.250000 G 0.250000 T 0.250000

MOTIF M07929_2.00 EGR1 
letter-probability matrix: alength= 4 w= 20 nsites= 100 E= 0
 0.139394  0.462626  0.244444  0.153535 
 0.151515  0.456566  0.226263  0.165657 
 0.127273  0.460606  0.256566  0.155556 
 0.169697  0.442424  0.230303  0.157576 
 0.171717  0.482828  0.177778  0.167677 
 0.181818  0.355556  0.294949  0.167677 
 0.101010  0.488889  0.250505  0.159596 
 0.169697  0.444444  0.187879  0.197980 
 0.135354  0.400000  0.216162  0.248485 
 0.183838  0.739394  0.008081  0.068687 
 0.004040  0.979798  0.000000  0.016162 
 0.197980  0.000000  0.696969  0.105051 
 0.000000  1.000000  0.000000  0.000000 
 0.000000  0.997980  0.002020  0.000000 
 0.000000  0.951515  0.000000  0.048485 
 0.515151  0.476768  0.008081  0.000000 
 0.000000  0.997980  0.002020  0.000000 
 0.070707  0.006061  0.802020  0.121212 
 0.000000  0.903031  0.042424  0.054545 
 0.406061  0.292929  0.171717  0.129293 

