MEME version 4

ALPHABET= ACGT

strands: + -

Background letter frequencies
A 0.250000 C 0.250000 G 0.250000 T 0.250000

MOTIF M08016_2.00 STAT3 
letter-probability matrix: alength= 4 w= 13 nsites= 100 E= 0
 0.164905  0.435518  0.190275  0.209302 
 0.503171  0.162791  0.137421  0.196617 
 0.175476  0.224101  0.143763  0.456660 
 0.021142  0.000000  0.008457  0.970401 
 0.000000  0.000000  0.000000  1.000000 
 0.143763  0.824525  0.002114  0.029598 
 0.000000  0.915433  0.000000  0.084567 
 0.179704  0.431290  0.004228  0.384778 
 0.295983  0.006342  0.678648  0.019027 
 0.067653  0.006342  0.672305  0.253700 
 0.744186  0.202960  0.000000  0.052854 
 0.896406  0.038055  0.029598  0.035941 
 0.300211  0.128964  0.321353  0.249471 

