MEME version 4

ALPHABET= ACGT

strands: + -

Background letter frequencies
A 0.250000 C 0.250000 G 0.250000 T 0.250000

MOTIF M08018_2.00 STAT3 
letter-probability matrix: alength= 4 w= 15 nsites= 100 E= 0
 0.152000  0.400000  0.224000  0.224000 
 0.416000  0.224000  0.180000  0.180000 
 0.140000  0.242000  0.110000  0.508000 
 0.002000  0.004000  0.012000  0.982000 
 0.004000  0.024000  0.026000  0.946000 
 0.074000  0.894000  0.002000  0.030000 
 0.010000  0.852000  0.000000  0.138000 
 0.156000  0.478000  0.002000  0.364000 
 0.394000  0.010000  0.556000  0.040000 
 0.058000  0.022000  0.708000  0.212000 
 0.676000  0.260000  0.010000  0.054000 
 0.858000  0.030000  0.054000  0.058000 
 0.278000  0.234000  0.278000  0.210000 
 0.272000  0.200000  0.190000  0.338000 
 0.160000  0.278000  0.332000  0.230000 

