MEME version 4

ALPHABET= ACGT

strands: + -

Background letter frequencies
A 0.250000 C 0.250000 G 0.250000 T 0.250000

MOTIF M08009_2.00 RFX5 
letter-probability matrix: alength= 4 w= 15 nsites= 100 E= 0
 0.106383  0.118203  0.151300  0.624114 
 0.092199  0.685579  0.122931  0.099291 
 0.605201  0.118203  0.186761  0.089835 
 0.066194  0.326241  0.286052  0.321513 
 0.047281  0.550828  0.113475  0.288416 
 0.267139  0.054374  0.193853  0.484634 
 0.014184  0.000000  0.981088  0.004728 
 0.000000  0.030733  0.004728  0.964539 
 0.075650  0.158392  0.018913  0.747045 
 0.212766  0.007092  0.621750  0.158392 
 0.009456  0.926715  0.011820  0.052009 
 0.000000  0.411348  0.004728  0.583924 
 0.635933  0.018913  0.321513  0.023641 
 0.172577  0.014184  0.657211  0.156028 
 0.049645  0.080378  0.822696  0.047281 

