MEME version 4

ALPHABET= ACGT

strands: + -

Background letter frequencies
A 0.250000 C 0.250000 G 0.250000 T 0.250000

MOTIF M08001_2.00 RELA 
letter-probability matrix: alength= 4 w= 15 nsites= 100 E= 0
 0.275210  0.237395  0.180672  0.306723 
 0.415966  0.054622  0.294118  0.235294 
 0.000000  0.000000  0.964286  0.035714 
 0.000000  0.000000  1.000000  0.000000 
 0.000000  0.000000  0.941176  0.058824 
 0.409664  0.008403  0.535715  0.046218 
 0.443277  0.319328  0.119748  0.117647 
 0.161765  0.027311  0.000000  0.810924 
 0.016807  0.035714  0.031513  0.915966 
 0.000000  0.165966  0.014706  0.819328 
 0.014706  0.936975  0.000000  0.048319 
 0.006303  0.939075  0.000000  0.054622 
 0.399160  0.415966  0.069328  0.115546 
 0.357143  0.231092  0.296218  0.115546 
 0.283613  0.182773  0.359244  0.174370 

