MEME version 4

ALPHABET= ACGT

strands: + -

Background letter frequencies
A 0.250000 C 0.250000 G 0.250000 T 0.250000

MOTIF M08111_2.00 FLI1 
letter-probability matrix: alength= 4 w= 18 nsites= 100 E= 0
 0.000000  0.000000  1.000000  0.000000 
 0.019048  0.000000  0.980952  0.000000 
 0.990476  0.000000  0.009524  0.000000 
 0.990476  0.000000  0.009524  0.000000 
 0.009524  0.000000  0.990476  0.000000 
 0.019048  0.000000  0.971429  0.009524 
 0.980952  0.000000  0.019048  0.000000 
 0.971429  0.000000  0.028571  0.000000 
 0.000000  0.000000  0.990476  0.009524 
 0.000000  0.019048  0.980952  0.000000 
 0.942857  0.038095  0.019048  0.000000 
 1.000000  0.000000  0.000000  0.000000 
 0.000000  0.000000  1.000000  0.000000 
 0.000000  0.019048  0.980952  0.000000 
 0.952381  0.028571  0.000000  0.019048 
 0.971429  0.000000  0.019048  0.009524 
 0.047619  0.000000  0.923810  0.028571 
 0.028571  0.028571  0.923810  0.019048 

