MEME version 4

ALPHABET= ACGT

strands: + -

Background letter frequencies
A 0.250000 C 0.250000 G 0.250000 T 0.250000

MOTIF M08294_2.00 ZNF574 
letter-probability matrix: alength= 4 w= 12 nsites= 100 E= 0
 0.071746  0.897189  0.030325  0.000740 
 0.018491  0.213757  0.009615  0.758136 
 0.997781  0.000740  0.000740  0.000740 
 0.000740  0.033284  0.965237  0.000740 
 0.997781  0.000740  0.000740  0.000740 
 0.051035  0.006657  0.941568  0.000740 
 0.299556  0.559911  0.107249  0.033284 
 0.024408  0.015532  0.959320  0.000740 
 0.056953  0.113166  0.645710  0.184172 
 0.125000  0.811391  0.000740  0.062870 
 0.080621  0.613166  0.175296  0.130917 
 0.142751  0.503698  0.299556  0.053994 

