MEME version 4

ALPHABET= ACGT

strands: + -

Background letter frequencies
A 0.250000 C 0.250000 G 0.250000 T 0.250000

MOTIF M08278_2.00 ZNF76 
letter-probability matrix: alength= 4 w= 21 nsites= 100 E= 0
 0.051897  0.393415  0.362165  0.192522 
 0.092076  0.757254  0.040737  0.109933 
 0.049665  0.221540  0.688058  0.040737 
 0.058594  0.826451  0.036272  0.078683 
 0.346540  0.054129  0.516183  0.083147 
 0.243862  0.138951  0.469308  0.147879 
 0.228237  0.038504  0.446987  0.286272 
 0.007254  0.020647  0.953683  0.018415 
 0.069754  0.659040  0.221540  0.049665 
 0.498326  0.397879  0.038504  0.065290 
 0.011719  0.223772  0.011719  0.752790 
 0.013951  0.185826  0.404576  0.395647 
 0.112165  0.705915  0.107701  0.074219 
 0.018415  0.188058  0.000558  0.792969 
 0.005022  0.000558  0.993862  0.000558 
 0.000558  0.000558  0.998326  0.000558 
 0.009487  0.000558  0.982701  0.007254 
 0.909040  0.016183  0.038504  0.036272 
 0.382254  0.123326  0.404576  0.089844 
 0.239397  0.143415  0.150112  0.467076 
 0.051897  0.134487  0.125558  0.688058 

