MEME version 4

ALPHABET= ACGT

strands: + -

Background letter frequencies
A 0.250000 C 0.250000 G 0.250000 T 0.250000

MOTIF M08247_2.00 ZNF382 
letter-probability matrix: alength= 4 w= 15 nsites= 100 E= 0
 0.337112  0.230952  0.283201  0.148735 
 0.346917  0.236600  0.257019  0.159462 
 0.430760  0.127142  0.187102  0.254997 
 0.584365  0.090103  0.164494  0.161038 
 0.588759  0.225679  0.089009  0.096554 
 0.092445  0.099022  0.100062  0.708470 
 0.788590  0.061146  0.082326  0.067939 
 0.736795  0.033459  0.093642  0.136104 
 0.072521  0.716451  0.064979  0.146049 
 0.818200  0.079698  0.030246  0.071856 
 0.602134  0.146187  0.097926  0.153754 
 0.528910  0.143881  0.190483  0.136727 
 0.231672  0.287627  0.275644  0.205056 
 0.203436  0.232318  0.430449  0.133798 
 0.198918  0.292394  0.308025  0.200663 

