MEME version 4

ALPHABET= ACGT

strands: + -

Background letter frequencies
A 0.250000 C 0.250000 G 0.250000 T 0.250000

MOTIF M08240_2.00 ZNF684 
letter-probability matrix: alength= 4 w= 14 nsites= 100 E= 0
 0.821429  0.077381  0.056548  0.044643 
 0.029762  0.869048  0.047619  0.053571 
 0.839286  0.044643  0.056548  0.059524 
 0.023810  0.059524  0.866071  0.050595 
 0.000000  0.002976  0.014881  0.982143 
 0.005952  0.985119  0.005952  0.002976 
 0.008929  0.955357  0.000000  0.035714 
 0.815476  0.000000  0.059524  0.125000 
 0.002976  0.943452  0.032738  0.020833 
 0.023810  0.922619  0.014881  0.038690 
 0.000000  0.883929  0.000000  0.116071 
 0.000000  1.000000  0.000000  0.000000 
 0.095238  0.047619  0.020833  0.836310 
 0.020833  0.074405  0.032738  0.872024 

