MEME version 4

ALPHABET= ACGT

strands: + -

Background letter frequencies
A 0.250000 C 0.250000 G 0.250000 T 0.250000

MOTIF M08291_2.00 ZNF419 
letter-probability matrix: alength= 4 w= 21 nsites= 100 E= 0
 0.634615  0.113248  0.036325  0.215812 
 0.472222  0.147436  0.061966  0.318376 
 0.002137  0.130342  0.130342  0.737179 
 0.326923  0.429487  0.181624  0.061966 
 0.044872  0.805556  0.002137  0.147436 
 0.788462  0.010684  0.002137  0.198718 
 0.053419  0.036325  0.737179  0.173077 
 0.019231  0.728632  0.010684  0.241453 
 0.087607  0.737179  0.002137  0.173077 
 0.010684  0.933761  0.002137  0.053419 
 0.173077  0.061966  0.002137  0.762821 
 0.540598  0.027778  0.198718  0.232906 
 0.104701  0.087607  0.532051  0.275641 
 0.651709  0.215812  0.027778  0.104701 
 0.044872  0.711538  0.044872  0.198718 
 0.164530  0.027778  0.027778  0.779915 
 0.002137  0.728632  0.002137  0.267094 
 0.019231  0.198718  0.002137  0.779915 
 0.070513  0.831197  0.019231  0.079060 
 0.155983  0.754274  0.010684  0.079060 
 0.241453  0.438034  0.002137  0.318376 

