MEME version 4

ALPHABET= ACGT

strands: + -

Background letter frequencies
A 0.250000 C 0.250000 G 0.250000 T 0.250000

MOTIF M08363_2.00 SP1 
letter-probability matrix: alength= 4 w= 15 nsites= 100 E= 0
 0.030000  0.732000  0.068000  0.170000 
 0.058000  0.712000  0.092000  0.138000 
 0.014000  0.840000  0.024000  0.122000 
 0.202000  0.552000  0.092000  0.154000 
 0.136000  0.264000  0.424000  0.176000 
 0.064000  0.440000  0.318000  0.178000 
 0.126000  0.678000  0.056000  0.140000 
 0.120000  0.526000  0.088000  0.266000 
 0.138000  0.800000  0.028000  0.034000 
 0.032000  0.932000  0.000000  0.036000 
 0.216000  0.000000  0.408000  0.376000 
 0.000000  0.966000  0.014000  0.020000 
 0.010000  0.976000  0.014000  0.000000 
 0.018000  0.870000  0.000000  0.112000 
 0.142000  0.528000  0.038000  0.292000 

