MEME version 4

ALPHABET= ACGT

strands: + -

Background letter frequencies
A 0.250000 C 0.250000 G 0.250000 T 0.250000

MOTIF M08399_2.00 ZNF224 
letter-probability matrix: alength= 4 w= 21 nsites= 100 E= 0
 0.413007  0.051520  0.065034  0.470439 
 0.602196  0.203547  0.122466  0.071790 
 0.054899  0.808277  0.014358  0.122466 
 0.088682  0.443412  0.010980  0.456926 
 0.098818  0.561655  0.017736  0.321791 
 0.129223  0.257601  0.190034  0.423142 
 0.122466  0.000845  0.663007  0.213682 
 0.048142  0.004223  0.862331  0.085304 
 0.301520  0.004223  0.460304  0.233953 
 0.061655  0.007601  0.919764  0.010980 
 0.108953  0.592061  0.098818  0.200169 
 0.220439  0.510980  0.007601  0.260980 
 0.541385  0.274493  0.061655  0.122466 
 0.217061  0.470439  0.071790  0.240709 
 0.666385  0.034628  0.206926  0.092061 
 0.048142  0.017736  0.396115  0.538007 
 0.014358  0.054899  0.767736  0.163007 
 0.673142  0.004223  0.217061  0.105574 
 0.321791  0.517736  0.058277  0.102196 
 0.068412  0.031250  0.058277  0.842061 
 0.014358  0.646115  0.034628  0.304899 

