MEME version 4

ALPHABET= ACGT

strands: + -

Background letter frequencies
A 0.250000 C 0.250000 G 0.250000 T 0.250000

MOTIF M08348_2.00 ZFP42 
letter-probability matrix: alength= 4 w= 12 nsites= 100 E= 0
 0.116430  0.052601  0.752364  0.078605 
 0.052601  0.702719  0.225177  0.019504 
 0.598700  0.333924  0.057329  0.010047 
 0.017139  0.002955  0.910757  0.069149 
 0.073877  0.901300  0.024232  0.000591 
 0.000591  0.998227  0.000591  0.000591 
 0.995863  0.000591  0.002955  0.000591 
 0.000591  0.000591  0.000591  0.998227 
 0.036052  0.201537  0.123522  0.638889 
 0.028960  0.066785  0.038416  0.865839 
 0.005319  0.123522  0.005319  0.865839 
 0.135343  0.130615  0.518322  0.215721 

