MEME version 4

ALPHABET= ACGT

strands: + -

Background letter frequencies
A 0.250000 C 0.250000 G 0.250000 T 0.250000

MOTIF M08742_2.00 OLIG2 
letter-probability matrix: alength= 4 w= 18 nsites= 100 E= 0
 0.332000  0.340000  0.198000  0.130000 
 0.440000  0.102000  0.230000  0.228000 
 0.224000  0.136000  0.452000  0.188000 
 0.366000  0.292000  0.260000  0.082000 
 0.454000  0.192000  0.086000  0.268000 
 0.276000  0.166000  0.382000  0.176000 
 0.292000  0.114000  0.490000  0.104000 
 0.284000  0.186000  0.432000  0.098000 
 0.508000  0.154000  0.258000  0.080000 
 0.690000  0.034000  0.252000  0.024000 
 0.446000  0.180000  0.362000  0.012000 
 0.074000  0.912000  0.014000  0.000000 
 0.946000  0.006000  0.014000  0.034000 
 0.012000  0.050000  0.784000  0.154000 
 0.476000  0.490000  0.026000  0.008000 
 0.118000  0.026000  0.016000  0.840000 
 0.018000  0.004000  0.826000  0.152000 
 0.022000  0.142000  0.620000  0.216000 

