MEME version 4

ALPHABET= ACGT

strands: + -

Background letter frequencies
A 0.250000 C 0.250000 G 0.250000 T 0.250000

MOTIF M08721_2.00 MYOG 
letter-probability matrix: alength= 4 w= 13 nsites= 100 E= 0
 0.072000  0.494000  0.206000  0.228000 
 0.304000  0.356000  0.098000  0.242000 
 0.216000  0.264000  0.446000  0.074000 
 0.004000  0.992000  0.004000  0.000000 
 0.984000  0.000000  0.006000  0.010000 
 0.004000  0.114000  0.876000  0.006000 
 0.010000  0.970000  0.008000  0.012000 
 0.002000  0.000000  0.004000  0.994000 
 0.002000  0.000000  0.998000  0.000000 
 0.004000  0.398000  0.046000  0.552000 
 0.004000  0.574000  0.048000  0.374000 
 0.188000  0.430000  0.160000  0.222000 
 0.114000  0.380000  0.194000  0.312000 

