MEME version 4

ALPHABET= ACGT

strands: + -

Background letter frequencies
A 0.250000 C 0.250000 G 0.250000 T 0.250000

MOTIF M08872_2.00 ZNF85 
letter-probability matrix: alength= 4 w= 20 nsites= 100 E= 0
 0.624000  0.116000  0.138000  0.122000 
 0.264000  0.128000  0.162000  0.446000 
 0.594000  0.100000  0.104000  0.202000 
 0.172000  0.102000  0.654000  0.072000 
 0.622000  0.100000  0.186000  0.092000 
 0.626000  0.198000  0.110000  0.066000 
 0.554000  0.088000  0.304000  0.054000 
 0.540000  0.058000  0.102000  0.300000 
 0.152000  0.558000  0.172000  0.118000 
 0.146000  0.034000  0.148000  0.672000 
 0.190000  0.004000  0.802000  0.004000 
 0.620000  0.328000  0.032000  0.020000 
 0.508000  0.030000  0.058000  0.404000 
 0.030000  0.006000  0.954000  0.010000 
 0.086000  0.092000  0.376000  0.446000 
 0.974000  0.012000  0.008000  0.006000 
 0.866000  0.096000  0.002000  0.036000 
 0.010000  0.046000  0.022000  0.922000 
 0.038000  0.914000  0.016000  0.032000 
 0.174000  0.140000  0.022000  0.664000 

