MEME version 4

ALPHABET= ACGT

strands: + -

Background letter frequencies
A 0.250000 C 0.250000 G 0.250000 T 0.250000

MOTIF M08895_2.00 ZIM3 
letter-probability matrix: alength= 4 w= 19 nsites= 100 E= 0
 0.127389  0.150743  0.256900  0.464968 
 0.123142  0.082803  0.244161  0.549894 
 0.420382  0.036093  0.469214  0.074310 
 0.021231  0.002123  0.910828  0.065817 
 0.195329  0.193206  0.433121  0.178344 
 0.138004  0.053079  0.019108  0.789809 
 0.002123  0.002123  0.000000  0.995754 
 0.010616  0.012739  0.061571  0.915074 
 0.000000  1.000000  0.000000  0.000000 
 0.000000  0.000000  0.000000  1.000000 
 0.002123  0.021231  0.949045  0.027601 
 0.036093  0.008493  0.000000  0.955414 
 0.000000  0.004246  0.000000  0.995754 
 0.214437  0.082803  0.433121  0.269639 
 0.129512  0.484076  0.114650  0.271762 
 0.108280  0.292994  0.070064  0.528662 
 0.195329  0.131635  0.195329  0.477707 
 0.150743  0.180467  0.439490  0.229299 
 0.131635  0.409766  0.114650  0.343949 

