MEME version 4

ALPHABET= ACGT

strands: + -

Background letter frequencies
A 0.250000 C 0.250000 G 0.250000 T 0.250000

MOTIF M08861_2.00 REST 
letter-probability matrix: alength= 4 w= 22 nsites= 100 E= 0
 0.174000  0.124000  0.430000  0.272000 
 0.134000  0.026000  0.706000  0.134000 
 0.076000  0.180000  0.606000  0.138000 
 0.300000  0.468000  0.030000  0.202000 
 0.112000  0.110000  0.642000  0.136000 
 0.014000  0.942000  0.018000  0.026000 
 0.024000  0.018000  0.010000  0.948000 
 0.044000  0.146000  0.796000  0.014000 
 0.042000  0.028000  0.066000  0.864000 
 0.006000  0.964000  0.006000  0.024000 
 0.004000  0.958000  0.008000  0.030000 
 0.488000  0.086000  0.300000  0.126000 
 0.180000  0.158000  0.110000  0.552000 
 0.044000  0.022000  0.904000  0.030000 
 0.012000  0.030000  0.944000  0.014000 
 0.012000  0.026000  0.014000  0.948000 
 0.076000  0.174000  0.676000  0.074000 
 0.002000  0.938000  0.040000  0.020000 
 0.032000  0.024000  0.028000  0.916000 
 0.048000  0.016000  0.924000  0.012000 
 0.792000  0.038000  0.142000  0.028000 
 0.582000  0.192000  0.084000  0.142000 

