MEME version 4

ALPHABET= ACGT

strands: + -

Background letter frequencies
A 0.250000 C 0.250000 G 0.250000 T 0.250000

MOTIF M08860_2.00 ZNF264 
letter-probability matrix: alength= 4 w= 24 nsites= 100 E= 0
 0.096000  0.298000  0.108000  0.498000 
 0.232000  0.350000  0.082000  0.336000 
 0.108000  0.150000  0.090000  0.652000 
 0.062000  0.286000  0.170000  0.482000 
 0.506000  0.180000  0.196000  0.118000 
 0.290000  0.154000  0.112000  0.444000 
 0.718000  0.122000  0.102000  0.058000 
 0.670000  0.044000  0.076000  0.210000 
 0.144000  0.028000  0.782000  0.046000 
 0.032000  0.020000  0.878000  0.070000 
 0.292000  0.142000  0.548000  0.018000 
 0.144000  0.818000  0.026000  0.012000 
 0.678000  0.042000  0.078000  0.202000 
 0.006000  0.808000  0.154000  0.032000 
 0.072000  0.098000  0.210000  0.620000 
 0.774000  0.064000  0.106000  0.056000 
 0.828000  0.086000  0.030000  0.056000 
 0.014000  0.164000  0.038000  0.784000 
 0.032000  0.604000  0.180000  0.184000 
 0.116000  0.556000  0.166000  0.162000 
 0.228000  0.522000  0.050000  0.200000 
 0.654000  0.136000  0.090000  0.120000 
 0.050000  0.200000  0.106000  0.644000 
 0.076000  0.394000  0.084000  0.446000 

