MEME version 4

ALPHABET= ACGT

strands: + -

Background letter frequencies
A 0.250000 C 0.250000 G 0.250000 T 0.250000

MOTIF M08945_2.00 ZNF140 
letter-probability matrix: alength= 4 w= 24 nsites= 100 E= 0
 0.162222  0.202222  0.128889  0.506667 
 0.502222  0.175556  0.177778  0.144444 
 0.173333  0.144444  0.155556  0.526667 
 0.177778  0.115556  0.531111  0.175556 
 0.568889  0.164444  0.135556  0.131111 
 0.104444  0.491111  0.104444  0.300000 
 0.086667  0.593333  0.155556  0.164444 
 0.144444  0.602222  0.044444  0.208889 
 0.648889  0.051111  0.066667  0.233333 
 0.080000  0.017778  0.784444  0.117778 
 0.008889  0.960000  0.011111  0.020000 
 0.833333  0.097778  0.017778  0.051111 
 0.917778  0.017778  0.053333  0.011111 
 0.004444  0.020000  0.002222  0.973333 
 0.008889  0.004444  0.004444  0.982222 
 0.011111  0.975556  0.004444  0.008889 
 0.068889  0.686667  0.013333  0.231111 
 0.468889  0.022222  0.500000  0.008889 
 0.022222  0.855556  0.046667  0.075556 
 0.013333  0.104444  0.011111  0.871111 
 0.004444  0.944444  0.002222  0.048889 
 0.157778  0.711111  0.015556  0.115556 
 0.171111  0.175556  0.080000  0.573333 
 0.466667  0.151111  0.128889  0.253333 

