MEME version 4

ALPHABET= ACGT

strands: + -

Background letter frequencies
A 0.250000 C 0.250000 G 0.250000 T 0.250000

MOTIF M08949_2.00 ZFP28 
letter-probability matrix: alength= 4 w= 20 nsites= 100 E= 0
 0.100719  0.189448  0.059952  0.649880 
 0.011990  0.009592  0.002398  0.976019 
 0.002398  0.870504  0.000000  0.127098 
 0.088729  0.160671  0.021583  0.729017 
 0.637890  0.071942  0.208633  0.081535 
 0.009592  0.105516  0.002398  0.882494 
 0.011990  0.079137  0.011990  0.896882 
 0.002398  0.023981  0.002398  0.971223 
 0.007194  0.901679  0.011990  0.079137 
 0.103118  0.189448  0.002398  0.705036 
 0.033573  0.023981  0.004796  0.937650 
 0.007194  0.805755  0.014388  0.172662 
 0.119904  0.095923  0.033573  0.750600 
 0.062350  0.050360  0.263789  0.623501 
 0.175060  0.050360  0.640288  0.134293 
 0.362110  0.021583  0.158273  0.458034 
 0.083933  0.043165  0.786571  0.086331 
 0.047962  0.040767  0.052758  0.858513 
 0.083933  0.678657  0.155875  0.081535 
 0.860911  0.031175  0.033573  0.074341 

