MEME version 4

ALPHABET= ACGT

strands: + -

Background letter frequencies
A 0.250000 C 0.250000 G 0.250000 T 0.250000

MOTIF M08921_2.00 ZNF680 
letter-probability matrix: alength= 4 w= 20 nsites= 100 E= 0
 0.032362  0.867314  0.029126  0.071197 
 0.006472  0.915858  0.000000  0.077670 
 0.029126  0.019417  0.012945  0.938511 
 0.148867  0.592233  0.045307  0.213592 
 0.944984  0.022654  0.029126  0.003236 
 0.119741  0.032362  0.048544  0.799353 
 0.003236  0.012945  0.000000  0.983819 
 0.006472  0.877023  0.009709  0.106796 
 0.003236  0.080906  0.000000  0.915858 
 0.012945  0.003236  0.006472  0.977346 
 0.003236  0.980583  0.009709  0.006472 
 0.022654  0.349515  0.019417  0.608414 
 0.006472  0.009709  0.000000  0.983819 
 0.022654  0.012945  0.919094  0.045307 
 0.048544  0.000000  0.889968  0.061489 
 0.482201  0.110032  0.122977  0.284790 
 0.012945  0.656958  0.022654  0.307443 
 0.498382  0.071197  0.372168  0.058252 
 0.032362  0.310680  0.045307  0.611650 
 0.226537  0.035599  0.653722  0.084142 

