MEME version 4

ALPHABET= ACGT

strands: + -

Background letter frequencies
A 0.250000 C 0.250000 G 0.250000 T 0.250000

MOTIF M08938_2.00 SP1 
letter-probability matrix: alength= 4 w= 22 nsites= 100 E= 0
 0.036072  0.609218  0.186373  0.168337 
 0.054108  0.705411  0.120240  0.120240 
 0.108216  0.629259  0.144289  0.118236 
 0.066132  0.581162  0.232465  0.120240 
 0.058116  0.587174  0.266533  0.088176 
 0.068136  0.575150  0.196393  0.160321 
 0.038076  0.681363  0.166333  0.114228 
 0.036072  0.705411  0.176353  0.082164 
 0.280561  0.462926  0.112224  0.144289 
 0.156313  0.190381  0.595190  0.058116 
 0.058116  0.014028  0.867735  0.060120 
 0.040080  0.911824  0.030060  0.018036 
 0.016032  0.915832  0.002004  0.066132 
 0.064128  0.925852  0.008016  0.002004 
 0.002004  0.987976  0.000000  0.010020 
 0.010020  0.004008  0.953908  0.032064 
 0.000000  0.995992  0.000000  0.004008 
 0.000000  0.991984  0.008016  0.000000 
 0.000000  0.933868  0.008016  0.058116 
 0.138277  0.809619  0.008016  0.044088 
 0.038076  0.669339  0.100200  0.192385 
 0.146293  0.332665  0.206413  0.314629 

