MEME version 4

ALPHABET= ACGT

strands: + -

Background letter frequencies
A 0.250000 C 0.250000 G 0.250000 T 0.250000

MOTIF M08951_2.00 ZNF121 
letter-probability matrix: alength= 4 w= 20 nsites= 100 E= 0
 0.148148  0.045267  0.773663  0.032922 
 0.127572  0.039095  0.804527  0.028807 
 0.020576  0.069959  0.045267  0.864198 
 0.014403  0.942387  0.020576  0.022634 
 0.032922  0.069959  0.024691  0.872428 
 0.032922  0.438272  0.080247  0.448560 
 0.358025  0.037037  0.572016  0.032922 
 0.024691  0.917695  0.034979  0.022634 
 0.100823  0.045267  0.028807  0.825103 
 0.440329  0.300412  0.220165  0.039095 
 0.028807  0.092593  0.037037  0.841564 
 0.115226  0.090535  0.751029  0.043210 
 0.026749  0.098765  0.061728  0.812757 
 0.018519  0.061728  0.092593  0.827160 
 0.008230  0.034979  0.921811  0.034979 
 0.006173  0.833333  0.067901  0.092593 
 0.004115  0.934156  0.024691  0.037037 
 0.016461  0.958848  0.012346  0.012346 
 0.798354  0.084362  0.034979  0.082305 
 0.026749  0.028807  0.917695  0.026749 

