MEME version 4

ALPHABET= ACGT

strands: + -

Background letter frequencies
A 0.250000 C 0.250000 G 0.250000 T 0.250000

MOTIF M09160_2.00 ALX1 
letter-probability matrix: alength= 4 w= 12 nsites= 100 E= 0
 0.436833  0.209075  0.273132  0.080961 
 0.064057  0.096085  0.000000  0.839858 
 0.772242  0.032028  0.099644  0.096085 
 0.868327  0.064057  0.000000  0.067616 
 0.000000  0.096085  0.000000  0.903915 
 0.032028  0.227758  0.128114  0.612100 
 0.483986  0.000000  0.516014  0.000000 
 0.355872  0.256228  0.355872  0.032028 
 0.775801  0.000000  0.128114  0.096085 
 0.099644  0.000000  0.032028  0.868327 
 0.064057  0.032028  0.032028  0.871886 
 0.829181  0.056940  0.056940  0.056940 

