MEME version 4

ALPHABET= ACGT

strands: + -

Background letter frequencies
A 0.250000 C 0.250000 G 0.250000 T 0.250000

MOTIF M09251_2.00 MEF2B 
letter-probability matrix: alength= 4 w= 14 nsites= 100 E= 0
 0.130000  0.696000  0.052000  0.122000 
 0.040000  0.488000  0.000000  0.472000 
 0.634000  0.140000  0.056000  0.170000 
 0.700000  0.048000  0.118000  0.134000 
 0.902000  0.014000  0.048000  0.036000 
 0.914000  0.004000  0.006000  0.076000 
 0.868000  0.006000  0.020000  0.106000 
 0.080000  0.032000  0.026000  0.862000 
 0.908000  0.002000  0.088000  0.002000 
 0.140000  0.040000  0.772000  0.048000 
 0.354000  0.374000  0.104000  0.168000 
 0.488000  0.272000  0.036000  0.204000 
 0.444000  0.252000  0.110000  0.194000 
 0.214000  0.414000  0.118000  0.254000 

