MEME version 4

ALPHABET= ACGT

strands: + -

Background letter frequencies
A 0.250000 C 0.250000 G 0.250000 T 0.250000

MOTIF M09279_2.00 ESR2 
letter-probability matrix: alength= 4 w= 15 nsites= 100 E= 0
 0.535211  0.036217  0.356137  0.072435 
 0.058350  0.012072  0.847082  0.082495 
 0.108652  0.022133  0.845070  0.024145 
 0.118712  0.086519  0.273642  0.521127 
 0.000000  0.891348  0.026157  0.082495 
 0.690141  0.030181  0.239437  0.040241 
 0.187123  0.267606  0.422535  0.122736 
 0.331992  0.000000  0.668008  0.000000 
 0.130785  0.265594  0.511066  0.092555 
 0.096579  0.247485  0.034205  0.621730 
 0.132797  0.052314  0.798793  0.016097 
 0.557344  0.229376  0.116700  0.096579 
 0.068410  0.859155  0.026157  0.046278 
 0.082495  0.790744  0.012072  0.114688 
 0.046278  0.362173  0.096579  0.494970 

