MEME version 4

ALPHABET= ACGT

strands: + -

Background letter frequencies
A 0.250000 C 0.250000 G 0.250000 T 0.250000

MOTIF M09237_2.00 IRF2 
letter-probability matrix: alength= 4 w= 20 nsites= 100 E= 0
 0.285141  0.178715  0.367470  0.168675 
 0.614458  0.096386  0.214859  0.074297 
 0.712851  0.072289  0.108434  0.106426 
 0.755020  0.056225  0.078313  0.110442 
 0.283133  0.198795  0.385542  0.132530 
 0.259036  0.222892  0.126506  0.391566 
 0.168675  0.024096  0.799197  0.008032 
 0.977912  0.000000  0.020080  0.002008 
 0.993976  0.002008  0.004016  0.000000 
 0.971888  0.000000  0.016064  0.012048 
 0.130522  0.263052  0.590361  0.016064 
 0.088353  0.218876  0.008032  0.684739 
 0.054217  0.010040  0.921687  0.014056 
 0.943775  0.010040  0.046185  0.000000 
 0.987952  0.000000  0.012048  0.000000 
 0.977912  0.000000  0.012048  0.010040 
 0.006024  0.377510  0.582329  0.034137 
 0.098394  0.263052  0.064257  0.574297 
 0.403614  0.128514  0.383534  0.084337 
 0.365462  0.208835  0.309237  0.116466 

