MEME version 4

ALPHABET= ACGT

strands: + -

Background letter frequencies
A 0.250000 C 0.250000 G 0.250000 T 0.250000

MOTIF M09392_2.00 LEF1 
letter-probability matrix: alength= 4 w= 14 nsites= 100 E= 0
 0.076754  0.260965  0.274123  0.388158 
 0.032895  0.635965  0.184211  0.146930 
 0.017544  0.708333  0.013158  0.260965 
 0.122807  0.046053  0.019737  0.811404 
 0.002193  0.138158  0.035088  0.824561 
 0.002193  0.013158  0.032895  0.951754 
 0.043860  0.425439  0.519737  0.010965 
 0.456140  0.138158  0.015351  0.390351 
 0.278509  0.166667  0.157895  0.396930 
 0.285088  0.190789  0.201754  0.322368 
 0.041667  0.129386  0.149123  0.679825 
 0.039474  0.311404  0.383772  0.265351 
 0.116228  0.460526  0.089912  0.333333 
 0.313596  0.221491  0.103070  0.361842 

