MEME version 4

ALPHABET= ACGT

strands: + -

Background letter frequencies
A 0.250000 C 0.250000 G 0.250000 T 0.250000

MOTIF M09336_2.00 TP73 
letter-probability matrix: alength= 4 w= 19 nsites= 100 E= 0
 0.356000  0.160000  0.320000  0.164000 
 0.322000  0.092000  0.400000  0.186000 
 0.390000  0.076000  0.380000  0.154000 
 0.034000  0.874000  0.040000  0.052000 
 0.610000  0.148000  0.068000  0.174000 
 0.312000  0.012000  0.078000  0.598000 
 0.008000  0.010000  0.976000  0.006000 
 0.068000  0.480000  0.014000  0.438000 
 0.136000  0.586000  0.074000  0.204000 
 0.122000  0.740000  0.084000  0.054000 
 0.618000  0.212000  0.010000  0.160000 
 0.284000  0.086000  0.514000  0.116000 
 0.556000  0.038000  0.314000  0.092000 
 0.010000  0.954000  0.024000  0.012000 
 0.502000  0.160000  0.026000  0.312000 
 0.110000  0.096000  0.110000  0.684000 
 0.034000  0.012000  0.940000  0.014000 
 0.088000  0.500000  0.042000  0.370000 
 0.188000  0.510000  0.082000  0.220000 

