MEME version 4

ALPHABET= ACGT

strands: + -

Background letter frequencies
A 0.250000 C 0.250000 G 0.250000 T 0.250000

MOTIF M09417_2.00 STAT5B 
letter-probability matrix: alength= 4 w= 12 nsites= 100 E= 0
 0.416000  0.140000  0.254000  0.190000 
 0.214000  0.194000  0.146000  0.446000 
 0.002000  0.026000  0.002000  0.970000 
 0.096000  0.020000  0.034000  0.850000 
 0.038000  0.938000  0.004000  0.020000 
 0.100000  0.412000  0.018000  0.470000 
 0.576000  0.424000  0.000000  0.000000 
 0.594000  0.014000  0.316000  0.076000 
 0.028000  0.006000  0.956000  0.010000 
 0.914000  0.012000  0.016000  0.058000 
 0.958000  0.008000  0.026000  0.008000 
 0.450000  0.156000  0.238000  0.156000 

