MEME version 4

ALPHABET= ACGT

strands: + -

Background letter frequencies
A 0.250000 C 0.250000 G 0.250000 T 0.250000

MOTIF M09487_2.00 JUND 
letter-probability matrix: alength= 4 w= 12 nsites= 100 E= 0
 0.636000  0.078000  0.276000  0.010000 
 0.001000  0.001000  0.001000  0.997000 
 0.001000  0.001000  0.981000  0.017000 
 0.994000  0.001000  0.004000  0.001000 
 0.001000  0.785000  0.041000  0.173000 
 0.165000  0.034000  0.800000  0.001000 
 0.001000  0.003000  0.001000  0.995000 
 0.016000  0.982000  0.001000  0.001000 
 0.997000  0.001000  0.001000  0.001000 
 0.009000  0.282000  0.080000  0.630000 
 0.134000  0.529000  0.131000  0.206000 
 0.281000  0.254000  0.256000  0.209000 

