MEME version 4

ALPHABET= ACGT

strands: + -

Background letter frequencies
A 0.250000 C 0.250000 G 0.250000 T 0.250000

MOTIF M09411_2.00 STAT1 
letter-probability matrix: alength= 4 w= 19 nsites= 100 E= 0
 0.202000  0.428000  0.120000  0.250000 
 0.094000  0.568000  0.170000  0.168000 
 0.132000  0.556000  0.110000  0.202000 
 0.294000  0.356000  0.204000  0.146000 
 0.086000  0.206000  0.100000  0.608000 
 0.002000  0.016000  0.004000  0.978000 
 0.008000  0.006000  0.012000  0.974000 
 0.030000  0.964000  0.002000  0.004000 
 0.038000  0.822000  0.002000  0.138000 
 0.234000  0.304000  0.142000  0.320000 
 0.268000  0.026000  0.682000  0.024000 
 0.032000  0.014000  0.804000  0.150000 
 0.944000  0.038000  0.010000  0.008000 
 0.988000  0.002000  0.004000  0.006000 
 0.580000  0.106000  0.232000  0.082000 
 0.274000  0.196000  0.110000  0.420000 
 0.058000  0.588000  0.248000  0.106000 
 0.342000  0.262000  0.068000  0.328000 
 0.134000  0.534000  0.138000  0.194000 

