MEME version 4

ALPHABET= ACGT

strands: + -

Background letter frequencies
A 0.250000 C 0.250000 G 0.250000 T 0.250000

MOTIF M09461_2.00 TCF4 
letter-probability matrix: alength= 4 w= 12 nsites= 100 E= 0
 0.832000  0.013000  0.097000  0.058000 
 0.005000  0.501000  0.485000  0.009000 
 0.737000  0.002000  0.001000  0.260000 
 0.022000  0.002000  0.001000  0.975000 
 0.001000  0.901000  0.095000  0.003000 
 0.997000  0.001000  0.001000  0.001000 
 0.989000  0.005000  0.005000  0.001000 
 0.995000  0.001000  0.003000  0.001000 
 0.058000  0.001000  0.940000  0.001000 
 0.203000  0.135000  0.592000  0.070000 
 0.280000  0.307000  0.356000  0.057000 
 0.445000  0.197000  0.165000  0.193000 

