MEME version 4

ALPHABET= ACGT

strands: + -

Background letter frequencies
A 0.250000 C 0.250000 G 0.250000 T 0.250000

MOTIF M09594_2.00 IRF1 
letter-probability matrix: alength= 4 w= 12 nsites= 100 E= 0
 0.145000  0.015000  0.826000  0.014000 
 0.905000  0.001000  0.091000  0.003000 
 0.997000  0.001000  0.001000  0.001000 
 0.997000  0.001000  0.001000  0.001000 
 0.095000  0.358000  0.531000  0.016000 
 0.150000  0.111000  0.037000  0.702000 
 0.048000  0.001000  0.950000  0.001000 
 0.961000  0.001000  0.037000  0.001000 
 0.995000  0.001000  0.001000  0.003000 
 0.995000  0.001000  0.002000  0.002000 
 0.035000  0.367000  0.577000  0.021000 
 0.109000  0.239000  0.070000  0.582000 

