MEME version 4

ALPHABET= ACGT

strands: + -

Background letter frequencies
A 0.250000 C 0.250000 G 0.250000 T 0.250000

MOTIF M09511_2.00 ZBTB33 
letter-probability matrix: alength= 4 w= 15 nsites= 100 E= 0
 0.129000  0.168000  0.604000  0.099000 
 0.218000  0.149000  0.564000  0.069000 
 0.347000  0.267000  0.218000  0.168000 
 0.030000  0.069000  0.040000  0.861000 
 0.089000  0.880000  0.030000  0.001000 
 0.010000  0.099000  0.050000  0.841000 
 0.001000  0.997000  0.001000  0.001000 
 0.001000  0.001000  0.978000  0.020000 
 0.010000  0.979000  0.001000  0.010000 
 0.001000  0.001000  0.997000  0.001000 
 0.862000  0.059000  0.069000  0.010000 
 0.001000  0.049000  0.871000  0.079000 
 0.910000  0.001000  0.079000  0.010000 
 0.406000  0.188000  0.208000  0.198000 
 0.089000  0.545000  0.188000  0.178000 

