MEME version 4

ALPHABET= ACGT

strands: + -

Background letter frequencies
A 0.250000 C 0.250000 G 0.250000 T 0.250000

MOTIF M09561_2.00 PBX1 
letter-probability matrix: alength= 4 w= 12 nsites= 100 E= 0
 0.018000  0.001000  0.002000  0.979000 
 0.001000  0.003000  0.994000  0.002000 
 0.969000  0.014000  0.016000  0.001000 
 0.004000  0.216000  0.495000  0.284000 
 0.016000  0.001000  0.002000  0.981000 
 0.001000  0.002000  0.996000  0.001000 
 0.922000  0.001000  0.074000  0.003000 
 0.001000  0.997000  0.001000  0.001000 
 0.976000  0.001000  0.001000  0.022000 
 0.001000  0.010000  0.988000  0.001000 
 0.030000  0.428000  0.534000  0.008000 
 0.096000  0.686000  0.033000  0.185000 

