MEME version 4

ALPHABET= ACGT

strands: + -

Background letter frequencies
A 0.250000 C 0.250000 G 0.250000 T 0.250000

MOTIF M09546_2.00 FOXH1 
letter-probability matrix: alength= 4 w= 12 nsites= 100 E= 0
 0.144000  0.381000  0.287000  0.187000 
 0.172000  0.337000  0.325000  0.166000 
 0.947000  0.001000  0.051000  0.001000 
 0.801000  0.021000  0.040000  0.138000 
 0.001000  0.001000  0.001000  0.997000 
 0.296000  0.702000  0.001000  0.001000 
 0.189000  0.809000  0.001000  0.001000 
 0.884000  0.001000  0.114000  0.001000 
 0.001000  0.997000  0.001000  0.001000 
 0.655000  0.064000  0.105000  0.176000 
 0.291000  0.184000  0.285000  0.241000 
 0.272000  0.278000  0.191000  0.259000 

