MEME version 4

ALPHABET= ACGT

strands: + -

Background letter frequencies
A 0.250000 C 0.250000 G 0.250000 T 0.250000

MOTIF M09597_2.00 MEF2C 
letter-probability matrix: alength= 4 w= 12 nsites= 100 E= 0
 0.259000  0.099000  0.337000  0.305000 
 0.189000  0.600000  0.065000  0.146000 
 0.017000  0.444000  0.001000  0.538000 
 0.641000  0.119000  0.078000  0.162000 
 0.590000  0.033000  0.175000  0.202000 
 0.887000  0.006000  0.043000  0.064000 
 0.871000  0.006000  0.024000  0.099000 
 0.890000  0.010000  0.007000  0.093000 
 0.030000  0.030000  0.011000  0.929000 
 0.935000  0.002000  0.058000  0.005000 
 0.195000  0.062000  0.693000  0.050000 
 0.352000  0.439000  0.100000  0.108000 

