MEME version 4

ALPHABET= ACGT

strands: + -

Background letter frequencies
A 0.250000 C 0.250000 G 0.250000 T 0.250000

MOTIF M09501_2.00 REST 
letter-probability matrix: alength= 4 w= 20 nsites= 100 E= 0
 0.112000  0.019000  0.771000  0.098000 
 0.062000  0.130000  0.716000  0.093000 
 0.448000  0.303000  0.037000  0.213000 
 0.108000  0.066000  0.717000  0.109000 
 0.006000  0.966000  0.007000  0.021000 
 0.002000  0.002000  0.001000  0.995000 
 0.048000  0.121000  0.822000  0.009000 
 0.038000  0.014000  0.065000  0.883000 
 0.001000  0.985000  0.001000  0.013000 
 0.001000  0.980000  0.001000  0.018000 
 0.579000  0.080000  0.212000  0.130000 
 0.165000  0.086000  0.125000  0.624000 
 0.041000  0.008000  0.931000  0.019000 
 0.001000  0.002000  0.996000  0.001000 
 0.002000  0.003000  0.001000  0.994000 
 0.066000  0.159000  0.701000  0.074000 
 0.010000  0.953000  0.014000  0.023000 
 0.012000  0.020000  0.010000  0.958000 
 0.040000  0.013000  0.914000  0.033000 
 0.761000  0.075000  0.135000  0.029000 

