MEME version 4

ALPHABET= ACGT

strands: + -

Background letter frequencies
A 0.250000 C 0.250000 G 0.250000 T 0.250000

MOTIF M09592_2.00 HSF1 
letter-probability matrix: alength= 4 w= 20 nsites= 100 E= 0
 0.156000  0.338000  0.294000  0.212000 
 0.200000  0.355000  0.281000  0.164000 
 0.096000  0.242000  0.229000  0.433000 
 0.089000  0.199000  0.176000  0.536000 
 0.138000  0.691000  0.127000  0.044000 
 0.107000  0.274000  0.099000  0.520000 
 0.474000  0.015000  0.510000  0.001000 
 0.004000  0.014000  0.981000  0.001000 
 0.880000  0.085000  0.013000  0.022000 
 0.891000  0.012000  0.081000  0.016000 
 0.138000  0.284000  0.342000  0.236000 
 0.212000  0.346000  0.305000  0.137000 
 0.018000  0.110000  0.005000  0.867000 
 0.019000  0.014000  0.067000  0.900000 
 0.001000  0.993000  0.001000  0.005000 
 0.005000  0.486000  0.020000  0.489000 
 0.513000  0.108000  0.280000  0.096000 
 0.042000  0.136000  0.690000  0.132000 
 0.550000  0.175000  0.170000  0.105000 
 0.416000  0.243000  0.240000  0.101000 

