MEME version 4

ALPHABET= ACGT

strands: + -

Background letter frequencies
A 0.250000 C 0.250000 G 0.250000 T 0.250000

MOTIF M09585_2.00 PAX3 
letter-probability matrix: alength= 4 w= 15 nsites= 100 E= 0
 0.589000  0.052000  0.146000  0.214000 
 0.003000  0.595000  0.401000  0.001000 
 0.001000  0.746000  0.001000  0.252000 
 0.472000  0.006000  0.505000  0.017000 
 0.018000  0.001000  0.075000  0.906000 
 0.194000  0.003000  0.787000  0.015000 
 0.782000  0.015000  0.102000  0.100000 
 0.087000  0.911000  0.001000  0.001000 
 0.222000  0.101000  0.025000  0.652000 
 0.958000  0.002000  0.039000  0.001000 
 0.997000  0.001000  0.001000  0.001000 
 0.091000  0.022000  0.018000  0.868000 
 0.060000  0.213000  0.195000  0.532000 
 0.273000  0.199000  0.290000  0.237000 
 0.322000  0.216000  0.270000  0.192000 

