MEME version 4

ALPHABET= ACGT

strands: + -

Background letter frequencies
A 0.250000 C 0.250000 G 0.250000 T 0.250000

MOTIF M09630_2.00 RUNX2 
letter-probability matrix: alength= 4 w= 12 nsites= 100 E= 0
 0.293000  0.299000  0.206000  0.203000 
 0.393000  0.225000  0.098000  0.284000 
 0.468000  0.175000  0.244000  0.113000 
 0.796000  0.104000  0.099000  0.001000 
 0.001000  0.997000  0.001000  0.001000 
 0.001000  0.997000  0.001000  0.001000 
 0.997000  0.001000  0.001000  0.001000 
 0.001000  0.997000  0.001000  0.001000 
 0.997000  0.001000  0.001000  0.001000 
 0.332000  0.146000  0.324000  0.198000 
 0.352000  0.213000  0.211000  0.224000 
 0.249000  0.303000  0.207000  0.241000 

