MEME version 4

ALPHABET= ACGT

strands: + -

Background letter frequencies
A 0.250000 C 0.250000 G 0.250000 T 0.250000

MOTIF M09631_2.00 RUNX1 
letter-probability matrix: alength= 4 w= 12 nsites= 100 E= 0
 0.545000  0.263000  0.192000  0.001000 
 0.001000  0.997000  0.001000  0.001000 
 0.001000  0.997000  0.001000  0.001000 
 0.997000  0.001000  0.001000  0.001000 
 0.001000  0.997000  0.001000  0.001000 
 0.586000  0.001000  0.001000  0.412000 
 0.001000  0.001000  0.001000  0.997000 
 0.001000  0.991000  0.001000  0.007000 
 0.001000  0.997000  0.001000  0.001000 
 0.010000  0.001000  0.085000  0.904000 
 0.001000  0.263000  0.506000  0.231000 
 0.107000  0.328000  0.109000  0.456000 

