MEME version 4

ALPHABET= ACGT

strands: + -

Background letter frequencies
A 0.250000 C 0.250000 G 0.250000 T 0.250000

MOTIF M09794_2.00 TCF3 
letter-probability matrix: alength= 4 w= 15 nsites= 100 E= 0
 0.300000  0.200000  0.400000  0.100000 
 0.181818  0.363636  0.363636  0.090909 
 0.181818  0.181818  0.545455  0.090909 
 0.272727  0.272727  0.363636  0.090909 
 0.636364  0.363636  0.000000  0.000000 
 0.000000  1.000000  0.000000  0.000000 
 1.000000  0.000000  0.000000  0.000000 
 0.000000  0.727273  0.181818  0.090909 
 0.000000  1.000000  0.000000  0.000000 
 0.000000  0.000000  0.000000  1.000000 
 0.000000  0.000000  1.000000  0.000000 
 0.000000  0.818182  0.000000  0.181818 
 0.181818  0.363636  0.181818  0.272727 
 0.000000  0.363636  0.454545  0.181818 
 0.000000  0.272727  0.363636  0.363636 

