MEME version 4

ALPHABET= ACGT

strands: + -

Background letter frequencies
A 0.250000 C 0.250000 G 0.250000 T 0.250000

MOTIF M09864_2.00 ARNT 
letter-probability matrix: alength= 4 w= 20 nsites= 100 E= 0
 0.166667  0.380952  0.333333  0.119048 
 0.333333  0.309524  0.285714  0.071429 
 0.333333  0.190476  0.261905  0.214286 
 0.333333  0.285714  0.190476  0.190476 
 0.238095  0.166667  0.357143  0.238095 
 0.357143  0.119048  0.452381  0.071429 
 0.142857  0.000000  0.190476  0.666667 
 0.000000  1.000000  0.000000  0.000000 
 1.000000  0.000000  0.000000  0.000000 
 0.000000  1.000000  0.000000  0.000000 
 0.000000  0.000000  1.000000  0.000000 
 0.000000  0.000000  0.000000  1.000000 
 0.000000  0.000000  1.000000  0.000000 
 0.666667  0.190476  0.000000  0.142857 
 0.071429  0.452381  0.119048  0.357143 
 0.238095  0.357143  0.166667  0.238095 
 0.190476  0.190476  0.285714  0.333333 
 0.214286  0.261905  0.190476  0.333333 
 0.071429  0.285714  0.309524  0.333333 
 0.119048  0.333333  0.380952  0.166667 

