MEME version 4

ALPHABET= ACGT

strands: + -

Background letter frequencies
A 0.250000 C 0.250000 G 0.250000 T 0.250000

MOTIF M09926_2.00 NFE2L1 
letter-probability matrix: alength= 4 w= 13 nsites= 100 E= 0
 0.206897  0.344828  0.275862  0.172414 
 0.233333  0.233333  0.266667  0.266667 
 0.233333  0.233333  0.266667  0.266667 
 0.290323  0.322581  0.258065  0.129032 
 0.290323  0.322581  0.096774  0.290323 
 0.451613  0.096774  0.096774  0.354839 
 0.322581  0.161290  0.290323  0.225806 
 0.322581  0.258065  0.258065  0.161290 
 0.806452  0.000000  0.161290  0.032258 
 0.000000  0.000000  0.000000  1.000000 
 0.000000  0.000000  1.000000  0.000000 
 1.000000  0.000000  0.000000  0.000000 
 0.000000  0.838710  0.064516  0.096774 

