MEME version 4

ALPHABET= ACGT

strands: + -

Background letter frequencies
A 0.250000 C 0.250000 G 0.250000 T 0.250000

MOTIF M10422_2.00 CUX1 
letter-probability matrix: alength= 4 w= 12 nsites= 100 E= 0
 0.055556  0.888889  0.000000  0.055556 
 0.000000  0.944444  0.000000  0.055556 
 0.944444  0.000000  0.000000  0.055556 
 0.944444  0.055556  0.000000  0.000000 
 0.000000  0.000000  0.000000  1.000000 
 1.000000  0.000000  0.000000  0.000000 
 0.944444  0.000000  0.000000  0.055556 
 0.000000  0.166667  0.000000  0.833333 
 0.000000  0.777778  0.111111  0.111111 
 0.277778  0.000000  0.722222  0.000000 
 0.777778  0.000000  0.055556  0.166667 
 0.111111  0.055556  0.055556  0.777778 

