MEME version 4

ALPHABET= ACGT

strands: + -

Background letter frequencies
A 0.250000 C 0.250000 G 0.250000 T 0.250000

MOTIF M10527_2.00 FOXJ2 
letter-probability matrix: alength= 4 w= 18 nsites= 100 E= 0
 0.341463  0.243902  0.048780  0.365854 
 0.341463  0.219512  0.073171  0.365854 
 0.341463  0.243902  0.195122  0.219512 
 0.365854  0.170732  0.073171  0.390244 
 0.682927  0.243902  0.073171  0.000000 
 0.634146  0.073171  0.170732  0.121951 
 0.780488  0.000000  0.219512  0.000000 
 0.000000  0.365854  0.000000  0.634146 
 1.000000  0.000000  0.000000  0.000000 
 1.000000  0.000000  0.000000  0.000000 
 1.000000  0.000000  0.000000  0.000000 
 0.000000  0.658537  0.000000  0.341463 
 0.975610  0.000000  0.024390  0.000000 
 0.292683  0.219512  0.146341  0.341463 
 0.268293  0.243902  0.048780  0.439024 
 0.268293  0.292683  0.170732  0.268293 
 0.390244  0.268293  0.170732  0.170732 
 0.439024  0.121951  0.146341  0.292683 

