MEME version 4

ALPHABET= ACGT

strands: + -

Background letter frequencies
A 0.250000 C 0.250000 G 0.250000 T 0.250000

MOTIF M10690_2.00 HNF1A 
letter-probability matrix: alength= 4 w= 15 nsites= 100 E= 0
 0.240000  0.000000  0.640000  0.120000 
 0.076923  0.000000  0.923077  0.000000 
 0.038462  0.000000  0.000000  0.961538 
 0.076923  0.000000  0.000000  0.923077 
 0.961538  0.000000  0.000000  0.038462 
 0.769231  0.076923  0.038462  0.115385 
 0.076923  0.000000  0.000000  0.923077 
 0.307692  0.115385  0.307692  0.269231 
 0.615385  0.000000  0.038462  0.346154 
 0.115385  0.038462  0.038462  0.807692 
 0.038462  0.153846  0.000000  0.807692 
 0.615385  0.038462  0.230769  0.115385 
 0.346154  0.423077  0.115385  0.115385 
 0.269231  0.538462  0.000000  0.192308 
 0.440000  0.280000  0.160000  0.120000 

