MEME version 4

ALPHABET= ACGT

strands: + -

Background letter frequencies
A 0.250000 C 0.250000 G 0.250000 T 0.250000

MOTIF M10843_2.00 POU3F2 
letter-probability matrix: alength= 4 w= 16 nsites= 100 E= 0
 0.166667  0.250000  0.333333  0.250000 
 0.166667  0.333333  0.166667  0.333333 
 0.083333  0.750000  0.083333  0.083333 
 0.916667  0.000000  0.000000  0.083333 
 0.083333  0.000000  0.000000  0.916667 
 0.100000  0.300000  0.300000  0.300000 
 0.100000  0.500000  0.300000  0.100000 
 0.400000  0.000000  0.400000  0.200000 
 0.500000  0.000000  0.000000  0.500000 
 1.000000  0.000000  0.000000  0.000000 
 1.000000  0.000000  0.000000  0.000000 
 0.083333  0.000000  0.000000  0.916667 
 0.333333  0.166667  0.416667  0.083333 
 0.500000  0.333333  0.083333  0.083333 
 0.416667  0.000000  0.416667  0.166667 
 0.166667  0.416667  0.083333  0.333333 

