MEME version 4

ALPHABET= ACGT

strands: + -

Background letter frequencies
A 0.250000 C 0.250000 G 0.250000 T 0.250000

MOTIF M10811_2.00 PAX4 
letter-probability matrix: alength= 4 w= 21 nsites= 100 E= 0
 0.160000  0.240000  0.360000  0.240000 
 0.296296  0.148148  0.481481  0.074074 
 0.241379  0.275862  0.206897  0.275862 
 0.096774  0.419355  0.161290  0.322581 
 0.033333  0.366667  0.466667  0.133333 
 0.266667  0.400000  0.133333  0.200000 
 0.250000  0.156250  0.343750  0.250000 
 0.078947  0.605263  0.131579  0.184211 
 0.658537  0.170732  0.170732  0.000000 
 0.093023  0.767442  0.069767  0.069767 
 0.069767  0.162791  0.697674  0.069767 
 0.116279  0.790698  0.093023  0.000000 
 0.488372  0.139535  0.116279  0.255814 
 0.000000  0.139535  0.023256  0.837209 
 0.000000  0.325581  0.674419  0.000000 
 0.851064  0.063830  0.085106  0.000000 
 0.279070  0.581395  0.069767  0.069767 
 0.000000  0.380952  0.357143  0.261905 
 0.238095  0.238095  0.380952  0.142857 
 0.114286  0.742857  0.114286  0.028571 
 0.269231  0.307692  0.269231  0.153846 

