MEME version 4

ALPHABET= ACGT

strands: + -

Background letter frequencies
A 0.250000 C 0.250000 G 0.250000 T 0.250000

MOTIF M10938_2.00 MEF2A 
letter-probability matrix: alength= 4 w= 22 nsites= 100 E= 0
 0.410000  0.270000  0.150000  0.170000 
 0.130000  0.430000  0.320000  0.120000 
 0.070000  0.090000  0.070000  0.770000 
 0.070000  0.000000  0.840000  0.090000 
 0.090000  0.000000  0.070000  0.840000 
 0.000000  0.010989  0.043956  0.945055 
 0.630000  0.010000  0.200000  0.160000 
 0.000000  0.980000  0.020000  0.000000 
 0.000000  0.020000  0.000000  0.980000 
 0.910000  0.020000  0.000000  0.070000 
 0.680000  0.000000  0.000000  0.320000 
 1.000000  0.000000  0.000000  0.000000 
 1.000000  0.000000  0.000000  0.000000 
 1.000000  0.000000  0.000000  0.000000 
 0.000000  0.020000  0.000000  0.980000 
 1.000000  0.000000  0.000000  0.000000 
 0.020000  0.000000  0.980000  0.000000 
 0.800000  0.090000  0.060000  0.050000 
 0.720000  0.060000  0.000000  0.220000 
 0.434343  0.363636  0.020202  0.181818 
 0.270000  0.480000  0.090000  0.160000 
 0.210000  0.230000  0.170000  0.390000 

