MEME version 4

ALPHABET= ACGT

strands: + -

Background letter frequencies
A 0.250000 C 0.250000 G 0.250000 T 0.250000

MOTIF M11090_2.00 RORA 
letter-probability matrix: alength= 4 w= 13 nsites= 100 E= 0
 0.400000  0.080000  0.280000  0.240000 
 0.360000  0.120000  0.120000  0.400000 
 0.600000  0.040000  0.080000  0.280000 
 0.360000  0.040000  0.000000  0.600000 
 0.240000  0.480000  0.160000  0.120000 
 0.440000  0.080000  0.200000  0.280000 
 0.840000  0.000000  0.160000  0.000000 
 0.000000  0.000000  1.000000  0.000000 
 0.000000  0.000000  1.000000  0.000000 
 0.000000  0.000000  0.000000  1.000000 
 0.000000  1.000000  0.000000  0.000000 
 1.000000  0.000000  0.000000  0.000000 
 0.291667  0.208333  0.083333  0.416667 

