MEME version 4

ALPHABET= ACGT

strands: + -

Background letter frequencies
A 0.250000 C 0.250000 G 0.250000 T 0.250000

MOTIF M11105_2.00 HNF4A 
letter-probability matrix: alength= 4 w= 15 nsites= 100 E= 0
 0.277778  0.166667  0.444444  0.111111 
 0.368421  0.105263  0.473684  0.052632 
 0.052632  0.000000  0.947368  0.000000 
 0.105263  0.000000  0.789474  0.105263 
 0.210526  0.157895  0.315789  0.315789 
 0.000000  1.000000  0.000000  0.000000 
 1.000000  0.000000  0.000000  0.000000 
 1.000000  0.000000  0.000000  0.000000 
 1.000000  0.000000  0.000000  0.000000 
 0.000000  0.000000  1.000000  0.000000 
 0.000000  0.052632  0.631579  0.315789 
 0.052632  0.210526  0.105263  0.631579 
 0.052632  0.842105  0.000000  0.105263 
 0.684211  0.000000  0.315789  0.000000 
 0.111111  0.333333  0.277778  0.277778 

