MEME version 4

ALPHABET= ACGT

strands: + -

Background letter frequencies
A 0.250000 C 0.250000 G 0.250000 T 0.250000

MOTIF M11180_2.00 NR2F2 
letter-probability matrix: alength= 4 w= 16 nsites= 100 E= 0
 0.571429  0.000000  0.000000  0.428571 
 0.285714  0.142857  0.571429  0.000000 
 0.285714  0.000000  0.714286  0.000000 
 0.000000  0.000000  0.714286  0.285714 
 0.000000  0.166667  0.500000  0.333333 
 0.000000  0.200000  0.000000  0.800000 
 0.000000  1.000000  0.000000  0.000000 
 1.000000  0.000000  0.000000  0.000000 
 0.714286  0.000000  0.142857  0.142857 
 0.428571  0.000000  0.571429  0.000000 
 0.142857  0.000000  0.857143  0.000000 
 0.142857  0.142857  0.714286  0.000000 
 0.000000  0.500000  0.000000  0.500000 
 0.000000  0.000000  0.142857  0.857143 
 0.000000  0.857143  0.142857  0.000000 
 0.857143  0.000000  0.142857  0.000000 

