MEME version 4

ALPHABET= ACGT

strands: + -

Background letter frequencies
A 0.250000 C 0.250000 G 0.250000 T 0.250000

MOTIF M11138_2.00 PPARG 
letter-probability matrix: alength= 4 w= 21 nsites= 100 E= 0
 0.233333  0.266667  0.216667  0.283333 
 0.190476  0.333333  0.222222  0.253968 
 0.500000  0.093750  0.140625  0.265625 
 0.271429  0.042857  0.642857  0.042857 
 0.430556  0.000000  0.569444  0.000000 
 0.000000  0.000000  1.000000  0.000000 
 0.000000  0.000000  0.986111  0.013889 
 0.000000  0.000000  0.000000  1.000000 
 0.000000  0.972222  0.027778  0.000000 
 1.000000  0.000000  0.000000  0.000000 
 1.000000  0.000000  0.000000  0.000000 
 0.986111  0.000000  0.013889  0.000000 
 0.000000  0.000000  1.000000  0.000000 
 0.000000  0.000000  0.972222  0.027778 
 0.000000  0.000000  0.000000  1.000000 
 0.000000  0.958333  0.013889  0.027778 
 0.972222  0.000000  0.027778  0.000000 
 0.275862  0.344828  0.034483  0.344828 
 0.303571  0.375000  0.267857  0.053571 
 0.163265  0.306122  0.265306  0.265306 
 0.318182  0.045455  0.363636  0.272727 

