MEME version 4

ALPHABET= ACGT

strands: + -

Background letter frequencies
A 0.250000 C 0.250000 G 0.250000 T 0.250000

MOTIF M11124_2.00 NR3C1 
letter-probability matrix: alength= 4 w= 19 nsites= 100 E= 0
 0.236842  0.315789  0.236842  0.210526 
 0.315789  0.157895  0.210526  0.315789 
 0.631579  0.000000  0.131579  0.236842 
 0.026316  0.131579  0.789474  0.052632 
 0.500000  0.157895  0.236842  0.105263 
 0.868421  0.000000  0.026316  0.105263 
 0.000000  1.000000  0.000000  0.000000 
 1.000000  0.000000  0.000000  0.000000 
 0.131579  0.394737  0.263158  0.210526 
 0.578947  0.078947  0.078947  0.263158 
 0.236842  0.105263  0.342105  0.315789 
 0.236842  0.157895  0.210526  0.394737 
 0.131579  0.157895  0.578947  0.131579 
 0.289474  0.105263  0.236842  0.368421 
 0.342105  0.184211  0.236842  0.236842 
 0.105263  0.447368  0.210526  0.236842 
 0.210526  0.473684  0.105263  0.210526 
 0.210526  0.368421  0.210526  0.210526 
 0.368421  0.236842  0.157895  0.236842 

