MEME version 4

ALPHABET= ACGT

strands: + -

Background letter frequencies
A 0.250000 C 0.250000 G 0.250000 T 0.250000

MOTIF M11139_2.00 PPARG 
letter-probability matrix: alength= 4 w= 23 nsites= 100 E= 0
 0.916667  0.000000  0.000000  0.083333 
 0.703704  0.037037  0.000000  0.259259 
 0.074074  0.222222  0.555556  0.148148 
 0.071429  0.000000  0.035714  0.892857 
 0.607143  0.000000  0.392857  0.000000 
 0.000000  0.000000  1.000000  0.000000 
 0.000000  0.000000  1.000000  0.000000 
 0.000000  0.035714  0.107143  0.857143 
 0.035714  0.714286  0.178571  0.071429 
 1.000000  0.000000  0.000000  0.000000 
 0.107143  0.678571  0.107143  0.107143 
 0.214286  0.321429  0.250000  0.214286 
 0.142857  0.107143  0.607143  0.142857 
 0.000000  0.000000  0.000000  1.000000 
 0.000000  0.142857  0.821429  0.035714 
 0.892857  0.107143  0.000000  0.000000 
 0.000000  0.964286  0.035714  0.000000 
 0.000000  1.000000  0.000000  0.000000 
 0.000000  0.250000  0.000000  0.750000 
 0.928571  0.000000  0.035714  0.035714 
 0.074074  0.555556  0.259259  0.111111 
 0.222222  0.000000  0.000000  0.777778 
 0.086957  0.000000  0.130435  0.782609 

