MEME version 4

ALPHABET= ACGT

strands: + -

Background letter frequencies
A 0.250000 C 0.250000 G 0.250000 T 0.250000

MOTIF M11355_2.00 STAT5A 
letter-probability matrix: alength= 4 w= 15 nsites= 100 E= 0
 0.266667  0.200000  0.266667  0.266667 
 0.593750  0.000000  0.343750  0.062500 
 0.250000  0.125000  0.218750  0.406250 
 0.000000  0.000000  0.000000  1.000000 
 0.000000  0.000000  0.000000  1.000000 
 0.000000  1.000000  0.000000  0.000000 
 0.000000  0.757576  0.000000  0.242424 
 0.272727  0.242424  0.181818  0.303030 
 0.363636  0.181818  0.454545  0.000000 
 0.000000  0.030303  0.969697  0.000000 
 0.969697  0.000000  0.030303  0.000000 
 1.000000  0.000000  0.000000  0.000000 
 0.333333  0.121212  0.121212  0.424242 
 0.100000  0.233333  0.066667  0.600000 
 0.250000  0.285714  0.214286  0.250000 

