MEME version 4

ALPHABET= ACGT

strands: + -

Background letter frequencies
A 0.250000 C 0.250000 G 0.250000 T 0.250000

MOTIF M11305_2.00 SOX9 
letter-probability matrix: alength= 4 w= 14 nsites= 100 E= 0
 0.287671  0.246575  0.150685  0.315068 
 0.273973  0.232877  0.260274  0.232877 
 0.452055  0.150685  0.164384  0.232877 
 0.273973  0.068493  0.452055  0.205479 
 0.726027  0.082192  0.082192  0.109589 
 0.780822  0.041096  0.027397  0.150685 
 0.000000  1.000000  0.000000  0.000000 
 1.000000  0.000000  0.000000  0.000000 
 1.000000  0.000000  0.000000  0.000000 
 0.068493  0.000000  0.000000  0.931507 
 0.301370  0.041096  0.575342  0.082192 
 0.178082  0.109589  0.657534  0.054795 
 0.301370  0.136986  0.397260  0.164384 
 0.315068  0.191781  0.219178  0.273973 

