MEME version 4

ALPHABET= ACGT

strands: + -

Background letter frequencies
A 0.250000 C 0.250000 G 0.250000 T 0.250000

MOTIF UP00626A_1 VSX2
letter-probability matrix: alength= 4 w= 22 nsites= 100 E= 0
 0.269802  0.131188  0.200495  0.398515 
 0.230198  0.180693  0.190594  0.398515 
 0.487624  0.279703  0.131188  0.101485 
 0.220297  0.566832  0.101485  0.111386 
 0.289604  0.210396  0.438119  0.061881 
 0.220297  0.358911  0.101485  0.319307 
 0.289604  0.190594  0.398515  0.121287 
 0.012376  0.289604  0.012376  0.685644 
 0.012376  0.091584  0.002475  0.893564 
 0.972772  0.012376  0.012376  0.002475 
 0.972772  0.002475  0.012376  0.012376 
 0.012376  0.012376  0.002475  0.972772 
 0.002475  0.012376  0.012376  0.972772 
 0.893564  0.002475  0.091584  0.012376 
 0.685644  0.012376  0.289604  0.012376 
 0.150990  0.220297  0.250000  0.378713 
 0.418317  0.180693  0.250000  0.150990 
 0.299505  0.160891  0.378713  0.160891 
 0.339109  0.101485  0.190594  0.368812 
 0.180693  0.230198  0.428218  0.160891 
 0.319307  0.150990  0.309406  0.220297 
 0.111386  0.150990  0.527228  0.210396 

