MEME version 4

ALPHABET= ACGT

strands: + -

Background letter frequencies
A 0.250000 C 0.250000 G 0.250000 T 0.250000

MOTIF UP00521A_5 FOXN2
letter-probability matrix: alength= 4 w= 23 nsites= 100 E= 0
 0.477723  0.150990  0.240099  0.131188 
 0.547030  0.091584  0.240099  0.121287 
 0.349010  0.121287  0.190594  0.339109 
 0.091584  0.507426  0.319307  0.081683 
 0.259901  0.101485  0.368812  0.269802 
 0.329208  0.210396  0.339109  0.121287 
 0.329208  0.160891  0.289604  0.220297 
 0.220297  0.200495  0.220297  0.358911 
 0.259901  0.378713  0.200495  0.160891 
 0.022277  0.012376  0.962871  0.002475 
 0.992574  0.002475  0.002475  0.002475 
 0.012376  0.952970  0.002475  0.032178 
 0.012376  0.002475  0.972772  0.012376 
 0.002475  0.982673  0.002475  0.012376 
 0.012376  0.071782  0.061881  0.853960 
 0.784653  0.022277  0.022277  0.170792 
 0.269802  0.210396  0.051980  0.467822 
 0.279703  0.200495  0.269802  0.250000 
 0.269802  0.358911  0.111386  0.259901 
 0.141089  0.289604  0.061881  0.507426 
 0.319307  0.220297  0.240099  0.220297 
 0.418317  0.329208  0.121287  0.131188 
 0.180693  0.190594  0.428218  0.200495 

