MEME version 4

ALPHABET= ACGT

strands: + -

Background letter frequencies
A 0.250000 C 0.250000 G 0.250000 T 0.250000

MOTIF UP00615A_2 PITX2
letter-probability matrix: alength= 4 w= 22 nsites= 100 E= 0
 0.141089  0.121287  0.487624  0.250000 
 0.131188  0.180693  0.259901  0.428218 
 0.190594  0.210396  0.259901  0.339109 
 0.230198  0.408416  0.160891  0.200495 
 0.259901  0.111386  0.081683  0.547030 
 0.358911  0.240099  0.071782  0.329208 
 0.131188  0.061881  0.220297  0.586634 
 0.101485  0.339109  0.061881  0.497525 
 0.051980  0.012376  0.002475  0.933168 
 0.943069  0.002475  0.022277  0.032178 
 0.992574  0.002475  0.002475  0.002475 
 0.012376  0.002475  0.081683  0.903465 
 0.022277  0.923267  0.012376  0.042079 
 0.022277  0.804455  0.022277  0.150990 
 0.111386  0.606436  0.121287  0.160891 
 0.150990  0.309406  0.101485  0.438119 
 0.121287  0.477723  0.150990  0.250000 
 0.101485  0.210396  0.259901  0.428218 
 0.368812  0.259901  0.190594  0.180693 
 0.517327  0.230198  0.111386  0.141089 
 0.289604  0.230198  0.131188  0.349010 
 0.319307  0.279703  0.170792  0.230198 

