MEME version 4

ALPHABET= ACGT

strands: + -

Background letter frequencies
A 0.250000 C 0.250000 G 0.250000 T 0.250000

MOTIF UP00596B_2 HOXC4
letter-probability matrix: alength= 4 w= 22 nsites= 100 E= 0
 0.121287  0.141089  0.071782  0.665842 
 0.250000  0.131188  0.141089  0.477723 
 0.358911  0.289604  0.240099  0.111386 
 0.329208  0.408416  0.131188  0.131188 
 0.378713  0.141089  0.091584  0.388614 
 0.517327  0.230198  0.111386  0.141089 
 0.170792  0.279703  0.329208  0.220297 
 0.141089  0.250000  0.190594  0.418317 
 0.032178  0.121287  0.002475  0.844059 
 0.923267  0.061881  0.012376  0.002475 
 0.972772  0.002475  0.012376  0.012376 
 0.012376  0.012376  0.002475  0.972772 
 0.002475  0.012376  0.061881  0.923267 
 0.844059  0.002475  0.121287  0.032178 
 0.418317  0.190594  0.250000  0.141089 
 0.111386  0.160891  0.220297  0.507426 
 0.349010  0.220297  0.170792  0.259901 
 0.467822  0.101485  0.200495  0.230198 
 0.250000  0.071782  0.131188  0.547030 
 0.438119  0.240099  0.160891  0.160891 
 0.319307  0.061881  0.319307  0.299505 
 0.230198  0.121287  0.289604  0.358911 

