MEME version 4

ALPHABET= ACGT

strands: + -

Background letter frequencies
A 0.250000 C 0.250000 G 0.250000 T 0.250000

MOTIF UP00596A_2 HOXC4
letter-probability matrix: alength= 4 w= 22 nsites= 100 E= 0
 0.131188  0.150990  0.368812  0.349010 
 0.200495  0.220297  0.299505  0.279703 
 0.378713  0.269802  0.210396  0.141089 
 0.160891  0.319307  0.259901  0.259901 
 0.190594  0.220297  0.160891  0.428218 
 0.289604  0.180693  0.388614  0.141089 
 0.240099  0.349010  0.339109  0.071782 
 0.111386  0.111386  0.111386  0.665842 
 0.022277  0.111386  0.002475  0.863861 
 0.933168  0.061881  0.002475  0.002475 
 0.972772  0.012376  0.002475  0.012376 
 0.012376  0.002475  0.012376  0.972772 
 0.002475  0.002475  0.061881  0.933168 
 0.863861  0.002475  0.111386  0.022277 
 0.665842  0.111386  0.111386  0.111386 
 0.061881  0.210396  0.388614  0.339109 
 0.279703  0.190594  0.230198  0.299505 
 0.279703  0.240099  0.279703  0.200495 
 0.220297  0.180693  0.240099  0.358911 
 0.289604  0.448020  0.071782  0.190594 
 0.378713  0.101485  0.250000  0.269802 
 0.121287  0.339109  0.319307  0.220297 

