MEME version 4

ALPHABET= ACGT

strands: + -

Background letter frequencies
A 0.250000 C 0.250000 G 0.250000 T 0.250000

MOTIF UP00608B_1 OVOL2
letter-probability matrix: alength= 4 w= 23 nsites= 100 E= 0
 0.309406  0.150990  0.299505  0.240099 
 0.349010  0.061881  0.061881  0.527228 
 0.180693  0.339109  0.081683  0.398515 
 0.438119  0.101485  0.160891  0.299505 
 0.121287  0.170792  0.150990  0.556931 
 0.299505  0.309406  0.250000  0.141089 
 0.131188  0.408416  0.111386  0.349010 
 0.685644  0.051980  0.121287  0.141089 
 0.388614  0.121287  0.269802  0.220297 
 0.477723  0.309406  0.180693  0.032178 
 0.002475  0.012376  0.002475  0.982673 
 0.982673  0.002475  0.002475  0.012376 
 0.784653  0.002475  0.210396  0.002475 
 0.002475  0.992574  0.002475  0.002475 
 0.012376  0.002475  0.972772  0.012376 
 0.002475  0.002475  0.972772  0.022277 
 0.269802  0.032178  0.190594  0.507426 
 0.150990  0.289604  0.091584  0.467822 
 0.279703  0.160891  0.210396  0.349010 
 0.398515  0.339109  0.121287  0.141089 
 0.517327  0.200495  0.150990  0.131188 
 0.111386  0.349010  0.121287  0.418317 
 0.210396  0.487624  0.131188  0.170792 

