MEME version 4

ALPHABET= ACGT

strands: + -

Background letter frequencies
A 0.250000 C 0.250000 G 0.250000 T 0.250000

MOTIF UP00625B_1 VSX1
letter-probability matrix: alength= 4 w= 22 nsites= 100 E= 0
 0.448020  0.150990  0.141089  0.259901 
 0.745050  0.091584  0.061881  0.101485 
 0.210396  0.121287  0.438119  0.230198 
 0.408416  0.071782  0.250000  0.269802 
 0.220297  0.141089  0.289604  0.349010 
 0.061881  0.358911  0.279703  0.299505 
 0.289604  0.200495  0.428218  0.081683 
 0.071782  0.745050  0.042079  0.141089 
 0.012376  0.230198  0.002475  0.754950 
 0.962871  0.032178  0.002475  0.002475 
 0.982673  0.002475  0.012376  0.002475 
 0.002475  0.012376  0.002475  0.982673 
 0.002475  0.002475  0.032178  0.962871 
 0.754950  0.002475  0.230198  0.012376 
 0.141089  0.042079  0.745050  0.071782 
 0.091584  0.398515  0.190594  0.319307 
 0.160891  0.289604  0.309406  0.240099 
 0.339109  0.250000  0.329208  0.081683 
 0.210396  0.289604  0.210396  0.289604 
 0.319307  0.259901  0.091584  0.329208 
 0.180693  0.081683  0.487624  0.250000 
 0.448020  0.121287  0.131188  0.299505 

