MEME version 4

ALPHABET= ACGT

strands: + -

Background letter frequencies
A 0.250000 C 0.250000 G 0.250000 T 0.250000

MOTIF UP00624A_1 VENTX
letter-probability matrix: alength= 4 w= 23 nsites= 100 E= 0
 0.358911  0.141089  0.032178  0.467822 
 0.289604  0.220297  0.220297  0.269802 
 0.378713  0.279703  0.200495  0.141089 
 0.309406  0.071782  0.319307  0.299505 
 0.319307  0.180693  0.141089  0.358911 
 0.220297  0.111386  0.309406  0.358911 
 0.200495  0.170792  0.537129  0.091584 
 0.101485  0.388614  0.259901  0.250000 
 0.032178  0.131188  0.012376  0.824257 
 0.754950  0.071782  0.160891  0.012376 
 0.943069  0.022277  0.022277  0.012376 
 0.012376  0.022277  0.022277  0.943069 
 0.012376  0.160891  0.071782  0.754950 
 0.824257  0.012376  0.131188  0.032178 
 0.150990  0.170792  0.428218  0.250000 
 0.091584  0.537129  0.170792  0.200495 
 0.477723  0.259901  0.111386  0.150990 
 0.566832  0.170792  0.131188  0.131188 
 0.319307  0.200495  0.190594  0.289604 
 0.388614  0.061881  0.091584  0.457921 
 0.527228  0.141089  0.141089  0.190594 
 0.497525  0.131188  0.111386  0.259901 
 0.596535  0.180693  0.061881  0.160891 

