MEME version 4

ALPHABET= ACGT

strands: + -

Background letter frequencies
A 0.250000 C 0.250000 G 0.250000 T 0.250000

MOTIF UP00619C_1 PROP1
letter-probability matrix: alength= 4 w= 22 nsites= 100 E= 0
 0.814356  0.042079  0.061881  0.081683 
 0.329208  0.071782  0.071782  0.527228 
 0.160891  0.160891  0.586634  0.091584 
 0.200495  0.121287  0.220297  0.457921 
 0.339109  0.141089  0.091584  0.428218 
 0.061881  0.042079  0.022277  0.873762 
 0.725248  0.051980  0.101485  0.121287 
 0.893564  0.022277  0.012376  0.071782 
 0.131188  0.111386  0.051980  0.705446 
 0.081683  0.358911  0.061881  0.497525 
 0.022277  0.230198  0.022277  0.725248 
 0.794554  0.071782  0.081683  0.051980 
 0.923267  0.012376  0.022277  0.042079 
 0.012376  0.012376  0.002475  0.972772 
 0.061881  0.032178  0.012376  0.893564 
 0.923267  0.012376  0.032178  0.032178 
 0.408416  0.042079  0.210396  0.339109 
 0.200495  0.081683  0.061881  0.655941 
 0.279703  0.220297  0.121287  0.378713 
 0.190594  0.121287  0.329208  0.358911 
 0.289604  0.150990  0.111386  0.448020 
 0.180693  0.230198  0.428218  0.160891 

