MEME version 4

ALPHABET= ACGT

strands: + -

Background letter frequencies
A 0.250000 C 0.250000 G 0.250000 T 0.250000

MOTIF UP00597H_2 HOXD13
letter-probability matrix: alength= 4 w= 22 nsites= 100 E= 0
 0.180693  0.626238  0.061881  0.131188 
 0.339109  0.180693  0.220297  0.259901 
 0.259901  0.210396  0.250000  0.279703 
 0.349010  0.190594  0.071782  0.388614 
 0.358911  0.160891  0.150990  0.329208 
 0.368812  0.081683  0.141089  0.408416 
 0.121287  0.190594  0.319307  0.368812 
 0.061881  0.844059  0.091584  0.002475 
 0.012376  0.032178  0.002475  0.952970 
 0.042079  0.834158  0.002475  0.121287 
 0.329208  0.002475  0.655941  0.012376 
 0.002475  0.012376  0.002475  0.982673 
 0.883663  0.002475  0.012376  0.101485 
 0.952970  0.002475  0.002475  0.042079 
 0.972772  0.012376  0.002475  0.012376 
 0.606436  0.121287  0.071782  0.200495 
 0.289604  0.131188  0.131188  0.448020 
 0.170792  0.220297  0.131188  0.477723 
 0.329208  0.061881  0.269802  0.339109 
 0.240099  0.240099  0.358911  0.160891 
 0.378713  0.250000  0.170792  0.200495 
 0.408416  0.081683  0.250000  0.259901 

