MEME version 4

ALPHABET= ACGT

strands: + -

Background letter frequencies
A 0.250000 C 0.250000 G 0.250000 T 0.250000

MOTIF UP00630A_2 ZNF655
letter-probability matrix: alength= 4 w= 22 nsites= 100 E= 0
 0.160891  0.269802  0.200495  0.368812 
 0.289604  0.091584  0.240099  0.378713 
 0.299505  0.279703  0.141089  0.279703 
 0.309406  0.180693  0.210396  0.299505 
 0.210396  0.150990  0.368812  0.269802 
 0.368812  0.071782  0.368812  0.190594 
 0.210396  0.071782  0.111386  0.606436 
 0.913366  0.002475  0.051980  0.032178 
 0.042079  0.012376  0.061881  0.883663 
 0.012376  0.002475  0.982673  0.002475 
 0.012376  0.962871  0.012376  0.012376 
 0.012376  0.002475  0.002475  0.982673 
 0.982673  0.002475  0.002475  0.012376 
 0.844059  0.131188  0.012376  0.012376 
 0.042079  0.576733  0.012376  0.368812 
 0.150990  0.309406  0.141089  0.398515 
 0.250000  0.170792  0.091584  0.487624 
 0.339109  0.091584  0.141089  0.428218 
 0.200495  0.141089  0.457921  0.200495 
 0.309406  0.388614  0.081683  0.220297 
 0.309406  0.299505  0.200495  0.190594 
 0.289604  0.279703  0.259901  0.170792 

