MEME version 4

ALPHABET= ACGT

strands: + -

Background letter frequencies
A 0.250000 C 0.250000 G 0.250000 T 0.250000

MOTIF UP00625D_1 VSX1
letter-probability matrix: alength= 4 w= 22 nsites= 100 E= 0
 0.418317  0.200495  0.141089  0.240099 
 0.725248  0.091584  0.061881  0.121287 
 0.180693  0.150990  0.398515  0.269802 
 0.448020  0.071782  0.279703  0.200495 
 0.240099  0.200495  0.210396  0.349010 
 0.101485  0.368812  0.309406  0.220297 
 0.309406  0.180693  0.457921  0.051980 
 0.071782  0.794554  0.032178  0.101485 
 0.002475  0.210396  0.002475  0.784653 
 0.972772  0.012376  0.012376  0.002475 
 0.982673  0.002475  0.002475  0.012376 
 0.012376  0.002475  0.002475  0.982673 
 0.002475  0.012376  0.012376  0.972772 
 0.784653  0.002475  0.210396  0.002475 
 0.101485  0.032178  0.794554  0.071782 
 0.081683  0.467822  0.210396  0.240099 
 0.131188  0.230198  0.457921  0.180693 
 0.398515  0.200495  0.319307  0.081683 
 0.240099  0.230198  0.220297  0.309406 
 0.259901  0.299505  0.121287  0.319307 
 0.180693  0.160891  0.438119  0.220297 
 0.269802  0.160891  0.111386  0.457921 

