MEME version 4

ALPHABET= ACGT

strands: + -

Background letter frequencies
A 0.250000 C 0.250000 G 0.250000 T 0.250000

MOTIF UP00594B_1 HESX1
letter-probability matrix: alength= 4 w= 22 nsites= 100 E= 0
 0.329208  0.141089  0.319307  0.210396 
 0.210396  0.428218  0.131188  0.230198 
 0.329208  0.220297  0.329208  0.121287 
 0.269802  0.230198  0.121287  0.378713 
 0.250000  0.180693  0.349010  0.220297 
 0.329208  0.150990  0.250000  0.269802 
 0.210396  0.279703  0.289604  0.220297 
 0.022277  0.863861  0.022277  0.091584 
 0.012376  0.250000  0.002475  0.735149 
 0.982673  0.012376  0.002475  0.002475 
 0.982673  0.002475  0.002475  0.012376 
 0.012376  0.002475  0.002475  0.982673 
 0.002475  0.002475  0.012376  0.982673 
 0.735149  0.002475  0.250000  0.012376 
 0.091584  0.022277  0.863861  0.022277 
 0.220297  0.131188  0.240099  0.408416 
 0.230198  0.230198  0.279703  0.259901 
 0.170792  0.170792  0.428218  0.230198 
 0.279703  0.190594  0.160891  0.368812 
 0.309406  0.230198  0.210396  0.250000 
 0.230198  0.269802  0.319307  0.180693 
 0.299505  0.200495  0.180693  0.319307 

