MEME version 4

ALPHABET= ACGT

strands: + -

Background letter frequencies
A 0.250000 C 0.250000 G 0.250000 T 0.250000

MOTIF UP00480A_7 MAML1-CSL-GST-NOTCH1
letter-probability matrix: alength= 4 w= 23 nsites= 100 E= 0
 0.190594  0.279703  0.240099  0.289604 
 0.230198  0.289604  0.210396  0.269802 
 0.111386  0.061881  0.358911  0.467822 
 0.339109  0.081683  0.448020  0.131188 
 0.210396  0.408416  0.160891  0.220297 
 0.537129  0.141089  0.170792  0.150990 
 0.230198  0.358911  0.121287  0.289604 
 0.141089  0.646040  0.071782  0.141089 
 0.180693  0.240099  0.547030  0.032178 
 0.022277  0.012376  0.002475  0.962871 
 0.002475  0.002475  0.992574  0.002475 
 0.051980  0.002475  0.913366  0.032178 
 0.002475  0.002475  0.992574  0.002475 
 0.972772  0.002475  0.012376  0.012376 
 0.913366  0.012376  0.061881  0.012376 
 0.160891  0.745050  0.032178  0.061881 
 0.170792  0.527228  0.150990  0.150990 
 0.299505  0.309406  0.289604  0.101485 
 0.190594  0.319307  0.240099  0.250000 
 0.309406  0.121287  0.259901  0.309406 
 0.339109  0.121287  0.250000  0.289604 
 0.210396  0.141089  0.210396  0.438119 
 0.220297  0.131188  0.547030  0.101485 

