MEME version 4

ALPHABET= ACGT

strands: + -

Background letter frequencies
A 0.250000 C 0.250000 G 0.250000 T 0.250000

MOTIF UP00604C_1 NKX2-5
letter-probability matrix: alength= 4 w= 22 nsites= 100 E= 0
 0.289604  0.319307  0.180693  0.210396 
 0.299505  0.220297  0.180693  0.299505 
 0.457921  0.111386  0.230198  0.200495 
 0.319307  0.071782  0.200495  0.408416 
 0.220297  0.150990  0.160891  0.467822 
 0.279703  0.131188  0.091584  0.497525 
 0.269802  0.091584  0.200495  0.438119 
 0.745050  0.012376  0.210396  0.032178 
 0.794554  0.012376  0.150990  0.042079 
 0.012376  0.042079  0.933168  0.012376 
 0.002475  0.309406  0.002475  0.685644 
 0.685644  0.002475  0.309406  0.002475 
 0.012376  0.933168  0.042079  0.012376 
 0.042079  0.150990  0.012376  0.794554 
 0.042079  0.200495  0.012376  0.745050 
 0.675743  0.042079  0.210396  0.071782 
 0.794554  0.022277  0.071782  0.111386 
 0.586634  0.141089  0.111386  0.160891 
 0.368812  0.081683  0.150990  0.398515 
 0.180693  0.349010  0.121287  0.349010 
 0.160891  0.279703  0.170792  0.388614 
 0.309406  0.081683  0.210396  0.398515 

