MEME version 4

ALPHABET= ACGT

strands: + -

Background letter frequencies
A 0.250000 C 0.250000 G 0.250000 T 0.250000

MOTIF UP00584E_1 ARX
letter-probability matrix: alength= 4 w= 22 nsites= 100 E= 0
 0.210396  0.150990  0.180693  0.457921 
 0.121287  0.121287  0.408416  0.349010 
 0.428218  0.180693  0.190594  0.200495 
 0.210396  0.487624  0.180693  0.121287 
 0.200495  0.210396  0.378713  0.210396 
 0.210396  0.250000  0.349010  0.190594 
 0.319307  0.150990  0.230198  0.299505 
 0.121287  0.141089  0.091584  0.646040 
 0.022277  0.091584  0.061881  0.824257 
 0.863861  0.042079  0.071782  0.022277 
 0.923267  0.012376  0.042079  0.022277 
 0.022277  0.042079  0.012376  0.923267 
 0.022277  0.061881  0.051980  0.863861 
 0.824257  0.061881  0.091584  0.022277 
 0.646040  0.091584  0.141089  0.121287 
 0.131188  0.150990  0.091584  0.626238 
 0.240099  0.279703  0.160891  0.319307 
 0.250000  0.220297  0.190594  0.339109 
 0.180693  0.210396  0.230198  0.378713 
 0.150990  0.547030  0.141089  0.160891 
 0.210396  0.071782  0.319307  0.398515 
 0.190594  0.200495  0.358911  0.250000 

