MEME version 4

ALPHABET= ACGT

strands: + -

Background letter frequencies
A 0.250000 C 0.250000 G 0.250000 T 0.250000

MOTIF UP00604B_1 NKX2-5
letter-probability matrix: alength= 4 w= 22 nsites= 100 E= 0
 0.150990  0.220297  0.240099  0.388614 
 0.566832  0.061881  0.101485  0.269802 
 0.220297  0.329208  0.101485  0.349010 
 0.210396  0.200495  0.299505  0.289604 
 0.398515  0.121287  0.240099  0.240099 
 0.467822  0.061881  0.170792  0.299505 
 0.319307  0.091584  0.537129  0.051980 
 0.012376  0.923267  0.032178  0.032178 
 0.002475  0.952970  0.002475  0.042079 
 0.784653  0.042079  0.002475  0.170792 
 0.071782  0.923267  0.002475  0.002475 
 0.012376  0.002475  0.002475  0.982673 
 0.012376  0.042079  0.002475  0.943069 
 0.537129  0.022277  0.418317  0.022277 
 0.844059  0.002475  0.022277  0.131188 
 0.398515  0.418317  0.150990  0.032178 
 0.438119  0.131188  0.071782  0.358911 
 0.200495  0.131188  0.071782  0.596535 
 0.230198  0.150990  0.071782  0.547030 
 0.279703  0.141089  0.487624  0.091584 
 0.160891  0.339109  0.269802  0.230198 
 0.259901  0.517327  0.121287  0.101485 

