MEME version 4

ALPHABET= ACGT

strands: + -

Background letter frequencies
A 0.250000 C 0.250000 G 0.250000 T 0.250000

MOTIF UP00603B_2 MSX2
letter-probability matrix: alength= 4 w= 23 nsites= 100 E= 0
 0.160891  0.349010  0.319307  0.170792 
 0.131188  0.378713  0.349010  0.141089 
 0.210396  0.160891  0.527228  0.101485 
 0.141089  0.200495  0.329208  0.329208 
 0.111386  0.349010  0.329208  0.210396 
 0.150990  0.111386  0.586634  0.150990 
 0.240099  0.299505  0.240099  0.220297 
 0.695545  0.091584  0.091584  0.121287 
 0.061881  0.230198  0.299505  0.408416 
 0.042079  0.250000  0.012376  0.695545 
 0.883663  0.042079  0.032178  0.042079 
 0.962871  0.012376  0.012376  0.012376 
 0.012376  0.012376  0.012376  0.962871 
 0.042079  0.042079  0.042079  0.873762 
 0.725248  0.012376  0.200495  0.061881 
 0.180693  0.329208  0.378713  0.111386 
 0.141089  0.111386  0.448020  0.299505 
 0.388614  0.299505  0.230198  0.081683 
 0.299505  0.368812  0.240099  0.091584 
 0.190594  0.259901  0.131188  0.418317 
 0.398515  0.259901  0.131188  0.210396 
 0.160891  0.448020  0.051980  0.339109 
 0.408416  0.190594  0.170792  0.230198 

