MEME version 4

ALPHABET= ACGT

strands: + -

Background letter frequencies
A 0.250000 C 0.250000 G 0.250000 T 0.250000

MOTIF UP00615E_1 PITX2
letter-probability matrix: alength= 4 w= 23 nsites= 100 E= 0
 0.230198  0.150990  0.299505  0.319307 
 0.269802  0.170792  0.210396  0.349010 
 0.131188  0.121287  0.190594  0.556931 
 0.170792  0.180693  0.279703  0.368812 
 0.438119  0.289604  0.210396  0.061881 
 0.299505  0.131188  0.467822  0.101485 
 0.467822  0.081683  0.319307  0.131188 
 0.051980  0.081683  0.527228  0.339109 
 0.121287  0.012376  0.853960  0.012376 
 0.032178  0.002475  0.903465  0.061881 
 0.952970  0.032178  0.002475  0.012376 
 0.012376  0.012376  0.002475  0.972772 
 0.022277  0.012376  0.002475  0.962871 
 0.952970  0.012376  0.002475  0.032178 
 0.527228  0.051980  0.319307  0.101485 
 0.527228  0.200495  0.101485  0.170792 
 0.358911  0.071782  0.230198  0.339109 
 0.507426  0.091584  0.141089  0.259901 
 0.200495  0.150990  0.329208  0.319307 
 0.368812  0.210396  0.210396  0.210396 
 0.517327  0.190594  0.180693  0.111386 
 0.279703  0.467822  0.131188  0.121287 
 0.200495  0.230198  0.141089  0.428218 

