MEME version 4

ALPHABET= ACGT

strands: + -

Background letter frequencies
A 0.250000 C 0.250000 G 0.250000 T 0.250000

MOTIF UP00592A_1 GFI1B
letter-probability matrix: alength= 4 w= 23 nsites= 100 E= 0
 0.200495  0.051980  0.210396  0.537129 
 0.180693  0.071782  0.121287  0.626238 
 0.299505  0.170792  0.220297  0.309406 
 0.428218  0.160891  0.111386  0.299505 
 0.150990  0.190594  0.081683  0.576733 
 0.220297  0.101485  0.438119  0.240099 
 0.200495  0.160891  0.309406  0.329208 
 0.923267  0.032178  0.022277  0.022277 
 0.972772  0.002475  0.002475  0.022277 
 0.992574  0.002475  0.002475  0.002475 
 0.002475  0.012376  0.002475  0.982673 
 0.012376  0.982673  0.002475  0.002475 
 0.141089  0.022277  0.002475  0.834158 
 0.012376  0.101485  0.863861  0.022277 
 0.319307  0.071782  0.358911  0.250000 
 0.319307  0.190594  0.200495  0.289604 
 0.091584  0.646040  0.101485  0.160891 
 0.210396  0.210396  0.269802  0.309406 
 0.230198  0.240099  0.418317  0.111386 
 0.259901  0.230198  0.250000  0.259901 
 0.160891  0.309406  0.408416  0.121287 
 0.121287  0.180693  0.170792  0.527228 
 0.418317  0.259901  0.131188  0.190594 

