MEME version 4

ALPHABET= ACGT

strands: + -

Background letter frequencies
A 0.250000 C 0.250000 G 0.250000 T 0.250000

MOTIF UP00599A_1 KLF1
letter-probability matrix: alength= 4 w= 22 nsites= 100 E= 0
 0.269802  0.051980  0.101485  0.576733 
 0.220297  0.259901  0.299505  0.220297 
 0.259901  0.081683  0.329208  0.329208 
 0.190594  0.349010  0.131188  0.329208 
 0.339109  0.368812  0.170792  0.121287 
 0.150990  0.438119  0.101485  0.309406 
 0.200495  0.259901  0.388614  0.150990 
 0.101485  0.754950  0.042079  0.101485 
 0.101485  0.794554  0.022277  0.081683 
 0.210396  0.735149  0.022277  0.032178 
 0.012376  0.972772  0.002475  0.012376 
 0.329208  0.002475  0.646040  0.022277 
 0.012376  0.972772  0.002475  0.012376 
 0.022277  0.962871  0.012376  0.002475 
 0.032178  0.943069  0.002475  0.022277 
 0.319307  0.388614  0.141089  0.150990 
 0.101485  0.418317  0.299505  0.180693 
 0.160891  0.497525  0.061881  0.279703 
 0.091584  0.378713  0.220297  0.309406 
 0.220297  0.121287  0.477723  0.180693 
 0.448020  0.111386  0.329208  0.111386 
 0.408416  0.279703  0.200495  0.111386 

