MEME version 4

ALPHABET= ACGT

strands: + -

Background letter frequencies
A 0.250000 C 0.250000 G 0.250000 T 0.250000

MOTIF UP00611A_2 PAX6
letter-probability matrix: alength= 4 w= 23 nsites= 100 E= 0
 0.200495  0.051980  0.091584  0.655941 
 0.170792  0.259901  0.121287  0.448020 
 0.398515  0.339109  0.071782  0.190594 
 0.378713  0.200495  0.111386  0.309406 
 0.596535  0.081683  0.121287  0.200495 
 0.131188  0.240099  0.289604  0.339109 
 0.200495  0.071782  0.566832  0.160891 
 0.190594  0.170792  0.358911  0.279703 
 0.101485  0.042079  0.022277  0.834158 
 0.735149  0.071782  0.170792  0.022277 
 0.903465  0.032178  0.012376  0.051980 
 0.042079  0.012376  0.032178  0.913366 
 0.022277  0.170792  0.071782  0.735149 
 0.844059  0.022277  0.042079  0.091584 
 0.250000  0.101485  0.487624  0.160891 
 0.160891  0.566832  0.071782  0.200495 
 0.566832  0.170792  0.101485  0.160891 
 0.220297  0.160891  0.230198  0.388614 
 0.378713  0.071782  0.289604  0.259901 
 0.358911  0.061881  0.220297  0.358911 
 0.349010  0.091584  0.121287  0.438119 
 0.418317  0.299505  0.101485  0.180693 
 0.388614  0.091584  0.032178  0.487624 

