MEME version 4

ALPHABET= ACGT

strands: + -

Background letter frequencies
A 0.250000 C 0.250000 G 0.250000 T 0.250000

MOTIF UP00624C_1 VENTX
letter-probability matrix: alength= 4 w= 23 nsites= 100 E= 0
 0.230198  0.547030  0.141089  0.081683 
 0.358911  0.051980  0.190594  0.398515 
 0.438119  0.042079  0.141089  0.378713 
 0.438119  0.170792  0.279703  0.111386 
 0.131188  0.547030  0.061881  0.259901 
 0.349010  0.408416  0.091584  0.150990 
 0.220297  0.378713  0.200495  0.200495 
 0.438119  0.358911  0.121287  0.081683 
 0.091584  0.101485  0.101485  0.705446 
 0.507426  0.131188  0.230198  0.131188 
 0.121287  0.388614  0.329208  0.160891 
 0.180693  0.329208  0.042079  0.448020 
 0.527228  0.121287  0.190594  0.160891 
 0.121287  0.200495  0.061881  0.616337 
 0.646040  0.032178  0.200495  0.121287 
 0.131188  0.141089  0.061881  0.665842 
 0.309406  0.200495  0.408416  0.081683 
 0.269802  0.240099  0.240099  0.250000 
 0.259901  0.071782  0.487624  0.180693 
 0.200495  0.121287  0.408416  0.269802 
 0.230198  0.160891  0.111386  0.497525 
 0.368812  0.240099  0.121287  0.269802 
 0.071782  0.497525  0.349010  0.081683 

