MEME version 4

ALPHABET= ACGT

strands: + -

Background letter frequencies
A 0.250000 C 0.250000 G 0.250000 T 0.250000

MOTIF UP00597E_1 HOXD13
letter-probability matrix: alength= 4 w= 23 nsites= 100 E= 0
 0.141089  0.081683  0.329208  0.448020 
 0.111386  0.457921  0.170792  0.259901 
 0.418317  0.111386  0.230198  0.240099 
 0.349010  0.200495  0.240099  0.210396 
 0.616337  0.180693  0.121287  0.081683 
 0.091584  0.121287  0.240099  0.547030 
 0.111386  0.160891  0.457921  0.269802 
 0.111386  0.289604  0.566832  0.032178 
 0.022277  0.012376  0.933168  0.032178 
 0.042079  0.170792  0.467822  0.319307 
 0.943069  0.002475  0.022277  0.032178 
 0.002475  0.012376  0.002475  0.982673 
 0.774752  0.002475  0.012376  0.210396 
 0.923267  0.002475  0.002475  0.071782 
 0.962871  0.012376  0.002475  0.022277 
 0.626238  0.022277  0.061881  0.289604 
 0.299505  0.160891  0.111386  0.428218 
 0.220297  0.190594  0.170792  0.418317 
 0.368812  0.101485  0.269802  0.259901 
 0.230198  0.081683  0.121287  0.566832 
 0.339109  0.131188  0.210396  0.319307 
 0.299505  0.259901  0.121287  0.319307 
 0.160891  0.081683  0.210396  0.547030 

