MEME version 4

ALPHABET= ACGT

strands: + -

Background letter frequencies
A 0.250000 C 0.250000 G 0.250000 T 0.250000

MOTIF UP00604A_1 NKX2-5
letter-probability matrix: alength= 4 w= 22 nsites= 100 E= 0
 0.279703  0.279703  0.200495  0.240099 
 0.319307  0.240099  0.150990  0.289604 
 0.448020  0.131188  0.220297  0.200495 
 0.309406  0.091584  0.220297  0.378713 
 0.220297  0.150990  0.180693  0.448020 
 0.309406  0.131188  0.101485  0.457921 
 0.299505  0.091584  0.200495  0.408416 
 0.764851  0.002475  0.200495  0.032178 
 0.804455  0.012376  0.150990  0.032178 
 0.012376  0.042079  0.933168  0.012376 
 0.002475  0.259901  0.002475  0.735149 
 0.735149  0.002475  0.259901  0.002475 
 0.012376  0.933168  0.042079  0.012376 
 0.032178  0.141089  0.012376  0.814356 
 0.032178  0.200495  0.002475  0.764851 
 0.685644  0.032178  0.210396  0.071782 
 0.794554  0.012376  0.071782  0.121287 
 0.576733  0.150990  0.121287  0.150990 
 0.388614  0.091584  0.170792  0.349010 
 0.160891  0.329208  0.141089  0.368812 
 0.150990  0.279703  0.180693  0.388614 
 0.299505  0.101485  0.180693  0.418317 

