MEME version 4

ALPHABET= ACGT

strands: + -

Background letter frequencies
A 0.250000 C 0.250000 G 0.250000 T 0.250000

MOTIF UP00623B_2 VAX2
letter-probability matrix: alength= 4 w= 23 nsites= 100 E= 0
 0.349010  0.101485  0.071782  0.477723 
 0.289604  0.269802  0.170792  0.269802 
 0.467822  0.230198  0.200495  0.101485 
 0.150990  0.111386  0.230198  0.507426 
 0.250000  0.259901  0.378713  0.111386 
 0.170792  0.141089  0.378713  0.309406 
 0.111386  0.131188  0.695545  0.061881 
 0.051980  0.517327  0.170792  0.259901 
 0.012376  0.121287  0.002475  0.863861 
 0.943069  0.042079  0.002475  0.012376 
 0.943069  0.022277  0.002475  0.032178 
 0.032178  0.002475  0.022277  0.943069 
 0.012376  0.002475  0.042079  0.943069 
 0.863861  0.002475  0.121287  0.012376 
 0.170792  0.269802  0.438119  0.121287 
 0.061881  0.695545  0.131188  0.111386 
 0.111386  0.596535  0.042079  0.250000 
 0.210396  0.398515  0.170792  0.220297 
 0.774752  0.051980  0.061881  0.111386 
 0.259901  0.091584  0.398515  0.250000 
 0.220297  0.200495  0.220297  0.358911 
 0.428218  0.160891  0.190594  0.220297 
 0.487624  0.071782  0.329208  0.111386 

