MEME version 4

ALPHABET= ACGT

strands: + -

Background letter frequencies
A 0.250000 C 0.250000 G 0.250000 T 0.250000

MOTIF UP00618B_1 POU6F2
letter-probability matrix: alength= 4 w= 23 nsites= 100 E= 0
 0.408416  0.081683  0.091584  0.418317 
 0.141089  0.329208  0.200495  0.329208 
 0.309406  0.259901  0.141089  0.289604 
 0.200495  0.378713  0.210396  0.210396 
 0.210396  0.071782  0.566832  0.150990 
 0.418317  0.150990  0.299505  0.131188 
 0.230198  0.111386  0.418317  0.240099 
 0.210396  0.378713  0.210396  0.200495 
 0.051980  0.071782  0.012376  0.863861 
 0.834158  0.091584  0.042079  0.032178 
 0.893564  0.051980  0.012376  0.042079 
 0.042079  0.012376  0.051980  0.893564 
 0.032178  0.042079  0.091584  0.834158 
 0.863861  0.012376  0.071782  0.051980 
 0.111386  0.061881  0.547030  0.279703 
 0.240099  0.418317  0.121287  0.220297 
 0.170792  0.279703  0.051980  0.497525 
 0.200495  0.487624  0.150990  0.160891 
 0.655941  0.101485  0.141089  0.101485 
 0.269802  0.081683  0.438119  0.210396 
 0.329208  0.121287  0.150990  0.398515 
 0.596535  0.121287  0.141089  0.141089 
 0.269802  0.190594  0.141089  0.398515 

