MEME version 4

ALPHABET= ACGT

strands: + -

Background letter frequencies
A 0.250000 C 0.250000 G 0.250000 T 0.250000

MOTIF UP00614E_1 PHOX2B
letter-probability matrix: alength= 4 w= 23 nsites= 100 E= 0
 0.319307  0.131188  0.071782  0.477723 
 0.180693  0.259901  0.309406  0.250000 
 0.349010  0.309406  0.240099  0.101485 
 0.329208  0.071782  0.358911  0.240099 
 0.408416  0.190594  0.141089  0.259901 
 0.121287  0.200495  0.309406  0.368812 
 0.210396  0.220297  0.487624  0.081683 
 0.250000  0.259901  0.279703  0.210396 
 0.101485  0.240099  0.042079  0.616337 
 0.606436  0.032178  0.279703  0.081683 
 0.903465  0.022277  0.042079  0.032178 
 0.032178  0.051980  0.012376  0.903465 
 0.071782  0.279703  0.032178  0.616337 
 0.616337  0.042079  0.240099  0.101485 
 0.150990  0.180693  0.378713  0.289604 
 0.091584  0.487624  0.210396  0.210396 
 0.448020  0.339109  0.071782  0.141089 
 0.418317  0.111386  0.200495  0.269802 
 0.467822  0.121287  0.150990  0.259901 
 0.339109  0.071782  0.141089  0.448020 
 0.339109  0.240099  0.111386  0.309406 
 0.408416  0.250000  0.111386  0.230198 
 0.616337  0.091584  0.042079  0.250000 

