MEME version 4

ALPHABET= ACGT

strands: + -

Background letter frequencies
A 0.250000 C 0.250000 G 0.250000 T 0.250000

MOTIF UP00614C_1 PHOX2B
letter-probability matrix: alength= 4 w= 23 nsites= 100 E= 0
 0.438119  0.141089  0.121287  0.299505 
 0.378713  0.190594  0.180693  0.250000 
 0.309406  0.378713  0.160891  0.150990 
 0.398515  0.091584  0.091584  0.418317 
 0.200495  0.349010  0.240099  0.210396 
 0.250000  0.368812  0.091584  0.289604 
 0.121287  0.091584  0.339109  0.448020 
 0.160891  0.576733  0.051980  0.210396 
 0.745050  0.091584  0.101485  0.061881 
 0.141089  0.170792  0.299505  0.388614 
 0.061881  0.111386  0.051980  0.774752 
 0.735149  0.071782  0.111386  0.081683 
 0.913366  0.042079  0.032178  0.012376 
 0.042079  0.061881  0.042079  0.853960 
 0.061881  0.121287  0.051980  0.764851 
 0.705446  0.042079  0.230198  0.022277 
 0.111386  0.190594  0.289604  0.408416 
 0.121287  0.339109  0.339109  0.200495 
 0.121287  0.655941  0.150990  0.071782 
 0.358911  0.150990  0.388614  0.101485 
 0.131188  0.190594  0.170792  0.507426 
 0.457921  0.240099  0.081683  0.220297 
 0.279703  0.101485  0.081683  0.537129 

