MEME version 4

ALPHABET= ACGT

strands: + -

Background letter frequencies
A 0.250000 C 0.250000 G 0.250000 T 0.250000

MOTIF UP00618A_1 POU6F2
letter-probability matrix: alength= 4 w= 22 nsites= 100 E= 0
 0.339109  0.150990  0.081683  0.428218 
 0.368812  0.180693  0.141089  0.309406 
 0.279703  0.279703  0.279703  0.160891 
 0.269802  0.150990  0.418317  0.160891 
 0.150990  0.259901  0.180693  0.408416 
 0.091584  0.319307  0.319307  0.269802 
 0.596535  0.180693  0.131188  0.091584 
 0.230198  0.150990  0.537129  0.081683 
 0.200495  0.646040  0.051980  0.101485 
 0.022277  0.012376  0.012376  0.952970 
 0.873762  0.101485  0.012376  0.012376 
 0.972772  0.012376  0.002475  0.012376 
 0.012376  0.002475  0.012376  0.972772 
 0.012376  0.012376  0.022277  0.952970 
 0.943069  0.012376  0.022277  0.022277 
 0.547030  0.061881  0.279703  0.111386 
 0.091584  0.220297  0.329208  0.358911 
 0.240099  0.240099  0.329208  0.190594 
 0.121287  0.467822  0.081683  0.329208 
 0.358911  0.170792  0.091584  0.378713 
 0.368812  0.388614  0.121287  0.121287 
 0.210396  0.081683  0.141089  0.566832 

