MEME version 4

ALPHABET= ACGT

strands: + -

Background letter frequencies
A 0.250000 C 0.250000 G 0.250000 T 0.250000

MOTIF UP00607E_1 NR2E3
letter-probability matrix: alength= 4 w= 22 nsites= 100 E= 0
 0.141089  0.141089  0.279703  0.438119 
 0.279703  0.428218  0.190594  0.101485 
 0.349010  0.170792  0.170792  0.309406 
 0.200495  0.210396  0.269802  0.319307 
 0.200495  0.180693  0.160891  0.457921 
 0.160891  0.358911  0.170792  0.309406 
 0.200495  0.507426  0.111386  0.180693 
 0.824257  0.091584  0.032178  0.051980 
 0.705446  0.022277  0.240099  0.032178 
 0.972772  0.002475  0.012376  0.012376 
 0.042079  0.012376  0.933168  0.012376 
 0.883663  0.002475  0.101485  0.012376 
 0.012376  0.002475  0.012376  0.972772 
 0.012376  0.952970  0.002475  0.032178 
 0.972772  0.002475  0.022277  0.002475 
 0.467822  0.259901  0.032178  0.240099 
 0.210396  0.111386  0.438119  0.240099 
 0.299505  0.240099  0.230198  0.230198 
 0.220297  0.170792  0.269802  0.339109 
 0.101485  0.111386  0.150990  0.636139 
 0.487624  0.141089  0.170792  0.200495 
 0.309406  0.150990  0.250000  0.289604 

