MEME version 4

ALPHABET= ACGT

strands: + -

Background letter frequencies
A 0.250000 C 0.250000 G 0.250000 T 0.250000

MOTIF UP00598A_1 ISX
letter-probability matrix: alength= 4 w= 22 nsites= 100 E= 0
 0.269802  0.556931  0.091584  0.081683 
 0.230198  0.368812  0.190594  0.210396 
 0.081683  0.150990  0.121287  0.646040 
 0.448020  0.111386  0.081683  0.358911 
 0.190594  0.150990  0.408416  0.250000 
 0.408416  0.141089  0.269802  0.180693 
 0.111386  0.388614  0.349010  0.150990 
 0.051980  0.705446  0.051980  0.190594 
 0.012376  0.230198  0.002475  0.754950 
 0.972772  0.012376  0.002475  0.012376 
 0.982673  0.002475  0.002475  0.012376 
 0.012376  0.002475  0.002475  0.982673 
 0.012376  0.002475  0.012376  0.972772 
 0.754950  0.002475  0.230198  0.012376 
 0.180693  0.061881  0.705446  0.051980 
 0.428218  0.160891  0.170792  0.240099 
 0.230198  0.170792  0.368812  0.230198 
 0.180693  0.527228  0.230198  0.061881 
 0.358911  0.319307  0.200495  0.121287 
 0.150990  0.438119  0.269802  0.141089 
 0.190594  0.289604  0.279703  0.240099 
 0.071782  0.170792  0.566832  0.190594 

