MEME version 4

ALPHABET= ACGT

strands: + -

Background letter frequencies
A 0.250000 C 0.250000 G 0.250000 T 0.250000

MOTIF UP00609H_1 PAX3
letter-probability matrix: alength= 4 w= 22 nsites= 100 E= 0
 0.131188  0.141089  0.467822  0.259901 
 0.477723  0.111386  0.240099  0.170792 
 0.289604  0.160891  0.220297  0.329208 
 0.467822  0.259901  0.081683  0.190594 
 0.121287  0.180693  0.358911  0.339109 
 0.200495  0.150990  0.220297  0.428218 
 0.091584  0.042079  0.022277  0.844059 
 0.923267  0.022277  0.032178  0.022277 
 0.943069  0.012376  0.012376  0.032178 
 0.012376  0.061881  0.002475  0.923267 
 0.002475  0.853960  0.032178  0.111386 
 0.111386  0.032178  0.853960  0.002475 
 0.923267  0.002475  0.061881  0.012376 
 0.042079  0.012376  0.002475  0.943069 
 0.022277  0.032178  0.022277  0.923267 
 0.814356  0.042079  0.061881  0.081683 
 0.200495  0.448020  0.190594  0.160891 
 0.180693  0.378713  0.160891  0.279703 
 0.200495  0.111386  0.378713  0.309406 
 0.200495  0.279703  0.319307  0.200495 
 0.467822  0.240099  0.150990  0.141089 
 0.289604  0.071782  0.368812  0.269802 

