MEME version 4

ALPHABET= ACGT

strands: + -

Background letter frequencies
A 0.250000 C 0.250000 G 0.250000 T 0.250000

MOTIF UP00589F_1 FOXC1
letter-probability matrix: alength= 4 w= 22 nsites= 100 E= 0
 0.220297  0.507426  0.121287  0.150990 
 0.200495  0.467822  0.121287  0.210396 
 0.250000  0.368812  0.061881  0.319307 
 0.170792  0.368812  0.339109  0.121287 
 0.230198  0.408416  0.230198  0.131188 
 0.329208  0.131188  0.398515  0.141089 
 0.101485  0.626238  0.141089  0.131188 
 0.250000  0.408416  0.061881  0.279703 
 0.685644  0.101485  0.091584  0.121287 
 0.695545  0.200495  0.042079  0.061881 
 0.339109  0.507426  0.081683  0.071782 
 0.596535  0.051980  0.141089  0.210396 
 0.586634  0.220297  0.032178  0.160891 
 0.646040  0.131188  0.121287  0.101485 
 0.596535  0.081683  0.121287  0.200495 
 0.655941  0.170792  0.061881  0.111386 
 0.319307  0.091584  0.339109  0.250000 
 0.388614  0.141089  0.299505  0.170792 
 0.111386  0.220297  0.626238  0.042079 
 0.537129  0.358911  0.061881  0.042079 
 0.636139  0.141089  0.071782  0.150990 
 0.299505  0.259901  0.170792  0.269802 

