MEME version 4

ALPHABET= ACGT

strands: + -

Background letter frequencies
A 0.250000 C 0.250000 G 0.250000 T 0.250000

MOTIF UP00597C_1 HOXD13
letter-probability matrix: alength= 4 w= 22 nsites= 100 E= 0
 0.289604  0.269802  0.141089  0.299505 
 0.299505  0.358911  0.131188  0.210396 
 0.259901  0.240099  0.250000  0.250000 
 0.160891  0.398515  0.121287  0.319307 
 0.339109  0.170792  0.190594  0.299505 
 0.269802  0.131188  0.428218  0.170792 
 0.220297  0.309406  0.279703  0.190594 
 0.111386  0.705446  0.180693  0.002475 
 0.002475  0.042079  0.022277  0.933168 
 0.022277  0.735149  0.002475  0.240099 
 0.012376  0.002475  0.962871  0.022277 
 0.002475  0.022277  0.002475  0.972772 
 0.725248  0.002475  0.022277  0.250000 
 0.933168  0.002475  0.002475  0.061881 
 0.933168  0.032178  0.002475  0.032178 
 0.646040  0.180693  0.032178  0.141089 
 0.220297  0.180693  0.101485  0.497525 
 0.289604  0.378713  0.141089  0.190594 
 0.349010  0.101485  0.190594  0.358911 
 0.200495  0.200495  0.180693  0.418317 
 0.448020  0.190594  0.111386  0.250000 
 0.626238  0.091584  0.111386  0.170792 

