MEME version 4

ALPHABET= ACGT

strands: + -

Background letter frequencies
A 0.250000 C 0.250000 G 0.250000 T 0.250000

MOTIF UP00610B_1 PAX4
letter-probability matrix: alength= 4 w= 23 nsites= 100 E= 0
 0.220297  0.170792  0.240099  0.368812 
 0.378713  0.081683  0.111386  0.428218 
 0.250000  0.250000  0.131188  0.368812 
 0.477723  0.111386  0.131188  0.279703 
 0.071782  0.141089  0.339109  0.448020 
 0.210396  0.566832  0.121287  0.101485 
 0.170792  0.250000  0.289604  0.289604 
 0.150990  0.081683  0.517327  0.250000 
 0.160891  0.180693  0.200495  0.457921 
 0.121287  0.230198  0.081683  0.566832 
 0.081683  0.071782  0.061881  0.784653 
 0.784653  0.042079  0.061881  0.111386 
 0.873762  0.051980  0.012376  0.061881 
 0.101485  0.051980  0.022277  0.824257 
 0.032178  0.042079  0.111386  0.814356 
 0.804455  0.071782  0.081683  0.042079 
 0.408416  0.210396  0.240099  0.141089 
 0.071782  0.388614  0.309406  0.230198 
 0.368812  0.319307  0.071782  0.240099 
 0.467822  0.210396  0.111386  0.210396 
 0.220297  0.329208  0.388614  0.061881 
 0.101485  0.121287  0.566832  0.210396 
 0.111386  0.071782  0.269802  0.547030 

