MEME version 4

ALPHABET= ACGT

strands: + -

Background letter frequencies
A 0.250000 C 0.250000 G 0.250000 T 0.250000

MOTIF UP00592A_2 GFI1B
letter-probability matrix: alength= 4 w= 23 nsites= 100 E= 0
 0.032178  0.061881  0.527228  0.378713 
 0.388614  0.170792  0.141089  0.299505 
 0.448020  0.101485  0.180693  0.269802 
 0.190594  0.111386  0.210396  0.487624 
 0.388614  0.190594  0.250000  0.170792 
 0.111386  0.180693  0.220297  0.487624 
 0.220297  0.438119  0.210396  0.131188 
 0.556931  0.230198  0.091584  0.121287 
 0.853960  0.002475  0.081683  0.061881 
 0.903465  0.032178  0.042079  0.022277 
 0.042079  0.032178  0.032178  0.893564 
 0.032178  0.893564  0.061881  0.012376 
 0.705446  0.061881  0.012376  0.220297 
 0.071782  0.626238  0.259901  0.042079 
 0.259901  0.071782  0.220297  0.448020 
 0.081683  0.101485  0.665842  0.150990 
 0.299505  0.289604  0.230198  0.180693 
 0.527228  0.210396  0.111386  0.150990 
 0.210396  0.160891  0.141089  0.487624 
 0.339109  0.190594  0.230198  0.240099 
 0.358911  0.111386  0.121287  0.408416 
 0.358911  0.141089  0.210396  0.289604 
 0.319307  0.111386  0.210396  0.358911 

