MEME version 4

ALPHABET= ACGT

strands: + -

Background letter frequencies
A 0.250000 C 0.250000 G 0.250000 T 0.250000

MOTIF UP00611D_1 PAX6
letter-probability matrix: alength= 4 w= 23 nsites= 100 E= 0
 0.289604  0.012376  0.051980  0.646040 
 0.259901  0.259901  0.150990  0.329208 
 0.428218  0.220297  0.071782  0.279703 
 0.220297  0.250000  0.111386  0.418317 
 0.339109  0.091584  0.319307  0.250000 
 0.220297  0.111386  0.309406  0.358911 
 0.160891  0.081683  0.537129  0.220297 
 0.200495  0.180693  0.309406  0.309406 
 0.081683  0.081683  0.022277  0.814356 
 0.824257  0.051980  0.061881  0.061881 
 0.873762  0.042079  0.012376  0.071782 
 0.061881  0.022277  0.042079  0.873762 
 0.061881  0.071782  0.042079  0.824257 
 0.814356  0.022277  0.081683  0.081683 
 0.220297  0.091584  0.408416  0.279703 
 0.230198  0.537129  0.071782  0.160891 
 0.507426  0.200495  0.081683  0.210396 
 0.289604  0.230198  0.190594  0.289604 
 0.596535  0.091584  0.150990  0.160891 
 0.398515  0.071782  0.230198  0.299505 
 0.388614  0.091584  0.081683  0.438119 
 0.586634  0.150990  0.111386  0.150990 
 0.418317  0.141089  0.071782  0.368812 

