MEME version 4

ALPHABET= ACGT

strands: + -

Background letter frequencies
A 0.250000 C 0.250000 G 0.250000 T 0.250000

MOTIF UP00481A_1 MAML1-CSL-GST-NOTCH2
letter-probability matrix: alength= 4 w= 23 nsites= 100 E= 0
 0.111386  0.190594  0.190594  0.507426 
 0.250000  0.319307  0.210396  0.220297 
 0.160891  0.091584  0.309406  0.438119 
 0.457921  0.091584  0.299505  0.150990 
 0.329208  0.329208  0.150990  0.190594 
 0.448020  0.150990  0.200495  0.200495 
 0.230198  0.358911  0.101485  0.309406 
 0.170792  0.507426  0.111386  0.210396 
 0.279703  0.299505  0.368812  0.051980 
 0.032178  0.042079  0.012376  0.913366 
 0.012376  0.002475  0.982673  0.002475 
 0.180693  0.012376  0.735149  0.071782 
 0.012376  0.002475  0.972772  0.012376 
 0.962871  0.002475  0.022277  0.012376 
 0.804455  0.042079  0.121287  0.032178 
 0.250000  0.497525  0.061881  0.190594 
 0.200495  0.408416  0.160891  0.230198 
 0.299505  0.339109  0.220297  0.141089 
 0.190594  0.309406  0.250000  0.250000 
 0.299505  0.101485  0.250000  0.349010 
 0.418317  0.121287  0.200495  0.259901 
 0.240099  0.101485  0.299505  0.358911 
 0.190594  0.121287  0.576733  0.111386 

