MEME version 4

ALPHABET= ACGT

strands: + -

Background letter frequencies
A 0.250000 C 0.250000 G 0.250000 T 0.250000

MOTIF UP00605A_1 NKX2-8
letter-probability matrix: alength= 4 w= 22 nsites= 100 E= 0
 0.210396  0.240099  0.200495  0.349010 
 0.329208  0.111386  0.160891  0.398515 
 0.289604  0.220297  0.200495  0.289604 
 0.319307  0.210396  0.279703  0.190594 
 0.339109  0.200495  0.339109  0.121287 
 0.487624  0.160891  0.279703  0.071782 
 0.250000  0.071782  0.329208  0.349010 
 0.081683  0.695545  0.220297  0.002475 
 0.002475  0.913366  0.002475  0.081683 
 0.933168  0.022277  0.002475  0.042079 
 0.022277  0.972772  0.002475  0.002475 
 0.012376  0.002475  0.002475  0.982673 
 0.002475  0.368812  0.002475  0.626238 
 0.061881  0.160891  0.725248  0.051980 
 0.863861  0.002475  0.012376  0.121287 
 0.319307  0.299505  0.358911  0.022277 
 0.368812  0.091584  0.091584  0.448020 
 0.160891  0.210396  0.091584  0.537129 
 0.061881  0.299505  0.111386  0.527228 
 0.190594  0.259901  0.368812  0.180693 
 0.180693  0.200495  0.299505  0.319307 
 0.150990  0.477723  0.289604  0.081683 

