MEME version 4

ALPHABET= ACGT

strands: + -

Background letter frequencies
A 0.250000 C 0.250000 G 0.250000 T 0.250000

MOTIF UP00618C_1 POU6F2
letter-probability matrix: alength= 4 w= 23 nsites= 100 E= 0
 0.210396  0.180693  0.111386  0.497525 
 0.388614  0.111386  0.091584  0.408416 
 0.309406  0.200495  0.150990  0.339109 
 0.349010  0.279703  0.200495  0.170792 
 0.279703  0.180693  0.378713  0.160891 
 0.141089  0.279703  0.190594  0.388614 
 0.091584  0.269802  0.349010  0.289604 
 0.547030  0.210396  0.150990  0.091584 
 0.230198  0.150990  0.497525  0.121287 
 0.081683  0.636139  0.051980  0.230198 
 0.022277  0.032178  0.012376  0.933168 
 0.804455  0.170792  0.012376  0.012376 
 0.952970  0.032178  0.002475  0.012376 
 0.012376  0.002475  0.002475  0.982673 
 0.022277  0.012376  0.022277  0.943069 
 0.952970  0.012376  0.012376  0.022277 
 0.517327  0.051980  0.309406  0.121287 
 0.081683  0.259901  0.259901  0.398515 
 0.299505  0.230198  0.329208  0.141089 
 0.091584  0.487624  0.081683  0.339109 
 0.339109  0.240099  0.091584  0.329208 
 0.319307  0.408416  0.141089  0.131188 
 0.141089  0.071782  0.170792  0.616337 

