MEME version 4

ALPHABET= ACGT

strands: + -

Background letter frequencies
A 0.250000 C 0.250000 G 0.250000 T 0.250000

MOTIF UP00626B_1 VSX2
letter-probability matrix: alength= 4 w= 23 nsites= 100 E= 0
 0.150990  0.329208  0.101485  0.418317 
 0.141089  0.101485  0.556931  0.200495 
 0.358911  0.141089  0.230198  0.269802 
 0.438119  0.091584  0.131188  0.339109 
 0.408416  0.071782  0.061881  0.457921 
 0.279703  0.289604  0.150990  0.279703 
 0.368812  0.131188  0.190594  0.309406 
 0.061881  0.170792  0.101485  0.665842 
 0.170792  0.141089  0.131188  0.556931 
 0.131188  0.071782  0.081683  0.715347 
 0.547030  0.051980  0.071782  0.329208 
 0.735149  0.051980  0.081683  0.131188 
 0.121287  0.081683  0.061881  0.735149 
 0.705446  0.111386  0.121287  0.061881 
 0.081683  0.141089  0.081683  0.695545 
 0.576733  0.170792  0.081683  0.170792 
 0.081683  0.230198  0.448020  0.240099 
 0.408416  0.081683  0.170792  0.339109 
 0.438119  0.121287  0.220297  0.220297 
 0.349010  0.200495  0.240099  0.210396 
 0.250000  0.220297  0.180693  0.349010 
 0.398515  0.170792  0.200495  0.230198 
 0.339109  0.210396  0.101485  0.349010 

