MEME version 4

ALPHABET= ACGT

strands: + -

Background letter frequencies
A 0.250000 C 0.250000 G 0.250000 T 0.250000

MOTIF UP00623A_2 VAX2
letter-probability matrix: alength= 4 w= 23 nsites= 100 E= 0
 0.269802  0.061881  0.061881  0.606436 
 0.180693  0.250000  0.101485  0.467822 
 0.487624  0.160891  0.210396  0.141089 
 0.101485  0.190594  0.319307  0.388614 
 0.250000  0.349010  0.220297  0.180693 
 0.160891  0.131188  0.497525  0.210396 
 0.071782  0.200495  0.636139  0.091584 
 0.061881  0.408416  0.388614  0.141089 
 0.022277  0.279703  0.002475  0.695545 
 0.834158  0.131188  0.012376  0.022277 
 0.923267  0.042079  0.002475  0.032178 
 0.032178  0.002475  0.042079  0.923267 
 0.022277  0.012376  0.131188  0.834158 
 0.695545  0.002475  0.279703  0.022277 
 0.081683  0.269802  0.507426  0.141089 
 0.091584  0.636139  0.200495  0.071782 
 0.160891  0.527228  0.051980  0.259901 
 0.299505  0.368812  0.170792  0.160891 
 0.774752  0.061881  0.051980  0.111386 
 0.289604  0.081683  0.269802  0.358911 
 0.487624  0.121287  0.131188  0.259901 
 0.556931  0.111386  0.170792  0.160891 
 0.329208  0.101485  0.378713  0.190594 

