MEME version 4

ALPHABET= ACGT

strands: + -

Background letter frequencies
A 0.250000 C 0.250000 G 0.250000 T 0.250000

MOTIF UP00616E_1 POU3F4
letter-probability matrix: alength= 4 w= 22 nsites= 100 E= 0
 0.101485  0.091584  0.556931  0.250000 
 0.170792  0.220297  0.388614  0.220297 
 0.309406  0.309406  0.190594  0.190594 
 0.131188  0.606436  0.131188  0.131188 
 0.131188  0.230198  0.438119  0.200495 
 0.190594  0.309406  0.230198  0.269802 
 0.200495  0.289604  0.240099  0.269802 
 0.051980  0.378713  0.081683  0.487624 
 0.042079  0.101485  0.032178  0.824257 
 0.883663  0.032178  0.051980  0.032178 
 0.903465  0.012376  0.022277  0.061881 
 0.061881  0.022277  0.012376  0.903465 
 0.032178  0.051980  0.032178  0.883663 
 0.824257  0.032178  0.101485  0.042079 
 0.487624  0.081683  0.378713  0.051980 
 0.250000  0.190594  0.180693  0.378713 
 0.180693  0.477723  0.160891  0.180693 
 0.368812  0.240099  0.230198  0.160891 
 0.220297  0.170792  0.269802  0.339109 
 0.131188  0.517327  0.190594  0.160891 
 0.309406  0.141089  0.388614  0.160891 
 0.220297  0.230198  0.309406  0.240099 

