MEME version 4

ALPHABET= ACGT

strands: + -

Background letter frequencies
A 0.250000 C 0.250000 G 0.250000 T 0.250000

MOTIF UP00584C_1 ARX
letter-probability matrix: alength= 4 w= 22 nsites= 100 E= 0
 0.537129  0.200495  0.150990  0.111386 
 0.636139  0.150990  0.121287  0.091584 
 0.190594  0.131188  0.279703  0.398515 
 0.418317  0.091584  0.220297  0.269802 
 0.220297  0.141089  0.388614  0.250000 
 0.170792  0.368812  0.220297  0.240099 
 0.240099  0.180693  0.507426  0.071782 
 0.012376  0.774752  0.022277  0.190594 
 0.002475  0.141089  0.002475  0.853960 
 0.952970  0.042079  0.002475  0.002475 
 0.962871  0.012376  0.022277  0.002475 
 0.002475  0.022277  0.012376  0.962871 
 0.002475  0.002475  0.042079  0.952970 
 0.853960  0.002475  0.141089  0.002475 
 0.190594  0.022277  0.774752  0.012376 
 0.071782  0.477723  0.180693  0.269802 
 0.111386  0.259901  0.309406  0.319307 
 0.150990  0.457921  0.329208  0.061881 
 0.309406  0.240099  0.319307  0.131188 
 0.230198  0.349010  0.160891  0.259901 
 0.101485  0.220297  0.487624  0.190594 
 0.220297  0.269802  0.200495  0.309406 

