MEME version 4

ALPHABET= ACGT

strands: + -

Background letter frequencies
A 0.250000 C 0.250000 G 0.250000 T 0.250000

MOTIF UP00594A_1 HESX1
letter-probability matrix: alength= 4 w= 22 nsites= 100 E= 0
 0.091584  0.121287  0.586634  0.200495 
 0.160891  0.200495  0.378713  0.259901 
 0.180693  0.339109  0.250000  0.230198 
 0.160891  0.507426  0.200495  0.131188 
 0.101485  0.279703  0.507426  0.111386 
 0.190594  0.457921  0.150990  0.200495 
 0.289604  0.180693  0.368812  0.160891 
 0.022277  0.349010  0.022277  0.606436 
 0.002475  0.190594  0.002475  0.804455 
 0.982673  0.002475  0.012376  0.002475 
 0.982673  0.002475  0.002475  0.012376 
 0.012376  0.002475  0.002475  0.982673 
 0.002475  0.012376  0.002475  0.982673 
 0.804455  0.002475  0.190594  0.002475 
 0.606436  0.022277  0.349010  0.022277 
 0.111386  0.250000  0.220297  0.418317 
 0.259901  0.339109  0.190594  0.210396 
 0.329208  0.289604  0.230198  0.150990 
 0.240099  0.200495  0.329208  0.230198 
 0.131188  0.517327  0.210396  0.141089 
 0.240099  0.220297  0.368812  0.170792 
 0.180693  0.200495  0.378713  0.240099 

