MEME version 4

ALPHABET= ACGT

strands: + -

Background letter frequencies
A 0.250000 C 0.250000 G 0.250000 T 0.250000

MOTIF UP00599B_1 KLF1
letter-probability matrix: alength= 4 w= 22 nsites= 100 E= 0
 0.428218  0.081683  0.289604  0.200495 
 0.042079  0.101485  0.220297  0.636139 
 0.150990  0.448020  0.309406  0.091584 
 0.388614  0.378713  0.091584  0.141089 
 0.200495  0.487624  0.230198  0.081683 
 0.230198  0.299505  0.309406  0.160891 
 0.388614  0.289604  0.091584  0.230198 
 0.299505  0.477723  0.071782  0.150990 
 0.220297  0.675743  0.061881  0.042079 
 0.131188  0.814356  0.032178  0.022277 
 0.071782  0.903465  0.012376  0.012376 
 0.032178  0.943069  0.012376  0.012376 
 0.032178  0.913366  0.022277  0.032178 
 0.051980  0.804455  0.081683  0.061881 
 0.131188  0.596535  0.200495  0.071782 
 0.131188  0.596535  0.200495  0.071782 
 0.517327  0.240099  0.131188  0.111386 
 0.091584  0.537129  0.180693  0.190594 
 0.101485  0.190594  0.596535  0.111386 
 0.220297  0.349010  0.160891  0.269802 
 0.081683  0.309406  0.438119  0.170792 
 0.190594  0.230198  0.467822  0.111386 

