MEME version 4

ALPHABET= ACGT

strands: + -

Background letter frequencies
A 0.250000 C 0.250000 G 0.250000 T 0.250000

MOTIF UP00627B_1 WT1
letter-probability matrix: alength= 4 w= 23 nsites= 100 E= 0
 0.071782  0.061881  0.061881  0.804455 
 0.319307  0.061881  0.180693  0.438119 
 0.200495  0.071782  0.131188  0.596535 
 0.071782  0.051980  0.121287  0.754950 
 0.250000  0.141089  0.141089  0.467822 
 0.457921  0.240099  0.190594  0.111386 
 0.467822  0.141089  0.051980  0.339109 
 0.824257  0.032178  0.111386  0.032178 
 0.071782  0.032178  0.071782  0.824257 
 0.754950  0.042079  0.022277  0.180693 
 0.250000  0.398515  0.190594  0.160891 
 0.745050  0.012376  0.210396  0.032178 
 0.408416  0.111386  0.170792  0.309406 
 0.804455  0.022277  0.131188  0.042079 
 0.042079  0.071782  0.022277  0.863861 
 0.844059  0.061881  0.022277  0.071782 
 0.725248  0.061881  0.101485  0.111386 
 0.487624  0.101485  0.051980  0.358911 
 0.259901  0.210396  0.170792  0.358911 
 0.210396  0.042079  0.071782  0.675743 
 0.339109  0.240099  0.121287  0.299505 
 0.190594  0.012376  0.408416  0.388614 
 0.032178  0.061881  0.873762  0.032178 

