MEME version 4

ALPHABET= ACGT

strands: + -

Background letter frequencies
A 0.250000 C 0.250000 G 0.250000 T 0.250000

MOTIF UP00625C_1 VSX1
letter-probability matrix: alength= 4 w= 23 nsites= 100 E= 0
 0.457921  0.042079  0.071782  0.428218 
 0.190594  0.180693  0.091584  0.537129 
 0.477723  0.259901  0.131188  0.131188 
 0.141089  0.081683  0.279703  0.497525 
 0.299505  0.269802  0.180693  0.250000 
 0.101485  0.131188  0.527228  0.240099 
 0.101485  0.150990  0.675743  0.071782 
 0.051980  0.556931  0.180693  0.210396 
 0.012376  0.210396  0.002475  0.774752 
 0.952970  0.022277  0.012376  0.012376 
 0.972772  0.012376  0.012376  0.002475 
 0.002475  0.012376  0.012376  0.972772 
 0.012376  0.012376  0.022277  0.952970 
 0.774752  0.002475  0.210396  0.012376 
 0.259901  0.150990  0.467822  0.121287 
 0.071782  0.675743  0.150990  0.101485 
 0.259901  0.497525  0.091584  0.150990 
 0.309406  0.279703  0.170792  0.240099 
 0.764851  0.051980  0.081683  0.101485 
 0.319307  0.131188  0.210396  0.339109 
 0.438119  0.111386  0.081683  0.368812 
 0.477723  0.220297  0.121287  0.180693 
 0.457921  0.170792  0.121287  0.250000 

