MEME version 4

ALPHABET= ACGT

strands: + -

Background letter frequencies
A 0.250000 C 0.250000 G 0.250000 T 0.250000

MOTIF UP00620A_2 SIX6
letter-probability matrix: alength= 4 w= 22 nsites= 100 E= 0
 0.210396  0.230198  0.319307  0.240099 
 0.319307  0.121287  0.101485  0.457921 
 0.299505  0.230198  0.279703  0.190594 
 0.269802  0.180693  0.358911  0.190594 
 0.537129  0.170792  0.061881  0.230198 
 0.220297  0.081683  0.299505  0.398515 
 0.329208  0.170792  0.418317  0.081683 
 0.448020  0.131188  0.398515  0.022277 
 0.160891  0.111386  0.606436  0.121287 
 0.289604  0.012376  0.695545  0.002475 
 0.002475  0.002475  0.111386  0.883663 
 0.943069  0.002475  0.051980  0.002475 
 0.002475  0.002475  0.002475  0.992574 
 0.012376  0.943069  0.002475  0.042079 
 0.903465  0.012376  0.071782  0.012376 
 0.358911  0.349010  0.071782  0.220297 
 0.299505  0.230198  0.180693  0.289604 
 0.160891  0.230198  0.131188  0.477723 
 0.299505  0.210396  0.368812  0.121287 
 0.160891  0.071782  0.220297  0.547030 
 0.250000  0.131188  0.319307  0.299505 
 0.349010  0.240099  0.150990  0.259901 

