MEME version 4

ALPHABET= ACGT

strands: + -

Background letter frequencies
A 0.250000 C 0.250000 G 0.250000 T 0.250000

MOTIF UP00484A_3 GST-CSL
letter-probability matrix: alength= 4 w= 22 nsites= 100 E= 0
 0.131188  0.250000  0.131188  0.487624 
 0.210396  0.250000  0.329208  0.210396 
 0.358911  0.141089  0.150990  0.349010 
 0.259901  0.131188  0.368812  0.240099 
 0.220297  0.358911  0.240099  0.180693 
 0.368812  0.279703  0.160891  0.190594 
 0.042079  0.210396  0.606436  0.141089 
 0.051980  0.695545  0.071782  0.180693 
 0.131188  0.071782  0.784653  0.012376 
 0.002475  0.012376  0.002475  0.982673 
 0.002475  0.002475  0.992574  0.002475 
 0.042079  0.002475  0.883663  0.071782 
 0.012376  0.002475  0.982673  0.002475 
 0.972772  0.002475  0.012376  0.012376 
 0.735149  0.061881  0.200495  0.002475 
 0.141089  0.586634  0.071782  0.200495 
 0.170792  0.438119  0.210396  0.180693 
 0.368812  0.160891  0.160891  0.309406 
 0.160891  0.477723  0.289604  0.071782 
 0.091584  0.230198  0.210396  0.467822 
 0.111386  0.289604  0.368812  0.230198 
 0.160891  0.250000  0.329208  0.259901 

