MEME version 4

ALPHABET= ACGT

strands: + -

Background letter frequencies
A 0.250000 C 0.250000 G 0.250000 T 0.250000

MOTIF UP00629C_1 ZNF200
letter-probability matrix: alength= 4 w= 23 nsites= 100 E= 0
 0.240099  0.259901  0.368812  0.131188 
 0.141089  0.299505  0.388614  0.170792 
 0.299505  0.230198  0.180693  0.289604 
 0.190594  0.160891  0.329208  0.319307 
 0.230198  0.170792  0.230198  0.368812 
 0.349010  0.279703  0.141089  0.230198 
 0.586634  0.051980  0.210396  0.150990 
 0.428218  0.121287  0.329208  0.121287 
 0.289604  0.081683  0.418317  0.210396 
 0.032178  0.012376  0.943069  0.012376 
 0.061881  0.002475  0.933168  0.002475 
 0.962871  0.002475  0.022277  0.012376 
 0.012376  0.002475  0.675743  0.309406 
 0.962871  0.012376  0.002475  0.022277 
 0.012376  0.863861  0.022277  0.101485 
 0.378713  0.457921  0.012376  0.150990 
 0.279703  0.329208  0.081683  0.309406 
 0.299505  0.190594  0.250000  0.259901 
 0.200495  0.240099  0.398515  0.160891 
 0.250000  0.180693  0.259901  0.309406 
 0.230198  0.279703  0.349010  0.141089 
 0.349010  0.220297  0.269802  0.160891 
 0.507426  0.150990  0.101485  0.240099 

