MEME version 4

ALPHABET= ACGT

strands: + -

Background letter frequencies
A 0.250000 C 0.250000 G 0.250000 T 0.250000

MOTIF UP00589B_1 FOXC1
letter-probability matrix: alength= 4 w= 22 nsites= 100 E= 0
 0.448020  0.131188  0.339109  0.081683 
 0.438119  0.220297  0.131188  0.210396 
 0.299505  0.210396  0.200495  0.289604 
 0.121287  0.309406  0.358911  0.210396 
 0.150990  0.428218  0.190594  0.230198 
 0.289604  0.121287  0.121287  0.467822 
 0.240099  0.022277  0.022277  0.715347 
 0.764851  0.042079  0.121287  0.071782 
 0.428218  0.061881  0.121287  0.388614 
 0.378713  0.042079  0.507426  0.071782 
 0.131188  0.051980  0.022277  0.794554 
 0.824257  0.071782  0.022277  0.081683 
 0.754950  0.071782  0.022277  0.150990 
 0.923267  0.051980  0.012376  0.012376 
 0.022277  0.725248  0.022277  0.230198 
 0.893564  0.022277  0.061881  0.022277 
 0.467822  0.210396  0.111386  0.210396 
 0.081683  0.042079  0.121287  0.754950 
 0.378713  0.180693  0.220297  0.220297 
 0.527228  0.091584  0.121287  0.259901 
 0.180693  0.111386  0.299505  0.408416 
 0.527228  0.051980  0.220297  0.200495 

