MEME version 4

ALPHABET= ACGT

strands: + -

Background letter frequencies
A 0.250000 C 0.250000 G 0.250000 T 0.250000

MOTIF UP00598B_1 ISX
letter-probability matrix: alength= 4 w= 22 nsites= 100 E= 0
 0.071782  0.269802  0.220297  0.438119 
 0.160891  0.240099  0.339109  0.259901 
 0.111386  0.279703  0.210396  0.398515 
 0.349010  0.230198  0.309406  0.111386 
 0.160891  0.368812  0.299505  0.170792 
 0.240099  0.507426  0.170792  0.081683 
 0.279703  0.329208  0.240099  0.150990 
 0.012376  0.675743  0.022277  0.289604 
 0.012376  0.170792  0.002475  0.814356 
 0.982673  0.012376  0.002475  0.002475 
 0.982673  0.002475  0.002475  0.012376 
 0.002475  0.002475  0.002475  0.992574 
 0.002475  0.012376  0.002475  0.982673 
 0.923267  0.002475  0.061881  0.012376 
 0.804455  0.012376  0.170792  0.012376 
 0.180693  0.170792  0.378713  0.269802 
 0.368812  0.299505  0.160891  0.170792 
 0.368812  0.160891  0.170792  0.299505 
 0.200495  0.259901  0.309406  0.230198 
 0.220297  0.507426  0.121287  0.150990 
 0.160891  0.160891  0.408416  0.269802 
 0.220297  0.160891  0.378713  0.240099 

