MEME version 4

ALPHABET= ACGT

strands: + -

Background letter frequencies
A 0.250000 C 0.250000 G 0.250000 T 0.250000

MOTIF UP00613B_2 PBX4
letter-probability matrix: alength= 4 w= 22 nsites= 100 E= 0
 0.131188  0.408416  0.190594  0.269802 
 0.091584  0.240099  0.358911  0.309406 
 0.428218  0.180693  0.111386  0.279703 
 0.309406  0.448020  0.141089  0.101485 
 0.497525  0.101485  0.329208  0.071782 
 0.309406  0.230198  0.101485  0.358911 
 0.091584  0.616337  0.150990  0.141089 
 0.042079  0.200495  0.230198  0.527228 
 0.101485  0.091584  0.101485  0.705446 
 0.695545  0.071782  0.160891  0.071782 
 0.804455  0.042079  0.081683  0.071782 
 0.071782  0.081683  0.042079  0.804455 
 0.071782  0.160891  0.071782  0.695545 
 0.705446  0.101485  0.091584  0.101485 
 0.527228  0.220297  0.210396  0.042079 
 0.279703  0.131188  0.368812  0.220297 
 0.655941  0.101485  0.131188  0.111386 
 0.220297  0.101485  0.220297  0.457921 
 0.180693  0.279703  0.220297  0.319307 
 0.081683  0.289604  0.408416  0.220297 
 0.279703  0.160891  0.329208  0.230198 
 0.289604  0.131188  0.507426  0.071782 

