MEME version 4

ALPHABET= ACGT

strands: + -

Background letter frequencies
A 0.250000 C 0.250000 G 0.250000 T 0.250000

MOTIF UP00612B_1 PAX7
letter-probability matrix: alength= 4 w= 22 nsites= 100 E= 0
 0.180693  0.210396  0.477723  0.131188 
 0.438119  0.250000  0.170792  0.141089 
 0.438119  0.131188  0.220297  0.210396 
 0.448020  0.160891  0.141089  0.250000 
 0.289604  0.160891  0.230198  0.319307 
 0.240099  0.220297  0.180693  0.358911 
 0.507426  0.131188  0.200495  0.160891 
 0.962871  0.012376  0.012376  0.012376 
 0.002475  0.784653  0.210396  0.002475 
 0.002475  0.982673  0.002475  0.012376 
 0.061881  0.002475  0.933168  0.002475 
 0.002475  0.002475  0.002475  0.992574 
 0.022277  0.002475  0.972772  0.002475 
 0.962871  0.002475  0.002475  0.032178 
 0.032178  0.962871  0.002475  0.002475 
 0.121287  0.329208  0.457921  0.091584 
 0.418317  0.111386  0.388614  0.081683 
 0.457921  0.210396  0.190594  0.141089 
 0.358911  0.141089  0.160891  0.339109 
 0.457921  0.160891  0.131188  0.250000 
 0.537129  0.190594  0.200495  0.071782 
 0.250000  0.279703  0.339109  0.131188 

