MEME version 4

ALPHABET= ACGT

strands: + -

Background letter frequencies
A 0.250000 C 0.250000 G 0.250000 T 0.250000

MOTIF UP00608A_1 OVOL2
letter-probability matrix: alength= 4 w= 23 nsites= 100 E= 0
 0.457921  0.071782  0.220297  0.250000 
 0.210396  0.131188  0.101485  0.556931 
 0.477723  0.101485  0.210396  0.210396 
 0.299505  0.131188  0.121287  0.448020 
 0.200495  0.210396  0.339109  0.250000 
 0.220297  0.111386  0.190594  0.477723 
 0.259901  0.141089  0.349010  0.250000 
 0.279703  0.061881  0.586634  0.071782 
 0.329208  0.081683  0.289604  0.299505 
 0.903465  0.042079  0.012376  0.042079 
 0.022277  0.972772  0.002475  0.002475 
 0.012376  0.972772  0.002475  0.012376 
 0.012376  0.002475  0.982673  0.002475 
 0.002475  0.081683  0.002475  0.913366 
 0.022277  0.002475  0.002475  0.972772 
 0.982673  0.002475  0.012376  0.002475 
 0.111386  0.259901  0.150990  0.477723 
 0.408416  0.269802  0.131188  0.190594 
 0.210396  0.428218  0.061881  0.299505 
 0.210396  0.061881  0.616337  0.111386 
 0.190594  0.141089  0.339109  0.329208 
 0.141089  0.141089  0.269802  0.448020 
 0.081683  0.230198  0.250000  0.438119 

