MEME version 4

ALPHABET= ACGT

strands: + -

Background letter frequencies
A 0.250000 C 0.250000 G 0.250000 T 0.250000

MOTIF UP00595B_2 HOXB7
letter-probability matrix: alength= 4 w= 22 nsites= 100 E= 0
 0.160891  0.131188  0.150990  0.556931 
 0.160891  0.121287  0.131188  0.586634 
 0.408416  0.299505  0.170792  0.121287 
 0.091584  0.517327  0.071782  0.319307 
 0.210396  0.339109  0.111386  0.339109 
 0.418317  0.200495  0.200495  0.180693 
 0.279703  0.170792  0.368812  0.180693 
 0.180693  0.061881  0.596535  0.160891 
 0.051980  0.042079  0.042079  0.863861 
 0.893564  0.022277  0.022277  0.061881 
 0.883663  0.042079  0.061881  0.012376 
 0.022277  0.051980  0.042079  0.883663 
 0.071782  0.022277  0.022277  0.883663 
 0.863861  0.032178  0.042079  0.061881 
 0.160891  0.596535  0.061881  0.180693 
 0.170792  0.309406  0.150990  0.368812 
 0.259901  0.111386  0.329208  0.299505 
 0.408416  0.101485  0.121287  0.368812 
 0.200495  0.091584  0.180693  0.527228 
 0.339109  0.101485  0.131188  0.428218 
 0.339109  0.141089  0.071782  0.448020 
 0.715347  0.071782  0.051980  0.160891 

