MEME version 4

ALPHABET= ACGT

strands: + -

Background letter frequencies
A 0.250000 C 0.250000 G 0.250000 T 0.250000

MOTIF UP00620C_2 SIX6
letter-probability matrix: alength= 4 w= 22 nsites= 100 E= 0
 0.457921  0.210396  0.042079  0.289604 
 0.398515  0.081683  0.319307  0.200495 
 0.398515  0.349010  0.111386  0.141089 
 0.160891  0.210396  0.368812  0.259901 
 0.230198  0.240099  0.230198  0.299505 
 0.398515  0.071782  0.051980  0.477723 
 0.279703  0.111386  0.457921  0.150990 
 0.259901  0.042079  0.240099  0.457921 
 0.032178  0.111386  0.844059  0.012376 
 0.715347  0.032178  0.250000  0.002475 
 0.002475  0.002475  0.061881  0.933168 
 0.933168  0.061881  0.002475  0.002475 
 0.002475  0.250000  0.032178  0.715347 
 0.012376  0.844059  0.111386  0.032178 
 0.457921  0.240099  0.042079  0.259901 
 0.309406  0.349010  0.111386  0.230198 
 0.279703  0.160891  0.289604  0.269802 
 0.150990  0.279703  0.190594  0.378713 
 0.418317  0.200495  0.259901  0.121287 
 0.457921  0.210396  0.131188  0.200495 
 0.200495  0.289604  0.170792  0.339109 
 0.121287  0.131188  0.418317  0.329208 

