MEME version 4

ALPHABET= ACGT

strands: + -

Background letter frequencies
A 0.250000 C 0.250000 G 0.250000 T 0.250000

MOTIF UP00621A_1 SNAI2
letter-probability matrix: alength= 4 w= 22 nsites= 100 E= 0
 0.250000  0.220297  0.170792  0.358911 
 0.339109  0.259901  0.160891  0.240099 
 0.220297  0.150990  0.289604  0.339109 
 0.408416  0.230198  0.180693  0.180693 
 0.289604  0.101485  0.388614  0.220297 
 0.596535  0.210396  0.091584  0.101485 
 0.220297  0.141089  0.220297  0.418317 
 0.329208  0.121287  0.537129  0.012376 
 0.012376  0.972772  0.002475  0.012376 
 0.992574  0.002475  0.002475  0.002475 
 0.002475  0.992574  0.002475  0.002475 
 0.002475  0.982673  0.002475  0.012376 
 0.002475  0.002475  0.002475  0.992574 
 0.002475  0.002475  0.982673  0.012376 
 0.032178  0.576733  0.002475  0.388614 
 0.051980  0.071782  0.032178  0.844059 
 0.517327  0.141089  0.170792  0.170792 
 0.210396  0.150990  0.319307  0.319307 
 0.477723  0.150990  0.101485  0.269802 
 0.269802  0.368812  0.111386  0.250000 
 0.368812  0.259901  0.150990  0.220297 
 0.210396  0.180693  0.289604  0.319307 

