MEME version 4

ALPHABET= ACGT

strands: + -

Background letter frequencies
A 0.250000 C 0.250000 G 0.250000 T 0.250000

MOTIF UP00625A_1 VSX1
letter-probability matrix: alength= 4 w= 22 nsites= 100 E= 0
 0.319307  0.200495  0.210396  0.269802 
 0.774752  0.071782  0.061881  0.091584 
 0.220297  0.091584  0.507426  0.180693 
 0.467822  0.101485  0.289604  0.141089 
 0.160891  0.190594  0.269802  0.378713 
 0.131188  0.220297  0.289604  0.358911 
 0.170792  0.111386  0.665842  0.051980 
 0.061881  0.804455  0.032178  0.101485 
 0.002475  0.160891  0.002475  0.834158 
 0.972772  0.022277  0.002475  0.002475 
 0.982673  0.002475  0.012376  0.002475 
 0.002475  0.012376  0.002475  0.982673 
 0.002475  0.002475  0.022277  0.972772 
 0.834158  0.002475  0.160891  0.002475 
 0.101485  0.032178  0.804455  0.061881 
 0.111386  0.358911  0.259901  0.269802 
 0.200495  0.289604  0.349010  0.160891 
 0.319307  0.309406  0.269802  0.101485 
 0.190594  0.339109  0.210396  0.259901 
 0.150990  0.408416  0.081683  0.358911 
 0.141089  0.170792  0.368812  0.319307 
 0.279703  0.150990  0.141089  0.428218 

