MEME version 4

ALPHABET= ACGT

strands: + -

Background letter frequencies
A 0.250000 C 0.250000 G 0.250000 T 0.250000

MOTIF UP00595C_2 HOXB7
letter-probability matrix: alength= 4 w= 22 nsites= 100 E= 0
 0.487624  0.121287  0.141089  0.250000 
 0.566832  0.160891  0.121287  0.150990 
 0.081683  0.111386  0.319307  0.487624 
 0.269802  0.230198  0.121287  0.378713 
 0.051980  0.418317  0.240099  0.289604 
 0.299505  0.051980  0.210396  0.438119 
 0.804455  0.071782  0.071782  0.051980 
 0.081683  0.091584  0.022277  0.804455 
 0.576733  0.101485  0.190594  0.131188 
 0.111386  0.042079  0.061881  0.784653 
 0.764851  0.051980  0.131188  0.051980 
 0.051980  0.131188  0.051980  0.764851 
 0.784653  0.061881  0.042079  0.111386 
 0.150990  0.289604  0.180693  0.378713 
 0.804455  0.022277  0.091584  0.081683 
 0.042079  0.081683  0.071782  0.804455 
 0.368812  0.121287  0.141089  0.368812 
 0.398515  0.131188  0.160891  0.309406 
 0.368812  0.259901  0.091584  0.279703 
 0.418317  0.180693  0.220297  0.180693 
 0.299505  0.299505  0.180693  0.220297 
 0.497525  0.081683  0.150990  0.269802 

