MEME version 4

ALPHABET= ACGT

strands: + -

Background letter frequencies
A 0.250000 C 0.250000 G 0.250000 T 0.250000

MOTIF UP00587D_1 EGR2
letter-probability matrix: alength= 4 w= 22 nsites= 100 E= 0
 0.200495  0.061881  0.467822  0.269802 
 0.230198  0.220297  0.200495  0.349010 
 0.210396  0.299505  0.250000  0.240099 
 0.250000  0.220297  0.240099  0.289604 
 0.299505  0.230198  0.170792  0.299505 
 0.358911  0.269802  0.141089  0.230198 
 0.230198  0.398515  0.111386  0.259901 
 0.230198  0.754950  0.002475  0.012376 
 0.002475  0.992574  0.002475  0.002475 
 0.002475  0.982673  0.002475  0.012376 
 0.299505  0.695545  0.002475  0.002475 
 0.002475  0.992574  0.002475  0.002475 
 0.022277  0.002475  0.962871  0.012376 
 0.002475  0.982673  0.002475  0.012376 
 0.952970  0.012376  0.022277  0.012376 
 0.259901  0.319307  0.131188  0.289604 
 0.230198  0.150990  0.190594  0.428218 
 0.388614  0.190594  0.160891  0.259901 
 0.200495  0.091584  0.220297  0.487624 
 0.170792  0.329208  0.200495  0.299505 
 0.408416  0.190594  0.180693  0.220297 
 0.368812  0.150990  0.121287  0.358911 

