MEME version 4

ALPHABET= ACGT

strands: + -

Background letter frequencies
A 0.250000 C 0.250000 G 0.250000 T 0.250000

MOTIF UP00588A_1 ESX1
letter-probability matrix: alength= 4 w= 22 nsites= 100 E= 0
 0.309406  0.319307  0.240099  0.131188 
 0.517327  0.170792  0.190594  0.121287 
 0.259901  0.279703  0.180693  0.279703 
 0.269802  0.121287  0.477723  0.131188 
 0.160891  0.170792  0.467822  0.200495 
 0.091584  0.636139  0.121287  0.150990 
 0.081683  0.150990  0.725248  0.042079 
 0.032178  0.715347  0.061881  0.190594 
 0.012376  0.200495  0.002475  0.784653 
 0.972772  0.012376  0.012376  0.002475 
 0.992574  0.002475  0.002475  0.002475 
 0.002475  0.002475  0.002475  0.992574 
 0.002475  0.012376  0.012376  0.972772 
 0.784653  0.002475  0.200495  0.012376 
 0.190594  0.061881  0.715347  0.032178 
 0.061881  0.438119  0.170792  0.329208 
 0.220297  0.190594  0.467822  0.121287 
 0.230198  0.497525  0.190594  0.081683 
 0.170792  0.289604  0.339109  0.200495 
 0.250000  0.240099  0.141089  0.368812 
 0.081683  0.091584  0.735149  0.091584 
 0.349010  0.457921  0.101485  0.091584 

