MEME version 4

ALPHABET= ACGT

strands: + -

Background letter frequencies
A 0.250000 C 0.250000 G 0.250000 T 0.250000

MOTIF UP00586A_1 CRX
letter-probability matrix: alength= 4 w= 22 nsites= 100 E= 0
 0.507426  0.131188  0.101485  0.259901 
 0.250000  0.358911  0.091584  0.299505 
 0.368812  0.289604  0.121287  0.220297 
 0.428218  0.170792  0.230198  0.170792 
 0.398515  0.141089  0.160891  0.299505 
 0.190594  0.438119  0.111386  0.259901 
 0.200495  0.141089  0.586634  0.071782 
 0.081683  0.695545  0.061881  0.160891 
 0.022277  0.002475  0.002475  0.972772 
 0.972772  0.002475  0.012376  0.012376 
 0.992574  0.002475  0.002475  0.002475 
 0.002475  0.002475  0.051980  0.943069 
 0.002475  0.982673  0.002475  0.012376 
 0.002475  0.962871  0.002475  0.032178 
 0.042079  0.547030  0.368812  0.042079 
 0.091584  0.675743  0.160891  0.071782 
 0.170792  0.141089  0.071782  0.616337 
 0.131188  0.240099  0.071782  0.556931 
 0.339109  0.220297  0.150990  0.289604 
 0.428218  0.141089  0.180693  0.250000 
 0.279703  0.180693  0.269802  0.269802 
 0.299505  0.190594  0.299505  0.210396 

