MEME version 4

ALPHABET= ACGT

strands: + -

Background letter frequencies
A 0.250000 C 0.250000 G 0.250000 T 0.250000

MOTIF UP00606B_1 NR1H4
letter-probability matrix: alength= 4 w= 23 nsites= 100 E= 0
 0.349010  0.121287  0.071782  0.457921 
 0.398515  0.032178  0.190594  0.378713 
 0.398515  0.289604  0.101485  0.210396 
 0.349010  0.230198  0.259901  0.160891 
 0.378713  0.170792  0.269802  0.180693 
 0.537129  0.111386  0.160891  0.190594 
 0.279703  0.051980  0.131188  0.537129 
 0.190594  0.131188  0.220297  0.457921 
 0.398515  0.081683  0.319307  0.200495 
 0.675743  0.111386  0.131188  0.081683 
 0.121287  0.101485  0.131188  0.646040 
 0.111386  0.071782  0.160891  0.655941 
 0.556931  0.121287  0.042079  0.279703 
 0.675743  0.071782  0.111386  0.141089 
 0.111386  0.121287  0.141089  0.626238 
 0.715347  0.051980  0.071782  0.160891 
 0.319307  0.210396  0.309406  0.160891 
 0.210396  0.150990  0.071782  0.566832 
 0.349010  0.091584  0.141089  0.418317 
 0.457921  0.299505  0.061881  0.180693 
 0.784653  0.042079  0.081683  0.091584 
 0.715347  0.051980  0.051980  0.180693 
 0.180693  0.111386  0.051980  0.655941 

