MEME version 4

ALPHABET= ACGT

strands: + -

Background letter frequencies
A 0.250000 C 0.250000 G 0.250000 T 0.250000

MOTIF UP00481A_2 MAML1-CSL-GST-NOTCH2
letter-probability matrix: alength= 4 w= 23 nsites= 100 E= 0
 0.170792  0.448020  0.150990  0.230198 
 0.269802  0.240099  0.180693  0.309406 
 0.220297  0.368812  0.180693  0.230198 
 0.131188  0.121287  0.299505  0.448020 
 0.259901  0.210396  0.141089  0.388614 
 0.349010  0.131188  0.160891  0.358911 
 0.339109  0.250000  0.150990  0.259901 
 0.042079  0.537129  0.329208  0.091584 
 0.032178  0.745050  0.121287  0.101485 
 0.250000  0.160891  0.547030  0.042079 
 0.022277  0.012376  0.002475  0.962871 
 0.012376  0.002475  0.972772  0.012376 
 0.101485  0.012376  0.863861  0.022277 
 0.032178  0.002475  0.962871  0.002475 
 0.972772  0.002475  0.012376  0.012376 
 0.903465  0.022277  0.051980  0.022277 
 0.418317  0.358911  0.091584  0.131188 
 0.259901  0.250000  0.081683  0.408416 
 0.507426  0.051980  0.091584  0.349010 
 0.091584  0.240099  0.309406  0.358911 
 0.180693  0.200495  0.220297  0.398515 
 0.121287  0.170792  0.269802  0.438119 
 0.349010  0.091584  0.250000  0.309406 

