MEME version 4

ALPHABET= ACGT

strands: + -

Background letter frequencies
A 0.250000 C 0.250000 G 0.250000 T 0.250000

MOTIF UP00617B_1 POU4F3
letter-probability matrix: alength= 4 w= 22 nsites= 100 E= 0
 0.160891  0.081683  0.111386  0.646040 
 0.250000  0.230198  0.230198  0.289604 
 0.259901  0.230198  0.428218  0.081683 
 0.349010  0.269802  0.150990  0.230198 
 0.378713  0.190594  0.349010  0.081683 
 0.111386  0.240099  0.210396  0.438119 
 0.279703  0.032178  0.081683  0.606436 
 0.042079  0.150990  0.012376  0.794554 
 0.962871  0.002475  0.012376  0.022277 
 0.032178  0.002475  0.002475  0.962871 
 0.042079  0.002475  0.042079  0.913366 
 0.913366  0.042079  0.002475  0.042079 
 0.962871  0.002475  0.002475  0.032178 
 0.022277  0.012376  0.002475  0.962871 
 0.794554  0.012376  0.150990  0.042079 
 0.418317  0.042079  0.042079  0.497525 
 0.319307  0.190594  0.180693  0.309406 
 0.150990  0.259901  0.250000  0.339109 
 0.309406  0.121287  0.091584  0.477723 
 0.170792  0.160891  0.230198  0.438119 
 0.487624  0.220297  0.121287  0.170792 
 0.150990  0.319307  0.230198  0.299505 

