MEME version 4

ALPHABET= ACGT

strands: + -

Background letter frequencies
A 0.250000 C 0.250000 G 0.250000 T 0.250000

MOTIF UP00604D_1 NKX2-5
letter-probability matrix: alength= 4 w= 22 nsites= 100 E= 0
 0.616337  0.042079  0.160891  0.180693 
 0.378713  0.378713  0.131188  0.111386 
 0.398515  0.180693  0.170792  0.250000 
 0.121287  0.051980  0.032178  0.794554 
 0.180693  0.170792  0.200495  0.448020 
 0.507426  0.101485  0.150990  0.240099 
 0.358911  0.101485  0.032178  0.507426 
 0.596535  0.081683  0.121287  0.200495 
 0.210396  0.121287  0.051980  0.616337 
 0.626238  0.061881  0.141089  0.170792 
 0.259901  0.259901  0.250000  0.230198 
 0.259901  0.141089  0.398515  0.200495 
 0.170792  0.141089  0.061881  0.626238 
 0.616337  0.051980  0.121287  0.210396 
 0.200495  0.121287  0.081683  0.596535 
 0.507426  0.032178  0.101485  0.358911 
 0.170792  0.259901  0.160891  0.408416 
 0.358911  0.101485  0.101485  0.438119 
 0.527228  0.121287  0.190594  0.160891 
 0.101485  0.042079  0.150990  0.705446 
 0.477723  0.160891  0.101485  0.259901 
 0.556931  0.150990  0.111386  0.180693 

