MEME version 4

ALPHABET= ACGT

strands: + -

Background letter frequencies
A 0.250000 C 0.250000 G 0.250000 T 0.250000

MOTIF UP00610A_1 PAX4
letter-probability matrix: alength= 4 w= 23 nsites= 100 E= 0
 0.091584  0.210396  0.299505  0.398515 
 0.170792  0.329208  0.042079  0.457921 
 0.349010  0.131188  0.170792  0.349010 
 0.230198  0.309406  0.368812  0.091584 
 0.319307  0.121287  0.339109  0.220297 
 0.200495  0.160891  0.339109  0.299505 
 0.071782  0.349010  0.477723  0.101485 
 0.210396  0.319307  0.250000  0.220297 
 0.200495  0.160891  0.349010  0.289604 
 0.051980  0.675743  0.061881  0.210396 
 0.042079  0.012376  0.091584  0.853960 
 0.943069  0.042079  0.012376  0.002475 
 0.992574  0.002475  0.002475  0.002475 
 0.002475  0.002475  0.002475  0.992574 
 0.002475  0.012376  0.012376  0.972772 
 0.893564  0.042079  0.042079  0.022277 
 0.517327  0.032178  0.408416  0.042079 
 0.240099  0.160891  0.309406  0.289604 
 0.190594  0.200495  0.408416  0.200495 
 0.101485  0.497525  0.160891  0.240099 
 0.339109  0.111386  0.081683  0.467822 
 0.487624  0.250000  0.091584  0.170792 
 0.111386  0.081683  0.081683  0.725248 

