MEME version 4

ALPHABET= ACGT

strands: + -

Background letter frequencies
A 0.250000 C 0.250000 G 0.250000 T 0.250000

MOTIF UP00615B_2 PITX2
letter-probability matrix: alength= 4 w= 22 nsites= 100 E= 0
 0.121287  0.131188  0.349010  0.398515 
 0.250000  0.259901  0.051980  0.438119 
 0.210396  0.250000  0.141089  0.398515 
 0.210396  0.289604  0.289604  0.210396 
 0.378713  0.101485  0.279703  0.240099 
 0.289604  0.200495  0.240099  0.269802 
 0.388614  0.160891  0.358911  0.091584 
 0.309406  0.061881  0.537129  0.091584 
 0.121287  0.012376  0.844059  0.022277 
 0.022277  0.002475  0.952970  0.022277 
 0.933168  0.061881  0.002475  0.002475 
 0.002475  0.002475  0.002475  0.992574 
 0.012376  0.012376  0.002475  0.972772 
 0.933168  0.002475  0.002475  0.061881 
 0.685644  0.032178  0.210396  0.071782 
 0.071782  0.150990  0.101485  0.675743 
 0.358911  0.141089  0.101485  0.398515 
 0.319307  0.150990  0.339109  0.190594 
 0.141089  0.180693  0.418317  0.259901 
 0.507426  0.180693  0.141089  0.170792 
 0.101485  0.695545  0.101485  0.101485 
 0.180693  0.349010  0.309406  0.160891 

