MEME version 4

ALPHABET= ACGT

strands: + -

Background letter frequencies
A 0.250000 C 0.250000 G 0.250000 T 0.250000

MOTIF UP00596A_1 HOXC4
letter-probability matrix: alength= 4 w= 23 nsites= 100 E= 0
 0.329208  0.200495  0.299505  0.170792 
 0.745050  0.051980  0.071782  0.131188 
 0.398515  0.220297  0.160891  0.220297 
 0.259901  0.190594  0.141089  0.408416 
 0.289604  0.131188  0.220297  0.358911 
 0.556931  0.111386  0.160891  0.170792 
 0.784653  0.042079  0.091584  0.081683 
 0.022277  0.042079  0.081683  0.853960 
 0.695545  0.081683  0.141089  0.081683 
 0.863861  0.012376  0.101485  0.022277 
 0.012376  0.131188  0.002475  0.853960 
 0.457921  0.457921  0.032178  0.051980 
 0.962871  0.002475  0.022277  0.012376 
 0.022277  0.022277  0.022277  0.933168 
 0.022277  0.042079  0.022277  0.913366 
 0.933168  0.012376  0.042079  0.012376 
 0.240099  0.160891  0.279703  0.319307 
 0.200495  0.299505  0.180693  0.319307 
 0.230198  0.339109  0.210396  0.220297 
 0.398515  0.240099  0.111386  0.250000 
 0.299505  0.160891  0.101485  0.438119 
 0.547030  0.081683  0.091584  0.279703 
 0.299505  0.111386  0.378713  0.210396 

