MEME version 4

ALPHABET= ACGT

strands: + -

Background letter frequencies
A 0.250000 C 0.250000 G 0.250000 T 0.250000

MOTIF UP00598A_2 ISX
letter-probability matrix: alength= 4 w= 22 nsites= 100 E= 0
 0.309406  0.279703  0.170792  0.240099 
 0.537129  0.131188  0.131188  0.200495 
 0.141089  0.111386  0.289604  0.457921 
 0.131188  0.200495  0.378713  0.289604 
 0.200495  0.388614  0.170792  0.240099 
 0.269802  0.368812  0.220297  0.141089 
 0.448020  0.250000  0.190594  0.111386 
 0.675743  0.042079  0.111386  0.170792 
 0.022277  0.695545  0.051980  0.230198 
 0.002475  0.685644  0.002475  0.309406 
 0.982673  0.002475  0.002475  0.012376 
 0.982673  0.012376  0.002475  0.002475 
 0.012376  0.002475  0.002475  0.982673 
 0.012376  0.012376  0.002475  0.972772 
 0.982673  0.002475  0.002475  0.012376 
 0.269802  0.131188  0.279703  0.319307 
 0.230198  0.319307  0.299505  0.150990 
 0.269802  0.091584  0.250000  0.388614 
 0.121287  0.388614  0.398515  0.091584 
 0.289604  0.131188  0.309406  0.269802 
 0.220297  0.200495  0.309406  0.269802 
 0.160891  0.388614  0.200495  0.250000 

