MEME version 4

ALPHABET= ACGT

strands: + -

Background letter frequencies
A 0.250000 C 0.250000 G 0.250000 T 0.250000

MOTIF UP00620C_1 SIX6
letter-probability matrix: alength= 4 w= 22 nsites= 100 E= 0
 0.200495  0.200495  0.329208  0.269802 
 0.398515  0.111386  0.111386  0.378713 
 0.259901  0.279703  0.309406  0.150990 
 0.358911  0.220297  0.279703  0.141089 
 0.497525  0.180693  0.061881  0.259901 
 0.319307  0.061881  0.170792  0.448020 
 0.358911  0.190594  0.349010  0.101485 
 0.339109  0.101485  0.527228  0.032178 
 0.141089  0.091584  0.665842  0.101485 
 0.240099  0.022277  0.735149  0.002475 
 0.002475  0.002475  0.061881  0.933168 
 0.764851  0.002475  0.230198  0.002475 
 0.012376  0.002475  0.002475  0.982673 
 0.012376  0.962871  0.012376  0.012376 
 0.873762  0.022277  0.061881  0.042079 
 0.299505  0.448020  0.071782  0.180693 
 0.200495  0.210396  0.240099  0.349010 
 0.180693  0.200495  0.131188  0.487624 
 0.388614  0.220297  0.299505  0.091584 
 0.240099  0.081683  0.200495  0.477723 
 0.180693  0.190594  0.398515  0.230198 
 0.368812  0.388614  0.101485  0.141089 

