MEME version 4

ALPHABET= ACGT

strands: + -

Background letter frequencies
A 0.250000 C 0.250000 G 0.250000 T 0.250000

MOTIF UP00480A_1 GST-CSL-NOTCH1
letter-probability matrix: alength= 4 w= 22 nsites= 100 E= 0
 0.170792  0.230198  0.160891  0.438119 
 0.200495  0.230198  0.299505  0.269802 
 0.339109  0.150990  0.220297  0.289604 
 0.210396  0.150990  0.378713  0.259901 
 0.160891  0.428218  0.259901  0.150990 
 0.358911  0.309406  0.160891  0.170792 
 0.042079  0.250000  0.537129  0.170792 
 0.061881  0.695545  0.061881  0.180693 
 0.150990  0.081683  0.754950  0.012376 
 0.012376  0.012376  0.002475  0.972772 
 0.002475  0.002475  0.992574  0.002475 
 0.051980  0.002475  0.863861  0.081683 
 0.012376  0.002475  0.982673  0.002475 
 0.972772  0.002475  0.012376  0.012376 
 0.764851  0.051980  0.170792  0.012376 
 0.141089  0.596535  0.061881  0.200495 
 0.200495  0.457921  0.160891  0.180693 
 0.467822  0.141089  0.170792  0.220297 
 0.180693  0.477723  0.279703  0.061881 
 0.121287  0.200495  0.190594  0.487624 
 0.101485  0.279703  0.398515  0.220297 
 0.160891  0.269802  0.299505  0.269802 

