MEME version 4

ALPHABET= ACGT

strands: + -

Background letter frequencies
A 0.250000 C 0.250000 G 0.250000 T 0.250000

MOTIF UP00610C_1 PAX4
letter-probability matrix: alength= 4 w= 22 nsites= 100 E= 0
 0.626238  0.160891  0.091584  0.121287 
 0.477723  0.141089  0.170792  0.210396 
 0.101485  0.091584  0.378713  0.428218 
 0.477723  0.101485  0.091584  0.329208 
 0.190594  0.269802  0.448020  0.091584 
 0.230198  0.309406  0.259901  0.200495 
 0.339109  0.240099  0.150990  0.269802 
 0.032178  0.408416  0.022277  0.537129 
 0.091584  0.091584  0.032178  0.784653 
 0.952970  0.002475  0.022277  0.022277 
 0.972772  0.002475  0.012376  0.012376 
 0.012376  0.012376  0.002475  0.972772 
 0.022277  0.022277  0.002475  0.952970 
 0.784653  0.032178  0.091584  0.091584 
 0.537129  0.022277  0.408416  0.032178 
 0.210396  0.398515  0.121287  0.269802 
 0.180693  0.210396  0.448020  0.160891 
 0.180693  0.378713  0.368812  0.071782 
 0.398515  0.240099  0.220297  0.141089 
 0.170792  0.537129  0.111386  0.180693 
 0.141089  0.319307  0.269802  0.269802 
 0.289604  0.190594  0.101485  0.418317 

