MEME version 4

ALPHABET= ACGT

strands: + -

Background letter frequencies
A 0.250000 C 0.250000 G 0.250000 T 0.250000

MOTIF UP00589A_1 FOXC1
letter-probability matrix: alength= 4 w= 23 nsites= 100 E= 0
 0.289604  0.210396  0.141089  0.358911 
 0.190594  0.170792  0.378713  0.259901 
 0.507426  0.230198  0.131188  0.131188 
 0.190594  0.210396  0.368812  0.230198 
 0.121287  0.111386  0.408416  0.358911 
 0.141089  0.289604  0.210396  0.358911 
 0.250000  0.032178  0.051980  0.665842 
 0.834158  0.032178  0.061881  0.071782 
 0.269802  0.210396  0.111386  0.408416 
 0.329208  0.022277  0.636139  0.012376 
 0.160891  0.032178  0.002475  0.804455 
 0.873762  0.111386  0.002475  0.012376 
 0.962871  0.022277  0.002475  0.012376 
 0.972772  0.002475  0.012376  0.012376 
 0.002475  0.646040  0.002475  0.349010 
 0.962871  0.002475  0.022277  0.012376 
 0.477723  0.150990  0.071782  0.299505 
 0.457921  0.150990  0.141089  0.250000 
 0.121287  0.210396  0.547030  0.121287 
 0.319307  0.150990  0.408416  0.121287 
 0.071782  0.111386  0.586634  0.230198 
 0.378713  0.101485  0.319307  0.200495 
 0.220297  0.180693  0.289604  0.309406 

