MEME version 4

ALPHABET= ACGT

strands: + -

Background letter frequencies
A 0.250000 C 0.250000 G 0.250000 T 0.250000

MOTIF UP00591B_1 GFI1
letter-probability matrix: alength= 4 w= 23 nsites= 100 E= 0
 0.121287  0.150990  0.388614  0.339109 
 0.428218  0.220297  0.091584  0.259901 
 0.477723  0.111386  0.111386  0.299505 
 0.230198  0.121287  0.170792  0.477723 
 0.418317  0.170792  0.220297  0.190594 
 0.111386  0.200495  0.240099  0.448020 
 0.339109  0.259901  0.160891  0.240099 
 0.745050  0.091584  0.022277  0.141089 
 0.982673  0.002475  0.002475  0.012376 
 0.992574  0.002475  0.002475  0.002475 
 0.002475  0.002475  0.012376  0.982673 
 0.012376  0.972772  0.012376  0.002475 
 0.715347  0.012376  0.002475  0.269802 
 0.071782  0.705446  0.200495  0.022277 
 0.250000  0.022277  0.200495  0.527228 
 0.091584  0.022277  0.804455  0.081683 
 0.170792  0.467822  0.121287  0.240099 
 0.586634  0.170792  0.091584  0.150990 
 0.170792  0.101485  0.160891  0.566832 
 0.250000  0.259901  0.259901  0.230198 
 0.398515  0.091584  0.190594  0.319307 
 0.349010  0.141089  0.279703  0.230198 
 0.339109  0.180693  0.259901  0.220297 

