MEME version 4

ALPHABET= ACGT

strands: + -

Background letter frequencies
A 0.250000 C 0.250000 G 0.250000 T 0.250000

MOTIF UP00591C_1 GFI1
letter-probability matrix: alength= 4 w= 23 nsites= 100 E= 0
 0.537129  0.081683  0.141089  0.240099 
 0.210396  0.141089  0.408416  0.240099 
 0.428218  0.190594  0.190594  0.190594 
 0.339109  0.180693  0.121287  0.358911 
 0.349010  0.121287  0.180693  0.349010 
 0.596535  0.141089  0.081683  0.180693 
 0.071782  0.141089  0.111386  0.675743 
 0.705446  0.091584  0.091584  0.111386 
 0.111386  0.061881  0.012376  0.814356 
 0.933168  0.012376  0.022277  0.032178 
 0.032178  0.002475  0.022277  0.943069 
 0.051980  0.883663  0.022277  0.042079 
 0.735149  0.012376  0.032178  0.220297 
 0.101485  0.646040  0.141089  0.111386 
 0.309406  0.022277  0.309406  0.358911 
 0.200495  0.051980  0.675743  0.071782 
 0.071782  0.754950  0.051980  0.121287 
 0.497525  0.121287  0.180693  0.200495 
 0.299505  0.081683  0.200495  0.418317 
 0.160891  0.279703  0.358911  0.200495 
 0.111386  0.309406  0.180693  0.398515 
 0.566832  0.180693  0.111386  0.141089 
 0.606436  0.190594  0.042079  0.160891 

