MEME version 4

ALPHABET= ACGT

strands: + -

Background letter frequencies
A 0.250000 C 0.250000 G 0.250000 T 0.250000

MOTIF UP00613A_2 PBX4
letter-probability matrix: alength= 4 w= 23 nsites= 100 E= 0
 0.438119  0.071782  0.269802  0.220297 
 0.329208  0.428218  0.081683  0.160891 
 0.418317  0.250000  0.131188  0.200495 
 0.616337  0.111386  0.150990  0.121287 
 0.289604  0.111386  0.220297  0.378713 
 0.517327  0.101485  0.141089  0.240099 
 0.457921  0.091584  0.131188  0.319307 
 0.299505  0.180693  0.121287  0.398515 
 0.230198  0.071782  0.279703  0.418317 
 0.061881  0.022277  0.012376  0.903465 
 0.071782  0.012376  0.844059  0.071782 
 0.873762  0.012376  0.012376  0.101485 
 0.042079  0.824257  0.032178  0.101485 
 0.794554  0.012376  0.170792  0.022277 
 0.071782  0.091584  0.022277  0.814356 
 0.170792  0.061881  0.725248  0.042079 
 0.190594  0.418317  0.042079  0.349010 
 0.368812  0.269802  0.180693  0.180693 
 0.616337  0.061881  0.141089  0.180693 
 0.190594  0.250000  0.170792  0.388614 
 0.250000  0.299505  0.339109  0.111386 
 0.269802  0.141089  0.250000  0.339109 
 0.121287  0.131188  0.517327  0.230198 

