MEME version 4

ALPHABET= ACGT

strands: + -

Background letter frequencies
A 0.250000 C 0.250000 G 0.250000 T 0.250000

MOTIF UP00611F_1 PAX6
letter-probability matrix: alength= 4 w= 22 nsites= 100 E= 0
 0.259901  0.210396  0.398515  0.131188 
 0.180693  0.289604  0.329208  0.200495 
 0.566832  0.071782  0.200495  0.160891 
 0.487624  0.141089  0.180693  0.190594 
 0.240099  0.081683  0.388614  0.289604 
 0.259901  0.457921  0.180693  0.101485 
 0.121287  0.774752  0.032178  0.071782 
 0.339109  0.141089  0.230198  0.289604 
 0.160891  0.032178  0.754950  0.051980 
 0.754950  0.081683  0.051980  0.111386 
 0.071782  0.051980  0.764851  0.111386 
 0.111386  0.754950  0.051980  0.081683 
 0.111386  0.051980  0.081683  0.754950 
 0.051980  0.754950  0.032178  0.160891 
 0.240099  0.071782  0.527228  0.160891 
 0.071782  0.032178  0.774752  0.121287 
 0.368812  0.190594  0.329208  0.111386 
 0.299505  0.190594  0.319307  0.190594 
 0.081683  0.250000  0.487624  0.180693 
 0.240099  0.081683  0.349010  0.329208 
 0.596535  0.190594  0.131188  0.081683 
 0.418317  0.250000  0.250000  0.081683 

