MEME version 4

ALPHABET= ACGT

strands: + -

Background letter frequencies
A 0.250000 C 0.250000 G 0.250000 T 0.250000

MOTIF UP00595C_1 HOXB7
letter-probability matrix: alength= 4 w= 23 nsites= 100 E= 0
 0.121287  0.111386  0.061881  0.705446 
 0.358911  0.071782  0.160891  0.408416 
 0.428218  0.190594  0.220297  0.160891 
 0.150990  0.299505  0.309406  0.240099 
 0.230198  0.101485  0.408416  0.259901 
 0.240099  0.309406  0.339109  0.111386 
 0.131188  0.368812  0.180693  0.319307 
 0.784653  0.032178  0.141089  0.042079 
 0.032178  0.071782  0.022277  0.873762 
 0.774752  0.032178  0.071782  0.121287 
 0.824257  0.061881  0.071782  0.042079 
 0.111386  0.111386  0.022277  0.754950 
 0.091584  0.061881  0.032178  0.814356 
 0.745050  0.061881  0.141089  0.051980 
 0.200495  0.180693  0.091584  0.527228 
 0.319307  0.210396  0.190594  0.279703 
 0.160891  0.101485  0.675743  0.061881 
 0.230198  0.200495  0.329208  0.240099 
 0.230198  0.160891  0.200495  0.408416 
 0.507426  0.141089  0.081683  0.269802 
 0.150990  0.101485  0.319307  0.428218 
 0.388614  0.042079  0.299505  0.269802 
 0.358911  0.121287  0.368812  0.150990 

