MEME version 4

ALPHABET= ACGT

strands: + -

Background letter frequencies
A 0.250000 C 0.250000 G 0.250000 T 0.250000

MOTIF UP00522A_4 FOXN4
letter-probability matrix: alength= 4 w= 22 nsites= 100 E= 0
 0.210396  0.230198  0.477723  0.081683 
 0.180693  0.250000  0.388614  0.180693 
 0.487624  0.071782  0.042079  0.398515 
 0.735149  0.141089  0.042079  0.081683 
 0.220297  0.101485  0.448020  0.230198 
 0.259901  0.448020  0.160891  0.131188 
 0.141089  0.764851  0.061881  0.032178 
 0.160891  0.190594  0.566832  0.081683 
 0.547030  0.111386  0.042079  0.299505 
 0.309406  0.477723  0.200495  0.012376 
 0.012376  0.883663  0.032178  0.071782 
 0.002475  0.022277  0.962871  0.012376 
 0.022277  0.952970  0.012376  0.012376 
 0.012376  0.022277  0.923267  0.042079 
 0.012376  0.051980  0.032178  0.903465 
 0.032178  0.774752  0.121287  0.071782 
 0.250000  0.309406  0.141089  0.299505 
 0.160891  0.121287  0.269802  0.448020 
 0.111386  0.160891  0.309406  0.418317 
 0.339109  0.269802  0.220297  0.170792 
 0.487624  0.269802  0.131188  0.111386 
 0.032178  0.240099  0.210396  0.517327 

