MEME version 4

ALPHABET= ACGT

strands: + -

Background letter frequencies
A 0.250000 C 0.250000 G 0.250000 T 0.250000

MOTIF UP00616C_1 POU3F4
letter-probability matrix: alength= 4 w= 22 nsites= 100 E= 0
 0.111386  0.101485  0.388614  0.398515 
 0.170792  0.240099  0.388614  0.200495 
 0.378713  0.230198  0.190594  0.200495 
 0.230198  0.438119  0.170792  0.160891 
 0.180693  0.180693  0.398515  0.240099 
 0.170792  0.299505  0.240099  0.289604 
 0.160891  0.339109  0.170792  0.329208 
 0.091584  0.279703  0.071782  0.556931 
 0.051980  0.051980  0.071782  0.824257 
 0.853960  0.051980  0.042079  0.051980 
 0.863861  0.012376  0.042079  0.081683 
 0.091584  0.042079  0.012376  0.853960 
 0.042079  0.042079  0.051980  0.863861 
 0.824257  0.081683  0.042079  0.051980 
 0.556931  0.071782  0.279703  0.091584 
 0.259901  0.180693  0.180693  0.378713 
 0.190594  0.448020  0.160891  0.200495 
 0.309406  0.230198  0.269802  0.190594 
 0.170792  0.160891  0.180693  0.487624 
 0.190594  0.487624  0.121287  0.200495 
 0.448020  0.091584  0.259901  0.200495 
 0.269802  0.210396  0.279703  0.240099 

