MEME version 4

ALPHABET= ACGT

strands: + -

Background letter frequencies
A 0.250000 C 0.250000 G 0.250000 T 0.250000

MOTIF UP00611A_1 PAX6
letter-probability matrix: alength= 4 w= 23 nsites= 100 E= 0
 0.408416  0.101485  0.269802  0.220297 
 0.200495  0.517327  0.121287  0.160891 
 0.497525  0.101485  0.299505  0.101485 
 0.210396  0.111386  0.329208  0.349010 
 0.349010  0.418317  0.091584  0.141089 
 0.467822  0.230198  0.051980  0.250000 
 0.061881  0.289604  0.507426  0.141089 
 0.250000  0.012376  0.160891  0.576733 
 0.250000  0.032178  0.606436  0.111386 
 0.051980  0.101485  0.022277  0.824257 
 0.051980  0.012376  0.804455  0.131188 
 0.131188  0.804455  0.012376  0.051980 
 0.824257  0.022277  0.101485  0.051980 
 0.111386  0.606436  0.032178  0.250000 
 0.616337  0.210396  0.022277  0.150990 
 0.141089  0.507426  0.289604  0.061881 
 0.477723  0.081683  0.269802  0.170792 
 0.279703  0.071782  0.091584  0.556931 
 0.250000  0.398515  0.170792  0.180693 
 0.378713  0.329208  0.160891  0.131188 
 0.794554  0.081683  0.091584  0.032178 
 0.200495  0.210396  0.111386  0.477723 
 0.438119  0.101485  0.250000  0.210396 

