MEME version 4

ALPHABET= ACGT

strands: + -

Background letter frequencies
A 0.250000 C 0.250000 G 0.250000 T 0.250000

MOTIF UP00482A_1 MAML1-CSL-GST-NOTCH3
letter-probability matrix: alength= 4 w= 23 nsites= 100 E= 0
 0.160891  0.339109  0.150990  0.349010 
 0.220297  0.279703  0.150990  0.349010 
 0.170792  0.358911  0.220297  0.250000 
 0.170792  0.091584  0.279703  0.457921 
 0.309406  0.250000  0.141089  0.299505 
 0.289604  0.150990  0.160891  0.398515 
 0.339109  0.279703  0.121287  0.259901 
 0.051980  0.537129  0.319307  0.091584 
 0.032178  0.695545  0.141089  0.131188 
 0.230198  0.170792  0.547030  0.051980 
 0.022277  0.012376  0.002475  0.962871 
 0.002475  0.002475  0.982673  0.012376 
 0.081683  0.012376  0.883663  0.022277 
 0.032178  0.002475  0.962871  0.002475 
 0.972772  0.002475  0.012376  0.012376 
 0.913366  0.022277  0.051980  0.012376 
 0.378713  0.378713  0.091584  0.150990 
 0.220297  0.358911  0.081683  0.339109 
 0.448020  0.081683  0.111386  0.358911 
 0.131188  0.279703  0.240099  0.349010 
 0.200495  0.200495  0.141089  0.457921 
 0.071782  0.150990  0.309406  0.467822 
 0.250000  0.121287  0.339109  0.289604 

