MEME version 4

ALPHABET= ACGT

strands: + -

Background letter frequencies
A 0.250000 C 0.250000 G 0.250000 T 0.250000

MOTIF UP00630C_2 ZNF655
letter-probability matrix: alength= 4 w= 22 nsites= 100 E= 0
 0.131188  0.259901  0.240099  0.368812 
 0.378713  0.111386  0.250000  0.259901 
 0.319307  0.329208  0.121287  0.230198 
 0.319307  0.150990  0.259901  0.269802 
 0.240099  0.150990  0.368812  0.240099 
 0.388614  0.071782  0.299505  0.240099 
 0.190594  0.091584  0.111386  0.606436 
 0.863861  0.012376  0.051980  0.071782 
 0.051980  0.012376  0.101485  0.834158 
 0.012376  0.002475  0.982673  0.002475 
 0.012376  0.962871  0.012376  0.012376 
 0.022277  0.002475  0.002475  0.972772 
 0.982673  0.002475  0.002475  0.012376 
 0.814356  0.141089  0.022277  0.022277 
 0.061881  0.537129  0.012376  0.388614 
 0.200495  0.230198  0.160891  0.408416 
 0.279703  0.190594  0.101485  0.428218 
 0.378713  0.071782  0.141089  0.408416 
 0.190594  0.141089  0.457921  0.210396 
 0.259901  0.418317  0.101485  0.220297 
 0.289604  0.319307  0.230198  0.160891 
 0.259901  0.250000  0.269802  0.220297 

