MEME version 4

ALPHABET= ACGT

strands: + -

Background letter frequencies
A 0.250000 C 0.250000 G 0.250000 T 0.250000

MOTIF UP00611I_1 PAX6
letter-probability matrix: alength= 4 w= 23 nsites= 100 E= 0
 0.131188  0.250000  0.438119  0.180693 
 0.250000  0.131188  0.299505  0.319307 
 0.269802  0.259901  0.368812  0.101485 
 0.388614  0.160891  0.388614  0.061881 
 0.240099  0.190594  0.160891  0.408416 
 0.487624  0.071782  0.309406  0.131188 
 0.071782  0.150990  0.101485  0.675743 
 0.071782  0.754950  0.091584  0.081683 
 0.230198  0.051980  0.170792  0.547030 
 0.071782  0.754950  0.121287  0.051980 
 0.715347  0.032178  0.180693  0.071782 
 0.081683  0.180693  0.022277  0.715347 
 0.051980  0.121287  0.754950  0.071782 
 0.497525  0.180693  0.071782  0.250000 
 0.081683  0.091584  0.754950  0.071782 
 0.675743  0.101485  0.150990  0.071782 
 0.299505  0.250000  0.230198  0.220297 
 0.349010  0.170792  0.269802  0.210396 
 0.101485  0.408416  0.358911  0.131188 
 0.101485  0.269802  0.121287  0.507426 
 0.349010  0.388614  0.141089  0.121287 
 0.111386  0.537129  0.121287  0.230198 
 0.150990  0.299505  0.170792  0.378713 

