MEME version 4

ALPHABET= ACGT

strands: + -

Background letter frequencies
A 0.250000 C 0.250000 G 0.250000 T 0.250000

MOTIF UP00615D_1 PITX2
letter-probability matrix: alength= 4 w= 23 nsites= 100 E= 0
 0.141089  0.220297  0.200495  0.438119 
 0.358911  0.141089  0.141089  0.358911 
 0.170792  0.339109  0.240099  0.250000 
 0.220297  0.101485  0.358911  0.319307 
 0.170792  0.101485  0.150990  0.576733 
 0.269802  0.210396  0.141089  0.378713 
 0.250000  0.230198  0.121287  0.398515 
 0.606436  0.269802  0.061881  0.061881 
 0.141089  0.349010  0.269802  0.240099 
 0.071782  0.051980  0.051980  0.824257 
 0.794554  0.071782  0.042079  0.091584 
 0.844059  0.042079  0.022277  0.091584 
 0.091584  0.022277  0.042079  0.844059 
 0.091584  0.042079  0.071782  0.794554 
 0.834158  0.042079  0.051980  0.071782 
 0.150990  0.477723  0.121287  0.250000 
 0.061881  0.061881  0.269802  0.606436 
 0.349010  0.438119  0.111386  0.101485 
 0.438119  0.259901  0.240099  0.061881 
 0.071782  0.586634  0.160891  0.180693 
 0.606436  0.131188  0.071782  0.190594 
 0.408416  0.200495  0.071782  0.319307 
 0.368812  0.150990  0.240099  0.240099 

