MEME version 4

ALPHABET= ACGT

strands: + -

Background letter frequencies
A 0.250000 C 0.250000 G 0.250000 T 0.250000

MOTIF UP00616A_1 POU3F4
letter-probability matrix: alength= 4 w= 22 nsites= 100 E= 0
 0.230198  0.279703  0.150990  0.339109 
 0.180693  0.190594  0.309406  0.319307 
 0.378713  0.121287  0.121287  0.378713 
 0.378713  0.141089  0.289604  0.190594 
 0.131188  0.329208  0.131188  0.408416 
 0.180693  0.150990  0.121287  0.547030 
 0.388614  0.240099  0.081683  0.289604 
 0.814356  0.022277  0.032178  0.131188 
 0.121287  0.012376  0.012376  0.853960 
 0.101485  0.012376  0.002475  0.883663 
 0.972772  0.012376  0.002475  0.012376 
 0.022277  0.012376  0.012376  0.952970 
 0.032178  0.002475  0.824257  0.141089 
 0.022277  0.923267  0.022277  0.032178 
 0.685644  0.022277  0.240099  0.051980 
 0.170792  0.091584  0.487624  0.250000 
 0.566832  0.081683  0.230198  0.121287 
 0.170792  0.279703  0.180693  0.368812 
 0.418317  0.131188  0.190594  0.259901 
 0.190594  0.230198  0.259901  0.319307 
 0.299505  0.269802  0.081683  0.349010 
 0.299505  0.339109  0.190594  0.170792 

