MEME version 4

ALPHABET= ACGT

strands: + -

Background letter frequencies
A 0.250000 C 0.250000 G 0.250000 T 0.250000

MOTIF UP00614D_1 PHOX2B
letter-probability matrix: alength= 4 w= 23 nsites= 100 E= 0
 0.477723  0.121287  0.111386  0.289604 
 0.418317  0.210396  0.121287  0.250000 
 0.279703  0.418317  0.141089  0.160891 
 0.388614  0.111386  0.101485  0.398515 
 0.160891  0.368812  0.220297  0.250000 
 0.378713  0.329208  0.121287  0.170792 
 0.150990  0.111386  0.269802  0.467822 
 0.111386  0.675743  0.022277  0.190594 
 0.774752  0.101485  0.081683  0.042079 
 0.101485  0.190594  0.299505  0.408416 
 0.051980  0.111386  0.042079  0.794554 
 0.774752  0.051980  0.111386  0.061881 
 0.903465  0.042079  0.042079  0.012376 
 0.032178  0.081683  0.032178  0.853960 
 0.051980  0.091584  0.051980  0.804455 
 0.794554  0.032178  0.150990  0.022277 
 0.121287  0.319307  0.250000  0.309406 
 0.101485  0.418317  0.240099  0.240099 
 0.121287  0.675743  0.141089  0.061881 
 0.299505  0.190594  0.418317  0.091584 
 0.101485  0.220297  0.190594  0.487624 
 0.398515  0.299505  0.081683  0.220297 
 0.309406  0.111386  0.111386  0.467822 

