MEME version 4

ALPHABET= ACGT

strands: + -

Background letter frequencies
A 0.250000 C 0.250000 G 0.250000 T 0.250000

MOTIF UP00627G_1 WT1
letter-probability matrix: alength= 4 w= 23 nsites= 100 E= 0
 0.091584  0.071782  0.081683  0.754950 
 0.349010  0.081683  0.170792  0.398515 
 0.150990  0.071782  0.121287  0.655941 
 0.071782  0.081683  0.131188  0.715347 
 0.240099  0.141089  0.121287  0.497525 
 0.457921  0.230198  0.200495  0.111386 
 0.428218  0.141089  0.091584  0.339109 
 0.824257  0.051980  0.081683  0.042079 
 0.091584  0.032178  0.071782  0.804455 
 0.745050  0.042079  0.022277  0.190594 
 0.299505  0.408416  0.131188  0.160891 
 0.725248  0.022277  0.220297  0.032178 
 0.339109  0.091584  0.141089  0.428218 
 0.794554  0.022277  0.131188  0.051980 
 0.042079  0.071782  0.012376  0.873762 
 0.834158  0.071782  0.032178  0.061881 
 0.715347  0.071782  0.091584  0.121287 
 0.398515  0.111386  0.051980  0.438119 
 0.279703  0.200495  0.150990  0.368812 
 0.210396  0.042079  0.071782  0.675743 
 0.309406  0.279703  0.131188  0.279703 
 0.160891  0.022277  0.438119  0.378713 
 0.032178  0.061881  0.853960  0.051980 

