MEME version 4

ALPHABET= ACGT

strands: + -

Background letter frequencies
A 0.250000 C 0.250000 G 0.250000 T 0.250000

MOTIF UP00598B_2 ISX
letter-probability matrix: alength= 4 w= 22 nsites= 100 E= 0
 0.091584  0.121287  0.576733  0.210396 
 0.131188  0.180693  0.339109  0.349010 
 0.210396  0.349010  0.210396  0.230198 
 0.269802  0.368812  0.220297  0.141089 
 0.160891  0.250000  0.547030  0.042079 
 0.150990  0.507426  0.121287  0.220297 
 0.259901  0.220297  0.339109  0.180693 
 0.012376  0.378713  0.022277  0.586634 
 0.012376  0.200495  0.002475  0.784653 
 0.972772  0.012376  0.012376  0.002475 
 0.972772  0.002475  0.002475  0.022277 
 0.022277  0.002475  0.002475  0.972772 
 0.002475  0.012376  0.012376  0.972772 
 0.784653  0.002475  0.200495  0.012376 
 0.586634  0.022277  0.378713  0.012376 
 0.111386  0.200495  0.408416  0.279703 
 0.349010  0.279703  0.269802  0.101485 
 0.269802  0.269802  0.210396  0.250000 
 0.240099  0.150990  0.319307  0.289604 
 0.131188  0.329208  0.398515  0.141089 
 0.230198  0.309406  0.358911  0.101485 
 0.121287  0.250000  0.368812  0.259901 

