MEME version 4

ALPHABET= ACGT

strands: + -

Background letter frequencies
A 0.250000 C 0.250000 G 0.250000 T 0.250000

MOTIF UP00484A_2 GST-CSL
letter-probability matrix: alength= 4 w= 17 nsites= 100 E= 0
 0.190594  0.160891  0.428218  0.220297 
 0.339109  0.269802  0.299505  0.091584 
 0.299505  0.329208  0.180693  0.190594 
 0.032178  0.289604  0.566832  0.111386 
 0.022277  0.873762  0.032178  0.071782 
 0.061881  0.032178  0.903465  0.002475 
 0.002475  0.012376  0.002475  0.982673 
 0.002475  0.002475  0.992574  0.002475 
 0.051980  0.002475  0.913366  0.032178 
 0.012376  0.002475  0.982673  0.002475 
 0.972772  0.002475  0.012376  0.012376 
 0.913366  0.012376  0.071782  0.002475 
 0.349010  0.477723  0.042079  0.131188 
 0.230198  0.378713  0.141089  0.250000 
 0.467822  0.111386  0.131188  0.289604 
 0.150990  0.448020  0.220297  0.180693 
 0.121287  0.200495  0.269802  0.408416 

