MEME version 4

ALPHABET= ACGT

strands: + -

Background letter frequencies
A 0.250000 C 0.250000 G 0.250000 T 0.250000

MOTIF UP00594A_2 HESX1
letter-probability matrix: alength= 4 w= 22 nsites= 100 E= 0
 0.319307  0.141089  0.339109  0.200495 
 0.240099  0.339109  0.170792  0.250000 
 0.309406  0.170792  0.368812  0.150990 
 0.210396  0.240099  0.150990  0.398515 
 0.210396  0.220297  0.299505  0.269802 
 0.259901  0.190594  0.240099  0.309406 
 0.279703  0.190594  0.378713  0.150990 
 0.042079  0.844059  0.042079  0.071782 
 0.002475  0.418317  0.002475  0.576733 
 0.982673  0.002475  0.012376  0.002475 
 0.982673  0.002475  0.002475  0.012376 
 0.012376  0.002475  0.002475  0.982673 
 0.002475  0.012376  0.002475  0.982673 
 0.576733  0.002475  0.418317  0.002475 
 0.071782  0.042079  0.844059  0.042079 
 0.190594  0.220297  0.230198  0.358911 
 0.141089  0.299505  0.289604  0.269802 
 0.180693  0.220297  0.358911  0.240099 
 0.319307  0.210396  0.170792  0.299505 
 0.299505  0.279703  0.200495  0.220297 
 0.230198  0.230198  0.319307  0.220297 
 0.259901  0.141089  0.230198  0.368812 

