MEME version 4

ALPHABET= ACGT

strands: + -

Background letter frequencies
A 0.250000 C 0.250000 G 0.250000 T 0.250000

MOTIF UP00597A_1 HOXD13
letter-probability matrix: alength= 4 w= 22 nsites= 100 E= 0
 0.190594  0.250000  0.141089  0.418317 
 0.111386  0.170792  0.457921  0.259901 
 0.329208  0.210396  0.299505  0.160891 
 0.150990  0.378713  0.289604  0.180693 
 0.319307  0.368812  0.131188  0.180693 
 0.230198  0.210396  0.210396  0.349010 
 0.250000  0.269802  0.170792  0.309406 
 0.032178  0.547030  0.012376  0.408416 
 0.517327  0.259901  0.012376  0.210396 
 0.863861  0.002475  0.032178  0.101485 
 0.002475  0.032178  0.002475  0.962871 
 0.685644  0.002475  0.012376  0.299505 
 0.903465  0.002475  0.002475  0.091584 
 0.923267  0.012376  0.002475  0.061881 
 0.655941  0.061881  0.131188  0.150990 
 0.349010  0.101485  0.061881  0.487624 
 0.289604  0.259901  0.279703  0.170792 
 0.200495  0.448020  0.111386  0.240099 
 0.309406  0.289604  0.240099  0.160891 
 0.250000  0.150990  0.358911  0.240099 
 0.141089  0.210396  0.230198  0.418317 
 0.250000  0.259901  0.200495  0.289604 

