MEME version 4

ALPHABET= ACGT

strands: + -

Background letter frequencies
A 0.250000 C 0.250000 G 0.250000 T 0.250000

MOTIF UP00586B_1 CRX
letter-probability matrix: alength= 4 w= 22 nsites= 100 E= 0
 0.477723  0.180693  0.061881  0.279703 
 0.378713  0.319307  0.091584  0.210396 
 0.448020  0.220297  0.101485  0.230198 
 0.487624  0.131188  0.200495  0.180693 
 0.388614  0.160891  0.121287  0.329208 
 0.160891  0.378713  0.160891  0.299505 
 0.250000  0.131188  0.547030  0.071782 
 0.071782  0.646040  0.071782  0.210396 
 0.022277  0.002475  0.002475  0.972772 
 0.972772  0.002475  0.012376  0.012376 
 0.992574  0.002475  0.002475  0.002475 
 0.002475  0.002475  0.051980  0.943069 
 0.012376  0.972772  0.002475  0.012376 
 0.002475  0.952970  0.002475  0.042079 
 0.071782  0.547030  0.329208  0.051980 
 0.121287  0.566832  0.200495  0.111386 
 0.230198  0.210396  0.101485  0.457921 
 0.111386  0.190594  0.061881  0.636139 
 0.299505  0.210396  0.160891  0.329208 
 0.497525  0.061881  0.170792  0.269802 
 0.428218  0.101485  0.121287  0.349010 
 0.358911  0.141089  0.309406  0.190594 

