MEME version 4

ALPHABET= ACGT

strands: + -

Background letter frequencies
A 0.250000 C 0.250000 G 0.250000 T 0.250000

MOTIF UP00584D_2 ARX
letter-probability matrix: alength= 4 w= 23 nsites= 100 E= 0
 0.230198  0.309406  0.418317  0.042079 
 0.259901  0.438119  0.111386  0.190594 
 0.210396  0.408416  0.071782  0.309406 
 0.210396  0.309406  0.279703  0.200495 
 0.358911  0.329208  0.071782  0.240099 
 0.289604  0.121287  0.220297  0.368812 
 0.566832  0.121287  0.240099  0.071782 
 0.051980  0.200495  0.121287  0.626238 
 0.428218  0.101485  0.428218  0.042079 
 0.111386  0.141089  0.150990  0.596535 
 0.497525  0.051980  0.438119  0.012376 
 0.012376  0.438119  0.051980  0.497525 
 0.596535  0.141089  0.150990  0.111386 
 0.111386  0.309406  0.141089  0.438119 
 0.626238  0.121287  0.200495  0.051980 
 0.071782  0.240099  0.121287  0.566832 
 0.339109  0.190594  0.378713  0.091584 
 0.180693  0.121287  0.438119  0.259901 
 0.675743  0.111386  0.101485  0.111386 
 0.339109  0.190594  0.141089  0.329208 
 0.200495  0.131188  0.368812  0.299505 
 0.408416  0.240099  0.071782  0.279703 
 0.279703  0.091584  0.309406  0.319307 

