MEME version 4

ALPHABET= ACGT

strands: + -

Background letter frequencies
A 0.250000 C 0.250000 G 0.250000 T 0.250000

MOTIF UP00584F_1 ARX
letter-probability matrix: alength= 4 w= 22 nsites= 100 E= 0
 0.299505  0.210396  0.250000  0.240099 
 0.368812  0.309406  0.150990  0.170792 
 0.170792  0.091584  0.566832  0.170792 
 0.349010  0.220297  0.230198  0.200495 
 0.230198  0.220297  0.240099  0.309406 
 0.259901  0.131188  0.398515  0.210396 
 0.467822  0.220297  0.141089  0.170792 
 0.022277  0.646040  0.022277  0.309406 
 0.012376  0.220297  0.002475  0.764851 
 0.943069  0.012376  0.032178  0.012376 
 0.972772  0.002475  0.012376  0.012376 
 0.012376  0.012376  0.002475  0.972772 
 0.002475  0.042079  0.012376  0.943069 
 0.764851  0.002475  0.220297  0.012376 
 0.319307  0.022277  0.646040  0.012376 
 0.210396  0.289604  0.240099  0.259901 
 0.111386  0.190594  0.517327  0.180693 
 0.220297  0.329208  0.299505  0.150990 
 0.150990  0.259901  0.319307  0.269802 
 0.190594  0.240099  0.339109  0.230198 
 0.150990  0.388614  0.240099  0.220297 
 0.556931  0.269802  0.091584  0.081683 

