MEME version 4

ALPHABET= ACGT

strands: + -

Background letter frequencies
A 0.250000 C 0.250000 G 0.250000 T 0.250000

MOTIF UP00615C_1 PITX2
letter-probability matrix: alength= 4 w= 22 nsites= 100 E= 0
 0.408416  0.269802  0.091584  0.230198 
 0.230198  0.398515  0.200495  0.170792 
 0.131188  0.081683  0.646040  0.141089 
 0.190594  0.160891  0.190594  0.457921 
 0.378713  0.269802  0.200495  0.150990 
 0.200495  0.339109  0.190594  0.269802 
 0.269802  0.150990  0.141089  0.438119 
 0.794554  0.071782  0.071782  0.061881 
 0.022277  0.071782  0.022277  0.883663 
 0.022277  0.002475  0.002475  0.972772 
 0.972772  0.002475  0.012376  0.012376 
 0.972772  0.002475  0.012376  0.012376 
 0.012376  0.002475  0.022277  0.962871 
 0.012376  0.933168  0.012376  0.042079 
 0.012376  0.923267  0.012376  0.051980 
 0.111386  0.517327  0.091584  0.279703 
 0.160891  0.299505  0.121287  0.418317 
 0.259901  0.329208  0.150990  0.259901 
 0.250000  0.190594  0.091584  0.467822 
 0.299505  0.141089  0.319307  0.240099 
 0.477723  0.131188  0.200495  0.190594 
 0.269802  0.071782  0.517327  0.141089 

