MEME version 4

ALPHABET= ACGT

strands: + -

Background letter frequencies
A 0.250000 C 0.250000 G 0.250000 T 0.250000

MOTIF UP00611C_1 PAX6
letter-probability matrix: alength= 4 w= 23 nsites= 100 E= 0
 0.378713  0.101485  0.289604  0.230198 
 0.230198  0.467822  0.131188  0.170792 
 0.497525  0.081683  0.319307  0.101485 
 0.200495  0.101485  0.398515  0.299505 
 0.250000  0.398515  0.170792  0.180693 
 0.349010  0.358911  0.051980  0.240099 
 0.051980  0.210396  0.606436  0.131188 
 0.250000  0.022277  0.180693  0.547030 
 0.250000  0.032178  0.606436  0.111386 
 0.042079  0.101485  0.012376  0.844059 
 0.032178  0.012376  0.824257  0.131188 
 0.141089  0.824257  0.002475  0.032178 
 0.844059  0.012376  0.101485  0.042079 
 0.111386  0.606436  0.032178  0.250000 
 0.556931  0.190594  0.032178  0.220297 
 0.131188  0.606436  0.210396  0.051980 
 0.547030  0.121287  0.150990  0.180693 
 0.220297  0.121287  0.101485  0.556931 
 0.240099  0.457921  0.150990  0.150990 
 0.398515  0.319307  0.131188  0.150990 
 0.764851  0.081683  0.111386  0.042079 
 0.190594  0.160891  0.111386  0.537129 
 0.368812  0.170792  0.180693  0.279703 

