MEME version 4

ALPHABET= ACGT

strands: + -

Background letter frequencies
A 0.250000 C 0.250000 G 0.250000 T 0.250000

MOTIF UP00613A_1 PBX4
letter-probability matrix: alength= 4 w= 23 nsites= 100 E= 0
 0.368812  0.121287  0.240099  0.269802 
 0.349010  0.358911  0.071782  0.220297 
 0.467822  0.220297  0.121287  0.190594 
 0.675743  0.091584  0.141089  0.091584 
 0.339109  0.121287  0.210396  0.329208 
 0.537129  0.121287  0.121287  0.220297 
 0.418317  0.091584  0.210396  0.279703 
 0.150990  0.131188  0.269802  0.448020 
 0.210396  0.111386  0.309406  0.368812 
 0.051980  0.042079  0.042079  0.863861 
 0.101485  0.032178  0.735149  0.131188 
 0.804455  0.012376  0.042079  0.141089 
 0.091584  0.735149  0.032178  0.141089 
 0.725248  0.012376  0.230198  0.032178 
 0.131188  0.101485  0.042079  0.725248 
 0.170792  0.051980  0.695545  0.081683 
 0.259901  0.250000  0.071782  0.418317 
 0.339109  0.368812  0.121287  0.170792 
 0.606436  0.061881  0.150990  0.180693 
 0.170792  0.250000  0.289604  0.289604 
 0.200495  0.160891  0.527228  0.111386 
 0.309406  0.111386  0.180693  0.398515 
 0.121287  0.141089  0.448020  0.289604 

