MEME version 4

ALPHABET= ACGT

strands: + -

Background letter frequencies
A 0.250000 C 0.250000 G 0.250000 T 0.250000

MOTIF UP00594D_1 HESX1
letter-probability matrix: alength= 4 w= 22 nsites= 100 E= 0
 0.160891  0.339109  0.210396  0.289604 
 0.398515  0.240099  0.150990  0.210396 
 0.200495  0.220297  0.368812  0.210396 
 0.319307  0.329208  0.220297  0.131188 
 0.279703  0.349010  0.101485  0.269802 
 0.230198  0.329208  0.279703  0.160891 
 0.131188  0.141089  0.378713  0.349010 
 0.408416  0.160891  0.240099  0.190594 
 0.240099  0.319307  0.111386  0.329208 
 0.467822  0.250000  0.160891  0.121287 
 0.259901  0.240099  0.150990  0.349010 
 0.319307  0.160891  0.378713  0.141089 
 0.339109  0.210396  0.230198  0.220297 
 0.378713  0.240099  0.190594  0.190594 
 0.319307  0.121287  0.121287  0.438119 
 0.358911  0.289604  0.190594  0.160891 
 0.230198  0.269802  0.259901  0.240099 
 0.349010  0.250000  0.240099  0.160891 
 0.160891  0.547030  0.111386  0.180693 
 0.279703  0.160891  0.121287  0.438119 
 0.517327  0.071782  0.210396  0.200495 
 0.398515  0.150990  0.180693  0.269802 

