MEME version 4

ALPHABET= ACGT

strands: + -

Background letter frequencies
A 0.250000 C 0.250000 G 0.250000 T 0.250000

MOTIF UP00603A_1 MSX2
letter-probability matrix: alength= 4 w= 23 nsites= 100 E= 0
 0.309406  0.299505  0.220297  0.170792 
 0.101485  0.180693  0.180693  0.537129 
 0.547030  0.051980  0.042079  0.358911 
 0.160891  0.309406  0.051980  0.477723 
 0.477723  0.170792  0.230198  0.121287 
 0.576733  0.111386  0.200495  0.111386 
 0.596535  0.141089  0.091584  0.170792 
 0.784653  0.061881  0.091584  0.061881 
 0.853960  0.061881  0.042079  0.042079 
 0.081683  0.576733  0.150990  0.190594 
 0.012376  0.754950  0.002475  0.230198 
 0.982673  0.002475  0.012376  0.002475 
 0.982673  0.012376  0.002475  0.002475 
 0.012376  0.002475  0.002475  0.982673 
 0.012376  0.012376  0.002475  0.972772 
 0.972772  0.002475  0.012376  0.012376 
 0.556931  0.081683  0.150990  0.210396 
 0.180693  0.349010  0.240099  0.230198 
 0.339109  0.131188  0.121287  0.408416 
 0.497525  0.259901  0.081683  0.160891 
 0.339109  0.200495  0.269802  0.190594 
 0.566832  0.160891  0.210396  0.061881 
 0.150990  0.269802  0.230198  0.349010 

