MEME version 4

ALPHABET= ACGT

strands: + -

Background letter frequencies
A 0.250000 C 0.250000 G 0.250000 T 0.250000

MOTIF UP00609G_1 PAX3
letter-probability matrix: alength= 4 w= 22 nsites= 100 E= 0
 0.121287  0.180693  0.418317  0.279703 
 0.408416  0.190594  0.210396  0.190594 
 0.279703  0.160891  0.230198  0.329208 
 0.309406  0.487624  0.081683  0.121287 
 0.071782  0.180693  0.487624  0.259901 
 0.210396  0.250000  0.170792  0.368812 
 0.121287  0.032178  0.032178  0.814356 
 0.893564  0.032178  0.042079  0.032178 
 0.923267  0.012376  0.012376  0.051980 
 0.012376  0.071782  0.012376  0.903465 
 0.002475  0.774752  0.042079  0.180693 
 0.180693  0.042079  0.774752  0.002475 
 0.903465  0.012376  0.071782  0.012376 
 0.051980  0.012376  0.012376  0.923267 
 0.032178  0.042079  0.032178  0.893564 
 0.853960  0.022277  0.071782  0.051980 
 0.289604  0.349010  0.180693  0.180693 
 0.150990  0.358911  0.200495  0.289604 
 0.309406  0.071782  0.368812  0.250000 
 0.190594  0.210396  0.349010  0.250000 
 0.418317  0.259901  0.180693  0.141089 
 0.319307  0.121287  0.309406  0.250000 

