MEME version 4

ALPHABET= ACGT

strands: + -

Background letter frequencies
A 0.250000 C 0.250000 G 0.250000 T 0.250000

MOTIF UP00596C_1 HOXC4
letter-probability matrix: alength= 4 w= 22 nsites= 100 E= 0
 0.141089  0.141089  0.309406  0.408416 
 0.180693  0.141089  0.428218  0.250000 
 0.240099  0.309406  0.230198  0.220297 
 0.150990  0.477723  0.259901  0.111386 
 0.250000  0.200495  0.349010  0.200495 
 0.289604  0.329208  0.220297  0.160891 
 0.200495  0.180693  0.517327  0.101485 
 0.042079  0.081683  0.240099  0.636139 
 0.012376  0.091584  0.002475  0.893564 
 0.952970  0.032178  0.012376  0.002475 
 0.982673  0.002475  0.002475  0.012376 
 0.012376  0.002475  0.002475  0.982673 
 0.002475  0.012376  0.032178  0.952970 
 0.893564  0.002475  0.091584  0.012376 
 0.636139  0.240099  0.081683  0.042079 
 0.061881  0.230198  0.259901  0.448020 
 0.299505  0.319307  0.180693  0.200495 
 0.358911  0.210396  0.230198  0.200495 
 0.220297  0.160891  0.240099  0.378713 
 0.190594  0.547030  0.131188  0.131188 
 0.230198  0.111386  0.438119  0.220297 
 0.240099  0.210396  0.378713  0.170792 

