MEME version 4

ALPHABET= ACGT

strands: + -

Background letter frequencies
A 0.250000 C 0.250000 G 0.250000 T 0.250000

MOTIF UP00614B_1 PHOX2B
letter-probability matrix: alength= 4 w= 23 nsites= 100 E= 0
 0.428218  0.101485  0.081683  0.388614 
 0.131188  0.349010  0.319307  0.200495 
 0.250000  0.289604  0.339109  0.121287 
 0.170792  0.071782  0.606436  0.150990 
 0.457921  0.150990  0.170792  0.220297 
 0.111386  0.200495  0.358911  0.329208 
 0.240099  0.269802  0.388614  0.101485 
 0.131188  0.467822  0.269802  0.131188 
 0.081683  0.180693  0.061881  0.675743 
 0.705446  0.032178  0.200495  0.061881 
 0.923267  0.022277  0.042079  0.012376 
 0.012376  0.042079  0.022277  0.923267 
 0.061881  0.200495  0.032178  0.705446 
 0.675743  0.061881  0.180693  0.081683 
 0.081683  0.160891  0.586634  0.170792 
 0.101485  0.388614  0.269802  0.240099 
 0.408416  0.408416  0.081683  0.101485 
 0.457921  0.160891  0.180693  0.200495 
 0.368812  0.150990  0.200495  0.279703 
 0.388614  0.081683  0.160891  0.368812 
 0.408416  0.180693  0.121287  0.289604 
 0.358911  0.279703  0.121287  0.240099 
 0.517327  0.091584  0.042079  0.349010 

