MEME version 4

ALPHABET= ACGT

strands: + -

Background letter frequencies
A 0.250000 C 0.250000 G 0.250000 T 0.250000

MOTIF UP00607C_1 NR2E3
letter-probability matrix: alength= 4 w= 23 nsites= 100 E= 0
 0.339109  0.250000  0.180693  0.230198 
 0.448020  0.081683  0.061881  0.408416 
 0.230198  0.269802  0.131188  0.368812 
 0.259901  0.081683  0.170792  0.487624 
 0.141089  0.121287  0.398515  0.339109 
 0.250000  0.220297  0.358911  0.170792 
 0.378713  0.022277  0.200495  0.398515 
 0.042079  0.200495  0.061881  0.695545 
 0.131188  0.091584  0.636139  0.141089 
 0.725248  0.071782  0.091584  0.111386 
 0.131188  0.170792  0.022277  0.675743 
 0.368812  0.329208  0.131188  0.170792 
 0.081683  0.150990  0.170792  0.596535 
 0.061881  0.537129  0.051980  0.349010 
 0.329208  0.111386  0.091584  0.467822 
 0.606436  0.111386  0.131188  0.150990 
 0.329208  0.368812  0.081683  0.220297 
 0.556931  0.180693  0.131188  0.131188 
 0.279703  0.299505  0.141089  0.279703 
 0.467822  0.121287  0.042079  0.368812 
 0.299505  0.121287  0.418317  0.160891 
 0.220297  0.210396  0.250000  0.319307 
 0.418317  0.210396  0.210396  0.160891 

