MEME version 4

ALPHABET= ACGT

strands: + -

Background letter frequencies
A 0.250000 C 0.250000 G 0.250000 T 0.250000

MOTIF UP00621B_1 SNAI2
letter-probability matrix: alength= 4 w= 22 nsites= 100 E= 0
 0.269802  0.190594  0.121287  0.418317 
 0.329208  0.210396  0.210396  0.250000 
 0.299505  0.160891  0.180693  0.358911 
 0.358911  0.269802  0.220297  0.150990 
 0.279703  0.111386  0.358911  0.250000 
 0.646040  0.200495  0.081683  0.071782 
 0.230198  0.121287  0.279703  0.368812 
 0.349010  0.131188  0.517327  0.002475 
 0.012376  0.972772  0.002475  0.012376 
 0.992574  0.002475  0.002475  0.002475 
 0.002475  0.992574  0.002475  0.002475 
 0.002475  0.982673  0.002475  0.012376 
 0.002475  0.002475  0.002475  0.992574 
 0.002475  0.002475  0.982673  0.012376 
 0.022277  0.606436  0.002475  0.368812 
 0.081683  0.091584  0.051980  0.774752 
 0.566832  0.091584  0.190594  0.150990 
 0.170792  0.150990  0.299505  0.378713 
 0.398515  0.170792  0.121287  0.309406 
 0.319307  0.269802  0.121287  0.289604 
 0.418317  0.240099  0.121287  0.220297 
 0.259901  0.200495  0.170792  0.368812 

