MEME version 4

ALPHABET= ACGT

strands: + -

Background letter frequencies
A 0.250000 C 0.250000 G 0.250000 T 0.250000

MOTIF UP00599D_1 KLF1
letter-probability matrix: alength= 4 w= 22 nsites= 100 E= 0
 0.032178  0.210396  0.042079  0.715347 
 0.487624  0.150990  0.121287  0.240099 
 0.457921  0.378713  0.051980  0.111386 
 0.111386  0.160891  0.180693  0.547030 
 0.269802  0.091584  0.131188  0.507426 
 0.467822  0.131188  0.141089  0.259901 
 0.061881  0.101485  0.032178  0.804455 
 0.754950  0.111386  0.042079  0.091584 
 0.735149  0.032178  0.121287  0.111386 
 0.042079  0.042079  0.032178  0.883663 
 0.517327  0.101485  0.131188  0.250000 
 0.250000  0.091584  0.170792  0.487624 
 0.883663  0.032178  0.042079  0.042079 
 0.111386  0.121287  0.032178  0.735149 
 0.091584  0.042079  0.111386  0.754950 
 0.804455  0.032178  0.101485  0.061881 
 0.180693  0.071782  0.111386  0.636139 
 0.101485  0.368812  0.279703  0.250000 
 0.200495  0.230198  0.170792  0.398515 
 0.269802  0.101485  0.061881  0.566832 
 0.160891  0.081683  0.150990  0.606436 
 0.299505  0.497525  0.121287  0.081683 

