MEME version 4

ALPHABET= ACGT

strands: + -

Background letter frequencies
A 0.250000 C 0.250000 G 0.250000 T 0.250000

MOTIF UP00589C_1 FOXC1
letter-probability matrix: alength= 4 w= 22 nsites= 100 E= 0
 0.091584  0.180693  0.576733  0.150990 
 0.368812  0.101485  0.121287  0.408416 
 0.547030  0.091584  0.200495  0.160891 
 0.051980  0.259901  0.349010  0.339109 
 0.220297  0.428218  0.180693  0.170792 
 0.319307  0.101485  0.111386  0.467822 
 0.566832  0.042079  0.022277  0.368812 
 0.725248  0.091584  0.111386  0.071782 
 0.616337  0.121287  0.091584  0.170792 
 0.408416  0.121287  0.349010  0.121287 
 0.180693  0.170792  0.022277  0.626238 
 0.774752  0.111386  0.042079  0.071782 
 0.705446  0.081683  0.051980  0.160891 
 0.863861  0.042079  0.081683  0.012376 
 0.051980  0.725248  0.042079  0.180693 
 0.814356  0.022277  0.141089  0.022277 
 0.299505  0.309406  0.101485  0.289604 
 0.527228  0.042079  0.042079  0.388614 
 0.596535  0.131188  0.141089  0.131188 
 0.091584  0.398515  0.180693  0.329208 
 0.160891  0.170792  0.299505  0.368812 
 0.378713  0.131188  0.150990  0.339109 

