MEME version 4

ALPHABET= ACGT

strands: + -

Background letter frequencies
A 0.250000 C 0.250000 G 0.250000 T 0.250000

MOTIF UP00610D_2 PAX4
letter-probability matrix: alength= 4 w= 22 nsites= 100 E= 0
 0.646040  0.170792  0.061881  0.121287 
 0.487624  0.141089  0.150990  0.220297 
 0.081683  0.121287  0.368812  0.428218 
 0.497525  0.091584  0.111386  0.299505 
 0.220297  0.190594  0.448020  0.141089 
 0.180693  0.259901  0.339109  0.220297 
 0.289604  0.279703  0.180693  0.250000 
 0.042079  0.477723  0.022277  0.457921 
 0.111386  0.081683  0.051980  0.754950 
 0.943069  0.002475  0.032178  0.022277 
 0.972772  0.012376  0.012376  0.002475 
 0.012376  0.012376  0.002475  0.972772 
 0.022277  0.032178  0.002475  0.943069 
 0.745050  0.061881  0.081683  0.111386 
 0.457921  0.022277  0.477723  0.042079 
 0.180693  0.398515  0.131188  0.289604 
 0.220297  0.210396  0.388614  0.180693 
 0.180693  0.448020  0.319307  0.051980 
 0.428218  0.190594  0.240099  0.141089 
 0.220297  0.517327  0.121287  0.141089 
 0.150990  0.230198  0.279703  0.339109 
 0.358911  0.170792  0.111386  0.358911 

