MEME version 4

ALPHABET= ACGT

strands: + -

Background letter frequencies
A 0.250000 C 0.250000 G 0.250000 T 0.250000

MOTIF UP00620B_2 SIX6
letter-probability matrix: alength= 4 w= 22 nsites= 100 E= 0
 0.279703  0.220297  0.309406  0.190594 
 0.358911  0.121287  0.081683  0.438119 
 0.269802  0.230198  0.299505  0.200495 
 0.279703  0.190594  0.358911  0.170792 
 0.487624  0.170792  0.071782  0.269802 
 0.329208  0.071782  0.269802  0.329208 
 0.289604  0.190594  0.418317  0.101485 
 0.497525  0.131188  0.339109  0.032178 
 0.131188  0.101485  0.665842  0.101485 
 0.299505  0.022277  0.675743  0.002475 
 0.002475  0.002475  0.091584  0.903465 
 0.952970  0.002475  0.042079  0.002475 
 0.002475  0.002475  0.002475  0.992574 
 0.012376  0.952970  0.002475  0.032178 
 0.903465  0.012376  0.071782  0.012376 
 0.279703  0.378713  0.051980  0.289604 
 0.240099  0.220297  0.210396  0.329208 
 0.131188  0.269802  0.121287  0.477723 
 0.329208  0.220297  0.329208  0.121287 
 0.180693  0.061881  0.210396  0.547030 
 0.190594  0.131188  0.388614  0.289604 
 0.339109  0.250000  0.200495  0.210396 

