MEME version 4

ALPHABET= ACGT

strands: + -

Background letter frequencies
A 0.250000 C 0.250000 G 0.250000 T 0.250000

MOTIF UP00587A_1 EGR2
letter-probability matrix: alength= 4 w= 22 nsites= 100 E= 0
 0.438119  0.240099  0.160891  0.160891 
 0.457921  0.131188  0.190594  0.220297 
 0.398515  0.101485  0.230198  0.269802 
 0.398515  0.329208  0.180693  0.091584 
 0.240099  0.180693  0.240099  0.339109 
 0.141089  0.675743  0.061881  0.121287 
 0.190594  0.596535  0.111386  0.101485 
 0.091584  0.012376  0.774752  0.121287 
 0.012376  0.972772  0.002475  0.012376 
 0.002475  0.992574  0.002475  0.002475 
 0.002475  0.952970  0.002475  0.042079 
 0.200495  0.794554  0.002475  0.002475 
 0.002475  0.982673  0.002475  0.012376 
 0.061881  0.012376  0.903465  0.022277 
 0.002475  0.943069  0.022277  0.032178 
 0.547030  0.121287  0.101485  0.230198 
 0.091584  0.388614  0.042079  0.477723 
 0.190594  0.220297  0.071782  0.517327 
 0.329208  0.309406  0.240099  0.121287 
 0.289604  0.329208  0.150990  0.230198 
 0.150990  0.101485  0.210396  0.537129 
 0.250000  0.527228  0.150990  0.071782 

