MEME version 4

ALPHABET= ACGT

strands: + -

Background letter frequencies
A 0.250000 C 0.250000 G 0.250000 T 0.250000

MOTIF UP00599D_2 KLF1
letter-probability matrix: alength= 4 w= 23 nsites= 100 E= 0
 0.537129  0.081683  0.071782  0.309406 
 0.121287  0.141089  0.418317  0.319307 
 0.319307  0.250000  0.121287  0.309406 
 0.487624  0.071782  0.101485  0.339109 
 0.358911  0.190594  0.250000  0.200495 
 0.190594  0.428218  0.259901  0.121287 
 0.428218  0.200495  0.121287  0.250000 
 0.071782  0.764851  0.051980  0.111386 
 0.764851  0.071782  0.071782  0.091584 
 0.022277  0.814356  0.081683  0.081683 
 0.834158  0.081683  0.061881  0.022277 
 0.061881  0.061881  0.042079  0.834158 
 0.398515  0.101485  0.170792  0.329208 
 0.636139  0.091584  0.121287  0.150990 
 0.022277  0.814356  0.032178  0.131188 
 0.735149  0.081683  0.091584  0.091584 
 0.101485  0.200495  0.408416  0.289604 
 0.269802  0.200495  0.200495  0.329208 
 0.398515  0.170792  0.210396  0.220297 
 0.606436  0.160891  0.141089  0.091584 
 0.230198  0.160891  0.349010  0.259901 
 0.190594  0.358911  0.141089  0.309406 
 0.061881  0.180693  0.319307  0.438119 

