MEME version 4

ALPHABET= ACGT

strands: + -

Background letter frequencies
A 0.250000 C 0.250000 G 0.250000 T 0.250000

MOTIF UP00585B_1 BCL6
letter-probability matrix: alength= 4 w= 23 nsites= 100 E= 0
 0.378713  0.190594  0.101485  0.329208 
 0.220297  0.319307  0.160891  0.299505 
 0.349010  0.150990  0.230198  0.269802 
 0.259901  0.378713  0.160891  0.200495 
 0.190594  0.170792  0.121287  0.517327 
 0.160891  0.309406  0.349010  0.180693 
 0.220297  0.200495  0.259901  0.319307 
 0.150990  0.071782  0.527228  0.250000 
 0.180693  0.279703  0.091584  0.448020 
 0.081683  0.081683  0.042079  0.794554 
 0.784653  0.032178  0.071782  0.111386 
 0.834158  0.091584  0.022277  0.051980 
 0.051980  0.022277  0.091584  0.834158 
 0.111386  0.071782  0.032178  0.784653 
 0.794554  0.042079  0.071782  0.091584 
 0.269802  0.309406  0.121287  0.299505 
 0.250000  0.527228  0.071782  0.150990 
 0.289604  0.368812  0.210396  0.131188 
 0.170792  0.180693  0.250000  0.398515 
 0.388614  0.131188  0.269802  0.210396 
 0.131188  0.081683  0.349010  0.438119 
 0.358911  0.091584  0.279703  0.269802 
 0.636139  0.061881  0.071782  0.230198 

