MEME version 4

ALPHABET= ACGT

strands: + -

Background letter frequencies
A 0.250000 C 0.250000 G 0.250000 T 0.250000

MOTIF UP00595B_1 HOXB7
letter-probability matrix: alength= 4 w= 23 nsites= 100 E= 0
 0.349010  0.111386  0.121287  0.418317 
 0.626238  0.071782  0.101485  0.200495 
 0.477723  0.319307  0.131188  0.071782 
 0.091584  0.081683  0.457921  0.368812 
 0.210396  0.081683  0.190594  0.517327 
 0.259901  0.240099  0.131188  0.368812 
 0.081683  0.141089  0.032178  0.745050 
 0.804455  0.081683  0.042079  0.071782 
 0.873762  0.042079  0.051980  0.032178 
 0.022277  0.042079  0.032178  0.903465 
 0.141089  0.309406  0.111386  0.438119 
 0.269802  0.091584  0.071782  0.566832 
 0.903465  0.032178  0.042079  0.022277 
 0.032178  0.051980  0.042079  0.873762 
 0.071782  0.042079  0.081683  0.804455 
 0.754950  0.032178  0.141089  0.071782 
 0.111386  0.131188  0.150990  0.606436 
 0.586634  0.190594  0.091584  0.131188 
 0.428218  0.170792  0.319307  0.081683 
 0.160891  0.141089  0.180693  0.517327 
 0.240099  0.091584  0.091584  0.576733 
 0.180693  0.160891  0.230198  0.428218 
 0.240099  0.150990  0.131188  0.477723 

