MEME version 4

ALPHABET= ACGT

strands: + -

Background letter frequencies
A 0.250000 C 0.250000 G 0.250000 T 0.250000

MOTIF UP00597G_2 HOXD13
letter-probability matrix: alength= 4 w= 22 nsites= 100 E= 0
 0.269802  0.121287  0.190594  0.418317 
 0.339109  0.190594  0.250000  0.220297 
 0.160891  0.200495  0.269802  0.368812 
 0.259901  0.319307  0.230198  0.190594 
 0.259901  0.240099  0.289604  0.210396 
 0.418317  0.200495  0.200495  0.180693 
 0.051980  0.428218  0.061881  0.457921 
 0.012376  0.675743  0.002475  0.309406 
 0.685644  0.081683  0.002475  0.230198 
 0.972772  0.002475  0.012376  0.012376 
 0.002475  0.012376  0.002475  0.982673 
 0.903465  0.002475  0.002475  0.091584 
 0.952970  0.002475  0.002475  0.042079 
 0.972772  0.002475  0.002475  0.022277 
 0.933168  0.022277  0.012376  0.032178 
 0.279703  0.200495  0.061881  0.457921 
 0.358911  0.160891  0.111386  0.368812 
 0.250000  0.388614  0.160891  0.200495 
 0.279703  0.170792  0.230198  0.319307 
 0.388614  0.289604  0.210396  0.111386 
 0.160891  0.220297  0.091584  0.527228 
 0.210396  0.141089  0.230198  0.418317 

