MEME version 4

ALPHABET= ACGT

strands: + -

Background letter frequencies
A 0.250000 C 0.250000 G 0.250000 T 0.250000

MOTIF UP00521A_4 FOXN2
letter-probability matrix: alength= 4 w= 22 nsites= 100 E= 0
 0.230198  0.210396  0.398515  0.160891 
 0.358911  0.180693  0.220297  0.240099 
 0.220297  0.160891  0.289604  0.329208 
 0.408416  0.111386  0.121287  0.358911 
 0.438119  0.170792  0.111386  0.279703 
 0.160891  0.299505  0.210396  0.329208 
 0.378713  0.160891  0.299505  0.160891 
 0.022277  0.101485  0.051980  0.824257 
 0.220297  0.012376  0.754950  0.012376 
 0.012376  0.012376  0.002475  0.972772 
 0.943069  0.032178  0.002475  0.022277 
 0.606436  0.042079  0.012376  0.339109 
 0.962871  0.002475  0.012376  0.022277 
 0.002475  0.933168  0.012376  0.051980 
 0.943069  0.012376  0.012376  0.032178 
 0.695545  0.091584  0.111386  0.101485 
 0.507426  0.091584  0.081683  0.319307 
 0.279703  0.428218  0.081683  0.210396 
 0.101485  0.289604  0.101485  0.507426 
 0.329208  0.141089  0.032178  0.497525 
 0.537129  0.240099  0.051980  0.170792 
 0.190594  0.250000  0.269802  0.289604 

