MEME version 4

ALPHABET= ACGT

strands: + -

Background letter frequencies
A 0.250000 C 0.250000 G 0.250000 T 0.250000

MOTIF UP00615B_1 PITX2
letter-probability matrix: alength= 4 w= 23 nsites= 100 E= 0
 0.457921  0.081683  0.141089  0.319307 
 0.180693  0.160891  0.259901  0.398515 
 0.418317  0.101485  0.131188  0.349010 
 0.339109  0.091584  0.368812  0.200495 
 0.517327  0.200495  0.081683  0.200495 
 0.547030  0.061881  0.200495  0.190594 
 0.596535  0.190594  0.091584  0.121287 
 0.784653  0.051980  0.091584  0.071782 
 0.180693  0.131188  0.586634  0.101485 
 0.042079  0.002475  0.943069  0.012376 
 0.012376  0.002475  0.962871  0.022277 
 0.923267  0.071782  0.002475  0.002475 
 0.002475  0.012376  0.002475  0.982673 
 0.012376  0.022277  0.002475  0.962871 
 0.952970  0.002475  0.002475  0.042079 
 0.527228  0.091584  0.259901  0.121287 
 0.170792  0.042079  0.042079  0.745050 
 0.487624  0.210396  0.091584  0.210396 
 0.220297  0.131188  0.428218  0.220297 
 0.091584  0.071782  0.220297  0.616337 
 0.368812  0.111386  0.358911  0.160891 
 0.289604  0.240099  0.289604  0.180693 
 0.378713  0.101485  0.309406  0.210396 

