MEME version 4

ALPHABET= ACGT

strands: + -

Background letter frequencies
A 0.250000 C 0.250000 G 0.250000 T 0.250000

MOTIF UP00627E_1 WT1
letter-probability matrix: alength= 4 w= 22 nsites= 100 E= 0
 0.240099  0.220297  0.319307  0.220297 
 0.596535  0.150990  0.091584  0.160891 
 0.150990  0.418317  0.269802  0.160891 
 0.230198  0.279703  0.289604  0.200495 
 0.378713  0.101485  0.378713  0.141089 
 0.675743  0.032178  0.240099  0.051980 
 0.032178  0.081683  0.002475  0.883663 
 0.051980  0.012376  0.933168  0.002475 
 0.012376  0.794554  0.002475  0.190594 
 0.012376  0.002475  0.972772  0.012376 
 0.012376  0.002475  0.636139  0.349010 
 0.032178  0.002475  0.962871  0.002475 
 0.012376  0.002475  0.982673  0.002475 
 0.022277  0.002475  0.923267  0.051980 
 0.745050  0.101485  0.061881  0.091584 
 0.289604  0.051980  0.081683  0.576733 
 0.339109  0.061881  0.418317  0.180693 
 0.289604  0.101485  0.269802  0.339109 
 0.220297  0.141089  0.358911  0.279703 
 0.279703  0.190594  0.141089  0.388614 
 0.378713  0.230198  0.081683  0.309406 
 0.368812  0.220297  0.190594  0.220297 

