MEME version 4

ALPHABET= ACGT

strands: + -

Background letter frequencies
A 0.250000 C 0.250000 G 0.250000 T 0.250000

MOTIF UP00603B_1 MSX2
letter-probability matrix: alength= 4 w= 23 nsites= 100 E= 0
 0.289604  0.200495  0.111386  0.398515 
 0.121287  0.170792  0.121287  0.586634 
 0.289604  0.141089  0.220297  0.349010 
 0.220297  0.051980  0.220297  0.507426 
 0.408416  0.091584  0.309406  0.190594 
 0.190594  0.111386  0.121287  0.576733 
 0.111386  0.230198  0.487624  0.170792 
 0.170792  0.339109  0.032178  0.457921 
 0.844059  0.081683  0.042079  0.032178 
 0.903465  0.042079  0.012376  0.042079 
 0.022277  0.012376  0.022277  0.943069 
 0.051980  0.091584  0.012376  0.844059 
 0.873762  0.002475  0.042079  0.081683 
 0.349010  0.101485  0.150990  0.398515 
 0.121287  0.180693  0.131188  0.566832 
 0.200495  0.111386  0.141089  0.547030 
 0.438119  0.131188  0.220297  0.210396 
 0.665842  0.071782  0.071782  0.190594 
 0.091584  0.180693  0.378713  0.349010 
 0.131188  0.091584  0.230198  0.547030 
 0.131188  0.349010  0.141089  0.378713 
 0.091584  0.477723  0.289604  0.141089 
 0.259901  0.121287  0.111386  0.507426 

