MEME version 4

ALPHABET= ACGT

strands: + -

Background letter frequencies
A 0.250000 C 0.250000 G 0.250000 T 0.250000

MOTIF UP00597D_1 HOXD13
letter-probability matrix: alength= 4 w= 22 nsites= 100 E= 0
 0.230198  0.121287  0.230198  0.418317 
 0.220297  0.160891  0.358911  0.259901 
 0.170792  0.279703  0.339109  0.210396 
 0.269802  0.240099  0.240099  0.250000 
 0.289604  0.220297  0.240099  0.250000 
 0.230198  0.329208  0.160891  0.279703 
 0.131188  0.289604  0.180693  0.398515 
 0.022277  0.606436  0.002475  0.368812 
 0.675743  0.180693  0.002475  0.141089 
 0.923267  0.002475  0.042079  0.032178 
 0.002475  0.022277  0.002475  0.972772 
 0.764851  0.002475  0.012376  0.220297 
 0.903465  0.002475  0.002475  0.091584 
 0.952970  0.012376  0.002475  0.032178 
 0.834158  0.051980  0.051980  0.061881 
 0.289604  0.141089  0.071782  0.497525 
 0.279703  0.170792  0.160891  0.388614 
 0.220297  0.487624  0.131188  0.160891 
 0.289604  0.259901  0.210396  0.240099 
 0.388614  0.289604  0.220297  0.101485 
 0.200495  0.210396  0.091584  0.497525 
 0.220297  0.220297  0.190594  0.368812 

