MEME version 4

ALPHABET= ACGT

strands: + -

Background letter frequencies
A 0.250000 C 0.250000 G 0.250000 T 0.250000

MOTIF UP00401A_1 Sox4
letter-probability matrix: alength= 4 w= 14 nsites= 100 E= 0
 0.250000  0.200495  0.220297  0.329208 
 0.368812  0.160891  0.240099  0.230198 
 0.309406  0.111386  0.289604  0.289604 
 0.754950  0.032178  0.160891  0.051980 
 0.952970  0.002475  0.002475  0.042079 
 0.002475  0.933168  0.022277  0.042079 
 0.972772  0.002475  0.012376  0.012376 
 0.982673  0.012376  0.002475  0.002475 
 0.616337  0.012376  0.002475  0.368812 
 0.141089  0.012376  0.834158  0.012376 
 0.299505  0.141089  0.547030  0.012376 
 0.269802  0.329208  0.319307  0.081683 
 0.299505  0.230198  0.289604  0.180693 
 0.279703  0.230198  0.160891  0.329208 

