MEME version 4

ALPHABET= ACGT

strands: + -

Background letter frequencies
A 0.250000 C 0.250000 G 0.250000 T 0.250000

MOTIF UP00630B_2 ZNF655
letter-probability matrix: alength= 4 w= 22 nsites= 100 E= 0
 0.240099  0.289604  0.131188  0.339109 
 0.309406  0.071782  0.220297  0.398515 
 0.319307  0.309406  0.101485  0.269802 
 0.299505  0.180693  0.250000  0.269802 
 0.299505  0.141089  0.299505  0.259901 
 0.358911  0.061881  0.329208  0.250000 
 0.200495  0.061881  0.101485  0.636139 
 0.943069  0.002475  0.032178  0.022277 
 0.032178  0.012376  0.042079  0.913366 
 0.012376  0.002475  0.982673  0.002475 
 0.002475  0.972772  0.012376  0.012376 
 0.012376  0.002475  0.002475  0.982673 
 0.982673  0.002475  0.002475  0.012376 
 0.923267  0.051980  0.012376  0.012376 
 0.032178  0.606436  0.012376  0.349010 
 0.190594  0.220297  0.131188  0.457921 
 0.269802  0.200495  0.091584  0.438119 
 0.339109  0.131188  0.141089  0.388614 
 0.180693  0.170792  0.398515  0.250000 
 0.319307  0.299505  0.091584  0.289604 
 0.299505  0.378713  0.170792  0.150990 
 0.279703  0.269802  0.299505  0.150990 

