MEME version 4

ALPHABET= ACGT

strands: + -

Background letter frequencies
A 0.250000 C 0.250000 G 0.250000 T 0.250000

MOTIF UP00616D_1 POU3F4
letter-probability matrix: alength= 4 w= 22 nsites= 100 E= 0
 0.200495  0.240099  0.111386  0.448020 
 0.131188  0.230198  0.299505  0.339109 
 0.448020  0.141089  0.091584  0.319307 
 0.438119  0.131188  0.259901  0.170792 
 0.200495  0.250000  0.150990  0.398515 
 0.230198  0.319307  0.141089  0.309406 
 0.339109  0.250000  0.121287  0.289604 
 0.735149  0.032178  0.042079  0.190594 
 0.170792  0.012376  0.032178  0.784653 
 0.071782  0.012376  0.012376  0.903465 
 0.952970  0.012376  0.012376  0.022277 
 0.032178  0.012376  0.012376  0.943069 
 0.022277  0.012376  0.804455  0.160891 
 0.032178  0.903465  0.032178  0.032178 
 0.665842  0.012376  0.279703  0.042079 
 0.180693  0.071782  0.487624  0.259901 
 0.537129  0.101485  0.250000  0.111386 
 0.170792  0.309406  0.131188  0.388614 
 0.527228  0.131188  0.141089  0.200495 
 0.200495  0.210396  0.329208  0.259901 
 0.259901  0.339109  0.081683  0.319307 
 0.378713  0.279703  0.170792  0.170792 

