MEME version 4

ALPHABET= ACGT

strands: + -

Background letter frequencies
A 0.250000 C 0.250000 G 0.250000 T 0.250000

MOTIF UP00029A_2 TBP
letter-probability matrix: alength= 4 w= 15 nsites= 100 E= 0
 0.230198  0.527228  0.190594  0.051980 
 0.042079  0.596535  0.230198  0.131188 
 0.091584  0.378713  0.438119  0.091584 
 0.448020  0.071782  0.141089  0.339109 
 0.121287  0.180693  0.111386  0.586634 
 0.368812  0.032178  0.032178  0.566832 
 0.368812  0.042079  0.042079  0.547030 
 0.606436  0.180693  0.091584  0.121287 
 0.527228  0.170792  0.071782  0.230198 
 0.051980  0.250000  0.626238  0.071782 
 0.170792  0.428218  0.279703  0.121287 
 0.131188  0.131188  0.477723  0.259901 
 0.299505  0.240099  0.220297  0.240099 
 0.190594  0.269802  0.269802  0.269802 
 0.210396  0.527228  0.061881  0.200495 

