MEME version 4

ALPHABET= ACGT

strands: + -

Background letter frequencies
A 0.250000 C 0.250000 G 0.250000 T 0.250000

MOTIF UP00592B_2 GFI1B
letter-probability matrix: alength= 4 w= 23 nsites= 100 E= 0
 0.131188  0.061881  0.507426  0.299505 
 0.408416  0.160891  0.160891  0.269802 
 0.200495  0.170792  0.210396  0.418317 
 0.160891  0.250000  0.131188  0.457921 
 0.250000  0.448020  0.230198  0.071782 
 0.279703  0.150990  0.170792  0.398515 
 0.230198  0.220297  0.299505  0.250000 
 0.547030  0.220297  0.061881  0.170792 
 0.943069  0.012376  0.012376  0.032178 
 0.962871  0.012376  0.012376  0.012376 
 0.002475  0.012376  0.022277  0.962871 
 0.002475  0.962871  0.022277  0.012376 
 0.695545  0.032178  0.012376  0.259901 
 0.071782  0.655941  0.230198  0.042079 
 0.190594  0.022277  0.616337  0.170792 
 0.121287  0.081683  0.606436  0.190594 
 0.230198  0.556931  0.061881  0.150990 
 0.487624  0.190594  0.160891  0.160891 
 0.259901  0.190594  0.220297  0.329208 
 0.448020  0.131188  0.250000  0.170792 
 0.339109  0.190594  0.131188  0.339109 
 0.230198  0.071782  0.141089  0.556931 
 0.467822  0.170792  0.141089  0.220297 

