MEME version 4

ALPHABET= ACGT

strands: + -

Background letter frequencies
A 0.250000 C 0.250000 G 0.250000 T 0.250000

MOTIF UP00399A_1 Oct-1
letter-probability matrix: alength= 4 w= 22 nsites= 100 E= 0
 0.111386  0.250000  0.111386  0.527228 
 0.269802  0.210396  0.210396  0.309406 
 0.339109  0.180693  0.150990  0.329208 
 0.309406  0.190594  0.259901  0.240099 
 0.477723  0.170792  0.190594  0.160891 
 0.339109  0.150990  0.250000  0.259901 
 0.537129  0.091584  0.042079  0.329208 
 0.022277  0.042079  0.012376  0.923267 
 0.576733  0.022277  0.002475  0.398515 
 0.012376  0.022277  0.002475  0.962871 
 0.012376  0.002475  0.774752  0.210396 
 0.210396  0.774752  0.002475  0.012376 
 0.962871  0.002475  0.022277  0.012376 
 0.398515  0.002475  0.022277  0.576733 
 0.923267  0.012376  0.042079  0.022277 
 0.547030  0.071782  0.042079  0.339109 
 0.200495  0.210396  0.230198  0.358911 
 0.141089  0.398515  0.279703  0.180693 
 0.368812  0.220297  0.240099  0.170792 
 0.279703  0.230198  0.299505  0.190594 
 0.309406  0.150990  0.210396  0.329208 
 0.358911  0.349010  0.141089  0.150990 

