MEME version 4

ALPHABET= ACGT

strands: + -

Background letter frequencies
A 0.250000 C 0.250000 G 0.250000 T 0.250000

MOTIF UP00584B_1 ARX
letter-probability matrix: alength= 4 w= 23 nsites= 100 E= 0
 0.358911  0.210396  0.101485  0.329208 
 0.141089  0.517327  0.240099  0.101485 
 0.170792  0.368812  0.042079  0.418317 
 0.378713  0.081683  0.111386  0.428218 
 0.180693  0.180693  0.586634  0.051980 
 0.467822  0.269802  0.150990  0.111386 
 0.250000  0.250000  0.358911  0.141089 
 0.626238  0.032178  0.141089  0.200495 
 0.190594  0.358911  0.141089  0.309406 
 0.091584  0.378713  0.349010  0.180693 
 0.606436  0.101485  0.240099  0.051980 
 0.032178  0.309406  0.061881  0.596535 
 0.705446  0.091584  0.170792  0.032178 
 0.051980  0.121287  0.022277  0.804455 
 0.160891  0.091584  0.705446  0.042079 
 0.051980  0.051980  0.111386  0.784653 
 0.626238  0.141089  0.170792  0.061881 
 0.210396  0.309406  0.230198  0.250000 
 0.170792  0.121287  0.220297  0.487624 
 0.596535  0.131188  0.190594  0.081683 
 0.339109  0.061881  0.398515  0.200495 
 0.259901  0.269802  0.220297  0.250000 
 0.170792  0.467822  0.269802  0.091584 

