MEME version 4

ALPHABET= ACGT

strands: + -

Background letter frequencies
A 0.250000 C 0.250000 G 0.250000 T 0.250000

MOTIF UP00599C_2 KLF1
letter-probability matrix: alength= 4 w= 23 nsites= 100 E= 0
 0.438119  0.091584  0.150990  0.319307 
 0.289604  0.230198  0.081683  0.398515 
 0.279703  0.319307  0.131188  0.269802 
 0.210396  0.339109  0.051980  0.398515 
 0.378713  0.111386  0.111386  0.398515 
 0.517327  0.299505  0.071782  0.111386 
 0.131188  0.655941  0.032178  0.180693 
 0.141089  0.725248  0.042079  0.091584 
 0.091584  0.873762  0.012376  0.022277 
 0.170792  0.002475  0.735149  0.091584 
 0.071782  0.844059  0.012376  0.071782 
 0.042079  0.893564  0.022277  0.042079 
 0.032178  0.923267  0.012376  0.032178 
 0.467822  0.378713  0.061881  0.091584 
 0.269802  0.507426  0.150990  0.071782 
 0.071782  0.695545  0.101485  0.131188 
 0.131188  0.655941  0.081683  0.131188 
 0.319307  0.170792  0.368812  0.141089 
 0.101485  0.259901  0.259901  0.378713 
 0.150990  0.141089  0.259901  0.448020 
 0.111386  0.358911  0.368812  0.160891 
 0.408416  0.240099  0.081683  0.269802 
 0.180693  0.259901  0.408416  0.150990 

