MEME version 4

ALPHABET= ACGT

strands: + -

Background letter frequencies
A 0.250000 C 0.250000 G 0.250000 T 0.250000

MOTIF UP00609D_1 PAX3
letter-probability matrix: alength= 4 w= 22 nsites= 100 E= 0
 0.091584  0.150990  0.428218  0.329208 
 0.418317  0.190594  0.220297  0.170792 
 0.200495  0.220297  0.200495  0.378713 
 0.230198  0.448020  0.141089  0.180693 
 0.150990  0.210396  0.388614  0.250000 
 0.368812  0.170792  0.210396  0.250000 
 0.150990  0.032178  0.022277  0.794554 
 0.933168  0.032178  0.022277  0.012376 
 0.952970  0.012376  0.012376  0.022277 
 0.012376  0.042079  0.002475  0.943069 
 0.002475  0.814356  0.032178  0.150990 
 0.150990  0.032178  0.814356  0.002475 
 0.943069  0.002475  0.042079  0.012376 
 0.022277  0.012376  0.012376  0.952970 
 0.012376  0.022277  0.032178  0.933168 
 0.774752  0.032178  0.121287  0.071782 
 0.250000  0.329208  0.200495  0.220297 
 0.220297  0.309406  0.141089  0.329208 
 0.309406  0.170792  0.309406  0.210396 
 0.190594  0.269802  0.329208  0.210396 
 0.556931  0.200495  0.111386  0.131188 
 0.170792  0.111386  0.448020  0.269802 

