MEME version 4

ALPHABET= ACGT

strands: + -

Background letter frequencies
A 0.250000 C 0.250000 G 0.250000 T 0.250000

MOTIF UP00587E_1 EGR2
letter-probability matrix: alength= 4 w= 22 nsites= 100 E= 0
 0.180693  0.081683  0.121287  0.616337 
 0.398515  0.279703  0.160891  0.160891 
 0.349010  0.121287  0.121287  0.408416 
 0.150990  0.309406  0.042079  0.497525 
 0.200495  0.289604  0.111386  0.398515 
 0.200495  0.319307  0.061881  0.418317 
 0.240099  0.190594  0.250000  0.319307 
 0.121287  0.745050  0.061881  0.071782 
 0.061881  0.834158  0.012376  0.091584 
 0.051980  0.933168  0.002475  0.012376 
 0.012376  0.972772  0.002475  0.012376 
 0.051980  0.002475  0.923267  0.022277 
 0.002475  0.992574  0.002475  0.002475 
 0.012376  0.972772  0.012376  0.002475 
 0.012376  0.913366  0.002475  0.071782 
 0.220297  0.368812  0.032178  0.378713 
 0.220297  0.240099  0.170792  0.368812 
 0.358911  0.339109  0.051980  0.250000 
 0.160891  0.507426  0.051980  0.279703 
 0.497525  0.170792  0.200495  0.131188 
 0.220297  0.111386  0.190594  0.477723 
 0.566832  0.081683  0.150990  0.200495 

