MEME version 4

ALPHABET= ACGT

strands: + -

Background letter frequencies
A 0.250000 C 0.250000 G 0.250000 T 0.250000

MOTIF UP00595A_2 HOXB7
letter-probability matrix: alength= 4 w= 22 nsites= 100 E= 0
 0.200495  0.061881  0.240099  0.497525 
 0.101485  0.180693  0.051980  0.665842 
 0.349010  0.309406  0.121287  0.220297 
 0.180693  0.259901  0.081683  0.477723 
 0.091584  0.358911  0.160891  0.388614 
 0.378713  0.141089  0.220297  0.259901 
 0.279703  0.170792  0.428218  0.121287 
 0.259901  0.032178  0.586634  0.121287 
 0.042079  0.032178  0.012376  0.913366 
 0.903465  0.061881  0.012376  0.022277 
 0.943069  0.022277  0.022277  0.012376 
 0.012376  0.022277  0.022277  0.943069 
 0.022277  0.012376  0.051980  0.913366 
 0.913366  0.012376  0.032178  0.042079 
 0.121287  0.586634  0.042079  0.250000 
 0.131188  0.319307  0.180693  0.368812 
 0.487624  0.091584  0.230198  0.190594 
 0.408416  0.121287  0.071782  0.398515 
 0.150990  0.121287  0.150990  0.576733 
 0.487624  0.121287  0.091584  0.299505 
 0.428218  0.101485  0.141089  0.329208 
 0.685644  0.131188  0.081683  0.101485 

