MEME version 4

ALPHABET= ACGT

strands: + -

Background letter frequencies
A 0.250000 C 0.250000 G 0.250000 T 0.250000

MOTIF UP00425A_1 Jun
letter-probability matrix: alength= 4 w= 14 nsites= 100 E= 0
 0.210396  0.141089  0.398515  0.250000 
 0.190594  0.101485  0.358911  0.349010 
 0.339109  0.131188  0.220297  0.309406 
 0.794554  0.051980  0.131188  0.022277 
 0.012376  0.022277  0.012376  0.952970 
 0.012376  0.012376  0.952970  0.022277 
 0.972772  0.002475  0.012376  0.012376 
 0.012376  0.438119  0.537129  0.012376 
 0.012376  0.012376  0.289604  0.685644 
 0.081683  0.893564  0.012376  0.012376 
 0.962871  0.012376  0.012376  0.012376 
 0.032178  0.230198  0.042079  0.695545 
 0.329208  0.398515  0.131188  0.141089 
 0.111386  0.438119  0.141089  0.309406 

