MEME version 4

ALPHABET= ACGT

strands: + -

Background letter frequencies
A 0.250000 C 0.250000 G 0.250000 T 0.250000

MOTIF UP00609A_1 PAX3
letter-probability matrix: alength= 4 w= 22 nsites= 100 E= 0
 0.220297  0.418317  0.121287  0.240099 
 0.220297  0.160891  0.240099  0.378713 
 0.339109  0.279703  0.200495  0.180693 
 0.349010  0.240099  0.111386  0.299505 
 0.428218  0.141089  0.289604  0.141089 
 0.180693  0.180693  0.358911  0.279703 
 0.061881  0.071782  0.022277  0.844059 
 0.903465  0.042079  0.032178  0.022277 
 0.933168  0.012376  0.012376  0.042079 
 0.012376  0.061881  0.012376  0.913366 
 0.002475  0.794554  0.032178  0.170792 
 0.170792  0.032178  0.794554  0.002475 
 0.923267  0.012376  0.061881  0.002475 
 0.042079  0.012376  0.002475  0.943069 
 0.022277  0.032178  0.042079  0.903465 
 0.853960  0.022277  0.022277  0.101485 
 0.329208  0.150990  0.269802  0.250000 
 0.240099  0.537129  0.121287  0.101485 
 0.141089  0.071782  0.438119  0.349010 
 0.349010  0.180693  0.180693  0.289604 
 0.180693  0.230198  0.160891  0.428218 
 0.220297  0.537129  0.111386  0.131188 

