MEME version 4

ALPHABET= ACGT

strands: + -

Background letter frequencies
A 0.250000 C 0.250000 G 0.250000 T 0.250000

MOTIF UP00617D_1 POU4F3
letter-probability matrix: alength= 4 w= 22 nsites= 100 E= 0
 0.101485  0.180693  0.081683  0.636139 
 0.259901  0.269802  0.200495  0.269802 
 0.269802  0.230198  0.309406  0.190594 
 0.586634  0.160891  0.091584  0.160891 
 0.279703  0.289604  0.329208  0.101485 
 0.141089  0.170792  0.289604  0.398515 
 0.170792  0.042079  0.091584  0.695545 
 0.022277  0.081683  0.012376  0.883663 
 0.962871  0.002475  0.012376  0.022277 
 0.042079  0.002475  0.002475  0.952970 
 0.042079  0.002475  0.022277  0.933168 
 0.933168  0.022277  0.002475  0.042079 
 0.952970  0.002475  0.002475  0.042079 
 0.022277  0.012376  0.002475  0.962871 
 0.883663  0.012376  0.081683  0.022277 
 0.566832  0.081683  0.042079  0.309406 
 0.200495  0.180693  0.190594  0.428218 
 0.101485  0.220297  0.269802  0.408416 
 0.240099  0.081683  0.081683  0.596535 
 0.319307  0.289604  0.190594  0.200495 
 0.537129  0.121287  0.101485  0.240099 
 0.170792  0.210396  0.299505  0.319307 

