MEME version 4

ALPHABET= ACGT

strands: + -

Background letter frequencies
A 0.250000 C 0.250000 G 0.250000 T 0.250000

MOTIF UP00597C_2 HOXD13
letter-probability matrix: alength= 4 w= 22 nsites= 100 E= 0
 0.170792  0.319307  0.131188  0.378713 
 0.289604  0.289604  0.141089  0.279703 
 0.160891  0.240099  0.358911  0.240099 
 0.190594  0.378713  0.111386  0.319307 
 0.418317  0.180693  0.220297  0.180693 
 0.358911  0.131188  0.378713  0.131188 
 0.230198  0.309406  0.329208  0.131188 
 0.091584  0.646040  0.259901  0.002475 
 0.002475  0.022277  0.012376  0.962871 
 0.012376  0.764851  0.002475  0.220297 
 0.012376  0.002475  0.972772  0.012376 
 0.002475  0.022277  0.002475  0.972772 
 0.824257  0.002475  0.012376  0.160891 
 0.933168  0.002475  0.002475  0.061881 
 0.952970  0.012376  0.002475  0.032178 
 0.586634  0.160891  0.042079  0.210396 
 0.170792  0.200495  0.091584  0.537129 
 0.141089  0.438119  0.160891  0.259901 
 0.319307  0.121287  0.220297  0.339109 
 0.220297  0.220297  0.210396  0.349010 
 0.378713  0.368812  0.111386  0.141089 
 0.438119  0.121287  0.240099  0.200495 

