MEME version 4

ALPHABET= ACGT

strands: + -

Background letter frequencies
A 0.250000 C 0.250000 G 0.250000 T 0.250000

MOTIF UP00611B_1 PAX6
letter-probability matrix: alength= 4 w= 22 nsites= 100 E= 0
 0.408416  0.091584  0.150990  0.349010 
 0.240099  0.111386  0.299505  0.349010 
 0.180693  0.329208  0.319307  0.170792 
 0.091584  0.269802  0.428218  0.210396 
 0.309406  0.408416  0.180693  0.101485 
 0.329208  0.319307  0.210396  0.141089 
 0.081683  0.735149  0.071782  0.111386 
 0.051980  0.824257  0.061881  0.061881 
 0.081683  0.774752  0.061881  0.081683 
 0.131188  0.200495  0.299505  0.368812 
 0.032178  0.051980  0.824257  0.091584 
 0.111386  0.824257  0.042079  0.022277 
 0.042079  0.695545  0.121287  0.141089 
 0.032178  0.170792  0.042079  0.754950 
 0.309406  0.259901  0.220297  0.210396 
 0.101485  0.834158  0.022277  0.042079 
 0.111386  0.289604  0.368812  0.230198 
 0.240099  0.160891  0.349010  0.250000 
 0.329208  0.230198  0.190594  0.250000 
 0.170792  0.358911  0.220297  0.250000 
 0.141089  0.655941  0.051980  0.150990 
 0.705446  0.081683  0.071782  0.141089 

