MEME version 4

ALPHABET= ACGT

strands: + -

Background letter frequencies
A 0.250000 C 0.250000 G 0.250000 T 0.250000

MOTIF UP00589D_1 FOXC1
letter-probability matrix: alength= 4 w= 22 nsites= 100 E= 0
 0.527228  0.081683  0.250000  0.141089 
 0.259901  0.141089  0.200495  0.398515 
 0.408416  0.200495  0.091584  0.299505 
 0.170792  0.339109  0.230198  0.259901 
 0.230198  0.220297  0.388614  0.160891 
 0.150990  0.378713  0.180693  0.289604 
 0.537129  0.081683  0.349010  0.032178 
 0.091584  0.091584  0.111386  0.705446 
 0.398515  0.101485  0.081683  0.418317 
 0.269802  0.121287  0.042079  0.566832 
 0.705446  0.081683  0.121287  0.091584 
 0.616337  0.131188  0.051980  0.200495 
 0.141089  0.131188  0.022277  0.705446 
 0.745050  0.061881  0.160891  0.032178 
 0.349010  0.141089  0.081683  0.428218 
 0.675743  0.150990  0.111386  0.061881 
 0.289604  0.121287  0.210396  0.378713 
 0.467822  0.042079  0.269802  0.220297 
 0.378713  0.101485  0.259901  0.259901 
 0.675743  0.101485  0.180693  0.042079 
 0.438119  0.081683  0.081683  0.398515 
 0.388614  0.101485  0.319307  0.190594 

