MEME version 4

ALPHABET= ACGT

strands: + -

Background letter frequencies
A 0.250000 C 0.250000 G 0.250000 T 0.250000

MOTIF UP00611G_1 PAX6
letter-probability matrix: alength= 4 w= 23 nsites= 100 E= 0
 0.220297  0.220297  0.111386  0.448020 
 0.527228  0.121287  0.160891  0.190594 
 0.032178  0.091584  0.071782  0.804455 
 0.150990  0.131188  0.329208  0.388614 
 0.170792  0.150990  0.428218  0.250000 
 0.586634  0.091584  0.081683  0.240099 
 0.150990  0.230198  0.101485  0.517327 
 0.061881  0.240099  0.566832  0.131188 
 0.160891  0.022277  0.210396  0.606436 
 0.230198  0.032178  0.616337  0.121287 
 0.042079  0.111386  0.022277  0.824257 
 0.051980  0.012376  0.814356  0.121287 
 0.121287  0.814356  0.012376  0.051980 
 0.824257  0.022277  0.111386  0.042079 
 0.121287  0.616337  0.032178  0.230198 
 0.576733  0.170792  0.022277  0.230198 
 0.131188  0.566832  0.240099  0.061881 
 0.250000  0.071782  0.250000  0.428218 
 0.150990  0.111386  0.428218  0.309406 
 0.349010  0.358911  0.091584  0.200495 
 0.111386  0.319307  0.081683  0.487624 
 0.150990  0.121287  0.537129  0.190594 
 0.250000  0.259901  0.111386  0.378713 

