MEME version 4

ALPHABET= ACGT

strands: + -

Background letter frequencies
A 0.250000 C 0.250000 G 0.250000 T 0.250000

MOTIF UP00586C_1 CRX
letter-probability matrix: alength= 4 w= 22 nsites= 100 E= 0
 0.309406  0.150990  0.279703  0.259901 
 0.299505  0.190594  0.329208  0.180693 
 0.299505  0.101485  0.319307  0.279703 
 0.230198  0.071782  0.477723  0.220297 
 0.210396  0.289604  0.150990  0.349010 
 0.160891  0.220297  0.299505  0.319307 
 0.378713  0.240099  0.170792  0.210396 
 0.051980  0.101485  0.695545  0.150990 
 0.556931  0.319307  0.071782  0.051980 
 0.012376  0.002475  0.002475  0.982673 
 0.913366  0.002475  0.012376  0.071782 
 0.992574  0.002475  0.002475  0.002475 
 0.002475  0.002475  0.032178  0.962871 
 0.012376  0.982673  0.002475  0.002475 
 0.002475  0.933168  0.012376  0.051980 
 0.081683  0.487624  0.259901  0.170792 
 0.220297  0.517327  0.131188  0.131188 
 0.180693  0.339109  0.141089  0.339109 
 0.160891  0.180693  0.170792  0.487624 
 0.388614  0.121287  0.141089  0.349010 
 0.240099  0.101485  0.467822  0.190594 
 0.507426  0.071782  0.101485  0.319307 

