MEME version 4

ALPHABET= ACGT

strands: + -

Background letter frequencies
A 0.250000 C 0.250000 G 0.250000 T 0.250000

MOTIF UP00597G_1 HOXD13
letter-probability matrix: alength= 4 w= 22 nsites= 100 E= 0
 0.250000  0.111386  0.141089  0.497525 
 0.259901  0.220297  0.240099  0.279703 
 0.200495  0.210396  0.220297  0.368812 
 0.428218  0.210396  0.170792  0.190594 
 0.349010  0.210396  0.190594  0.250000 
 0.378713  0.170792  0.250000  0.200495 
 0.061881  0.378713  0.081683  0.477723 
 0.012376  0.715347  0.002475  0.269802 
 0.695545  0.081683  0.002475  0.220297 
 0.972772  0.002475  0.012376  0.012376 
 0.002475  0.012376  0.002475  0.982673 
 0.903465  0.002475  0.002475  0.091584 
 0.962871  0.002475  0.002475  0.032178 
 0.972772  0.002475  0.002475  0.022277 
 0.923267  0.032178  0.012376  0.032178 
 0.349010  0.170792  0.091584  0.388614 
 0.240099  0.220297  0.121287  0.418317 
 0.240099  0.438119  0.200495  0.121287 
 0.279703  0.091584  0.220297  0.408416 
 0.319307  0.319307  0.200495  0.160891 
 0.259901  0.210396  0.091584  0.438119 
 0.329208  0.160891  0.131188  0.378713 

