MEME version 4

ALPHABET= ACGT

strands: + -

Background letter frequencies
A 0.250000 C 0.250000 G 0.250000 T 0.250000

MOTIF UP00604E_1 NKX2-5
letter-probability matrix: alength= 4 w= 22 nsites= 100 E= 0
 0.091584  0.230198  0.051980  0.626238 
 0.606436  0.150990  0.071782  0.170792 
 0.655941  0.032178  0.051980  0.259901 
 0.566832  0.101485  0.051980  0.279703 
 0.091584  0.616337  0.042079  0.250000 
 0.378713  0.200495  0.101485  0.319307 
 0.745050  0.061881  0.091584  0.101485 
 0.101485  0.051980  0.042079  0.804455 
 0.457921  0.081683  0.250000  0.210396 
 0.071782  0.101485  0.032178  0.794554 
 0.636139  0.032178  0.071782  0.259901 
 0.438119  0.131188  0.150990  0.279703 
 0.824257  0.022277  0.042079  0.111386 
 0.111386  0.032178  0.042079  0.814356 
 0.240099  0.032178  0.051980  0.675743 
 0.784653  0.081683  0.071782  0.061881 
 0.250000  0.250000  0.170792  0.329208 
 0.121287  0.556931  0.071782  0.250000 
 0.190594  0.131188  0.071782  0.606436 
 0.636139  0.111386  0.032178  0.220297 
 0.715347  0.071782  0.150990  0.061881 
 0.784653  0.061881  0.111386  0.042079 

