MEME version 4

ALPHABET= ACGT

strands: + -

Background letter frequencies
A 0.250000 C 0.250000 G 0.250000 T 0.250000

MOTIF UP00522A_1 FOXN4
letter-probability matrix: alength= 4 w= 22 nsites= 100 E= 0
 0.141089  0.349010  0.329208  0.180693 
 0.131188  0.368812  0.358911  0.141089 
 0.190594  0.131188  0.200495  0.477723 
 0.388614  0.141089  0.279703  0.190594 
 0.081683  0.141089  0.358911  0.418317 
 0.279703  0.111386  0.210396  0.398515 
 0.349010  0.180693  0.329208  0.141089 
 0.725248  0.012376  0.091584  0.170792 
 0.022277  0.081683  0.012376  0.883663 
 0.339109  0.101485  0.556931  0.002475 
 0.002475  0.012376  0.982673  0.002475 
 0.012376  0.982673  0.002475  0.002475 
 0.012376  0.002475  0.972772  0.012376 
 0.002475  0.002475  0.002475  0.992574 
 0.002475  0.972772  0.012376  0.012376 
 0.190594  0.240099  0.150990  0.418317 
 0.101485  0.339109  0.091584  0.467822 
 0.091584  0.190594  0.042079  0.675743 
 0.418317  0.121287  0.111386  0.349010 
 0.230198  0.309406  0.160891  0.299505 
 0.190594  0.091584  0.507426  0.210396 
 0.497525  0.111386  0.061881  0.329208 

