MEME version 4

ALPHABET= ACGT

strands: + -

Background letter frequencies
A 0.250000 C 0.250000 G 0.250000 T 0.250000

MOTIF UP00480A_4 GST-NOTCH1
letter-probability matrix: alength= 4 w= 16 nsites= 100 E= 0
 0.358911  0.141089  0.121287  0.378713 
 0.230198  0.121287  0.101485  0.547030 
 0.309406  0.329208  0.121287  0.240099 
 0.061881  0.626238  0.190594  0.121287 
 0.091584  0.646040  0.101485  0.160891 
 0.299505  0.150990  0.487624  0.061881 
 0.042079  0.022277  0.002475  0.933168 
 0.002475  0.002475  0.992574  0.002475 
 0.091584  0.012376  0.853960  0.042079 
 0.012376  0.002475  0.982673  0.002475 
 0.962871  0.002475  0.012376  0.022277 
 0.844059  0.032178  0.101485  0.022277 
 0.230198  0.566832  0.081683  0.121287 
 0.269802  0.240099  0.121287  0.368812 
 0.497525  0.061881  0.071782  0.368812 
 0.111386  0.170792  0.289604  0.428218 

