MEME version 4

ALPHABET= ACGT

strands: + -

Background letter frequencies
A 0.250000 C 0.250000 G 0.250000 T 0.250000

MOTIF UP00584F_2 ARX
letter-probability matrix: alength= 4 w= 22 nsites= 100 E= 0
 0.349010  0.250000  0.240099  0.160891 
 0.715347  0.101485  0.091584  0.091584 
 0.150990  0.230198  0.279703  0.339109 
 0.319307  0.081683  0.388614  0.210396 
 0.329208  0.131188  0.259901  0.279703 
 0.091584  0.408416  0.180693  0.319307 
 0.279703  0.220297  0.457921  0.042079 
 0.051980  0.735149  0.042079  0.170792 
 0.012376  0.438119  0.012376  0.537129 
 0.972772  0.002475  0.012376  0.012376 
 0.982673  0.002475  0.002475  0.012376 
 0.012376  0.002475  0.002475  0.982673 
 0.012376  0.012376  0.002475  0.972772 
 0.547030  0.012376  0.438119  0.002475 
 0.180693  0.042079  0.725248  0.051980 
 0.071782  0.517327  0.170792  0.240099 
 0.111386  0.160891  0.329208  0.398515 
 0.299505  0.170792  0.368812  0.160891 
 0.289604  0.200495  0.200495  0.309406 
 0.160891  0.131188  0.190594  0.517327 
 0.160891  0.150990  0.467822  0.220297 
 0.398515  0.259901  0.160891  0.180693 

