MEME version 4

ALPHABET= ACGT

strands: + -

Background letter frequencies
A 0.250000 C 0.250000 G 0.250000 T 0.250000

MOTIF UP00606A_1 NR1H4
letter-probability matrix: alength= 4 w= 23 nsites= 100 E= 0
 0.289604  0.438119  0.210396  0.061881 
 0.190594  0.299505  0.180693  0.329208 
 0.388614  0.141089  0.141089  0.329208 
 0.210396  0.160891  0.398515  0.230198 
 0.259901  0.279703  0.319307  0.141089 
 0.299505  0.279703  0.091584  0.329208 
 0.259901  0.319307  0.150990  0.269802 
 0.032178  0.141089  0.042079  0.784653 
 0.428218  0.329208  0.071782  0.170792 
 0.111386  0.012376  0.873762  0.002475 
 0.764851  0.012376  0.220297  0.002475 
 0.002475  0.002475  0.972772  0.022277 
 0.002475  0.002475  0.933168  0.061881 
 0.002475  0.012376  0.002475  0.982673 
 0.002475  0.972772  0.002475  0.022277 
 0.933168  0.002475  0.061881  0.002475 
 0.358911  0.150990  0.022277  0.467822 
 0.279703  0.408416  0.141089  0.170792 
 0.101485  0.349010  0.279703  0.269802 
 0.309406  0.160891  0.210396  0.319307 
 0.388614  0.141089  0.358911  0.111386 
 0.230198  0.289604  0.250000  0.230198 
 0.121287  0.349010  0.170792  0.358911 

