MEME version 4

ALPHABET= ACGT

strands: + -

Background letter frequencies
A 0.250000 C 0.250000 G 0.250000 T 0.250000

MOTIF UP00624B_1 VENTX
letter-probability matrix: alength= 4 w= 23 nsites= 100 E= 0
 0.230198  0.091584  0.081683  0.596535 
 0.279703  0.160891  0.339109  0.220297 
 0.299505  0.259901  0.319307  0.121287 
 0.230198  0.121287  0.448020  0.200495 
 0.448020  0.150990  0.101485  0.299505 
 0.131188  0.250000  0.319307  0.299505 
 0.220297  0.180693  0.457921  0.141089 
 0.160891  0.329208  0.388614  0.121287 
 0.061881  0.230198  0.022277  0.685644 
 0.665842  0.091584  0.160891  0.081683 
 0.814356  0.071782  0.081683  0.032178 
 0.032178  0.081683  0.071782  0.814356 
 0.081683  0.160891  0.091584  0.665842 
 0.685644  0.022277  0.230198  0.061881 
 0.081683  0.180693  0.537129  0.200495 
 0.141089  0.457921  0.180693  0.220297 
 0.477723  0.289604  0.121287  0.111386 
 0.388614  0.141089  0.121287  0.349010 
 0.349010  0.190594  0.220297  0.240099 
 0.368812  0.071782  0.170792  0.388614 
 0.418317  0.131188  0.101485  0.349010 
 0.457921  0.259901  0.061881  0.220297 
 0.467822  0.111386  0.042079  0.378713 

