MEME version 4

ALPHABET= ACGT

strands: + -

Background letter frequencies
A 0.250000 C 0.250000 G 0.250000 T 0.250000

MOTIF UP00617A_1 POU4F3
letter-probability matrix: alength= 4 w= 22 nsites= 100 E= 0
 0.180693  0.061881  0.042079  0.715347 
 0.349010  0.230198  0.220297  0.200495 
 0.358911  0.200495  0.131188  0.309406 
 0.675743  0.131188  0.101485  0.091584 
 0.329208  0.250000  0.339109  0.081683 
 0.180693  0.150990  0.170792  0.497525 
 0.121287  0.042079  0.071782  0.764851 
 0.042079  0.101485  0.022277  0.834158 
 0.952970  0.002475  0.012376  0.032178 
 0.042079  0.002475  0.002475  0.952970 
 0.051980  0.002475  0.032178  0.913366 
 0.913366  0.032178  0.002475  0.051980 
 0.952970  0.002475  0.002475  0.042079 
 0.032178  0.012376  0.002475  0.952970 
 0.844059  0.022277  0.091584  0.042079 
 0.289604  0.259901  0.081683  0.368812 
 0.160891  0.240099  0.220297  0.378713 
 0.091584  0.160891  0.180693  0.566832 
 0.279703  0.081683  0.131188  0.507426 
 0.279703  0.141089  0.131188  0.448020 
 0.576733  0.091584  0.141089  0.190594 
 0.071782  0.299505  0.259901  0.368812 

