MEME version 4

ALPHABET= ACGT

strands: + -

Background letter frequencies
A 0.250000 C 0.250000 G 0.250000 T 0.250000

MOTIF UP00587C_1 EGR2
letter-probability matrix: alength= 4 w= 23 nsites= 100 E= 0
 0.210396  0.339109  0.289604  0.160891 
 0.061881  0.150990  0.378713  0.408416 
 0.319307  0.081683  0.368812  0.230198 
 0.160891  0.150990  0.566832  0.121287 
 0.240099  0.467822  0.160891  0.131188 
 0.269802  0.071782  0.210396  0.448020 
 0.388614  0.032178  0.378713  0.200495 
 0.042079  0.002475  0.933168  0.022277 
 0.022277  0.002475  0.962871  0.012376 
 0.002475  0.002475  0.982673  0.012376 
 0.002475  0.012376  0.784653  0.200495 
 0.012376  0.022277  0.913366  0.051980 
 0.012376  0.022277  0.952970  0.012376 
 0.012376  0.022277  0.943069  0.022277 
 0.111386  0.368812  0.448020  0.071782 
 0.517327  0.032178  0.408416  0.042079 
 0.101485  0.091584  0.715347  0.091584 
 0.259901  0.101485  0.368812  0.269802 
 0.150990  0.279703  0.220297  0.349010 
 0.616337  0.131188  0.141089  0.111386 
 0.250000  0.200495  0.398515  0.150990 
 0.121287  0.190594  0.438119  0.250000 
 0.141089  0.190594  0.259901  0.408416 

