MEME version 4

ALPHABET= ACGT

strands: + -

Background letter frequencies
A 0.250000 C 0.250000 G 0.250000 T 0.250000

MOTIF UP00521A_6 FOXN2
letter-probability matrix: alength= 4 w= 22 nsites= 100 E= 0
 0.210396  0.121287  0.408416  0.259901 
 0.477723  0.150990  0.190594  0.180693 
 0.388614  0.259901  0.101485  0.250000 
 0.220297  0.111386  0.299505  0.368812 
 0.438119  0.091584  0.240099  0.230198 
 0.319307  0.121287  0.141089  0.418317 
 0.220297  0.131188  0.279703  0.368812 
 0.259901  0.012376  0.705446  0.022277 
 0.012376  0.012376  0.002475  0.972772 
 0.863861  0.121287  0.002475  0.012376 
 0.873762  0.071782  0.002475  0.051980 
 0.982673  0.002475  0.002475  0.012376 
 0.002475  0.943069  0.002475  0.051980 
 0.952970  0.002475  0.012376  0.032178 
 0.794554  0.042079  0.032178  0.131188 
 0.210396  0.240099  0.091584  0.457921 
 0.150990  0.160891  0.111386  0.576733 
 0.279703  0.220297  0.319307  0.180693 
 0.091584  0.398515  0.210396  0.299505 
 0.368812  0.230198  0.250000  0.150990 
 0.150990  0.289604  0.180693  0.378713 
 0.319307  0.170792  0.121287  0.388614 

