MEME version 4

ALPHABET= ACGT

strands: + -

Background letter frequencies
A 0.250000 C 0.250000 G 0.250000 T 0.250000

MOTIF UP00592B_1 GFI1B
letter-probability matrix: alength= 4 w= 23 nsites= 100 E= 0
 0.230198  0.071782  0.309406  0.388614 
 0.200495  0.071782  0.150990  0.576733 
 0.230198  0.160891  0.319307  0.289604 
 0.368812  0.200495  0.131188  0.299505 
 0.131188  0.190594  0.121287  0.556931 
 0.299505  0.081683  0.467822  0.150990 
 0.141089  0.160891  0.250000  0.448020 
 0.923267  0.032178  0.022277  0.022277 
 0.972772  0.002475  0.002475  0.022277 
 0.992574  0.002475  0.002475  0.002475 
 0.002475  0.012376  0.002475  0.982673 
 0.012376  0.982673  0.002475  0.002475 
 0.121287  0.012376  0.012376  0.853960 
 0.012376  0.101485  0.863861  0.022277 
 0.250000  0.042079  0.497525  0.210396 
 0.299505  0.220297  0.309406  0.170792 
 0.081683  0.715347  0.071782  0.131188 
 0.170792  0.250000  0.170792  0.408416 
 0.190594  0.378713  0.329208  0.101485 
 0.279703  0.240099  0.210396  0.269802 
 0.121287  0.269802  0.457921  0.150990 
 0.170792  0.150990  0.289604  0.388614 
 0.527228  0.131188  0.170792  0.170792 

