MEME version 4

ALPHABET= ACGT

strands: + -

Background letter frequencies
A 0.250000 C 0.250000 G 0.250000 T 0.250000

MOTIF UP00613B_1 PBX4
letter-probability matrix: alength= 4 w= 22 nsites= 100 E= 0
 0.319307  0.220297  0.240099  0.220297 
 0.547030  0.170792  0.061881  0.220297 
 0.150990  0.190594  0.299505  0.358911 
 0.319307  0.141089  0.378713  0.160891 
 0.210396  0.259901  0.269802  0.259901 
 0.180693  0.299505  0.170792  0.349010 
 0.339109  0.170792  0.240099  0.250000 
 0.081683  0.665842  0.032178  0.220297 
 0.061881  0.022277  0.091584  0.824257 
 0.923267  0.012376  0.022277  0.042079 
 0.952970  0.022277  0.012376  0.012376 
 0.012376  0.012376  0.022277  0.952970 
 0.042079  0.022277  0.012376  0.923267 
 0.824257  0.091584  0.022277  0.061881 
 0.220297  0.032178  0.665842  0.081683 
 0.309406  0.240099  0.150990  0.299505 
 0.339109  0.150990  0.279703  0.230198 
 0.180693  0.537129  0.220297  0.061881 
 0.180693  0.349010  0.160891  0.309406 
 0.279703  0.428218  0.150990  0.141089 
 0.150990  0.368812  0.309406  0.170792 
 0.269802  0.279703  0.091584  0.358911 

