MEME version 4

ALPHABET= ACGT

strands: + -

Background letter frequencies
A 0.250000 C 0.250000 G 0.250000 T 0.250000

MOTIF UP00483A_1 MAML1-CSL-GST-NOTCH4
letter-probability matrix: alength= 4 w= 23 nsites= 100 E= 0
 0.141089  0.141089  0.230198  0.487624 
 0.190594  0.309406  0.230198  0.269802 
 0.170792  0.121287  0.299505  0.408416 
 0.398515  0.141089  0.289604  0.170792 
 0.378713  0.289604  0.150990  0.180693 
 0.408416  0.150990  0.180693  0.259901 
 0.289604  0.358911  0.081683  0.269802 
 0.160891  0.467822  0.150990  0.220297 
 0.259901  0.319307  0.368812  0.051980 
 0.032178  0.042079  0.012376  0.913366 
 0.012376  0.002475  0.982673  0.002475 
 0.180693  0.012376  0.725248  0.081683 
 0.012376  0.002475  0.972772  0.012376 
 0.972772  0.002475  0.012376  0.012376 
 0.824257  0.042079  0.111386  0.022277 
 0.230198  0.497525  0.061881  0.210396 
 0.200495  0.428218  0.190594  0.180693 
 0.279703  0.339109  0.230198  0.150990 
 0.190594  0.329208  0.250000  0.230198 
 0.279703  0.141089  0.230198  0.349010 
 0.438119  0.150990  0.180693  0.230198 
 0.289604  0.111386  0.259901  0.339109 
 0.141089  0.101485  0.655941  0.101485 

