MEME version 4

ALPHABET= ACGT

strands: + -

Background letter frequencies
A 0.250000 C 0.250000 G 0.250000 T 0.250000

MOTIF UP00627C_1 WT1
letter-probability matrix: alength= 4 w= 23 nsites= 100 E= 0
 0.081683  0.061881  0.081683  0.774752 
 0.329208  0.071782  0.190594  0.408416 
 0.160891  0.071782  0.141089  0.626238 
 0.061881  0.081683  0.101485  0.754950 
 0.259901  0.160891  0.141089  0.438119 
 0.467822  0.220297  0.190594  0.121287 
 0.438119  0.131188  0.071782  0.358911 
 0.853960  0.042079  0.061881  0.042079 
 0.071782  0.032178  0.071782  0.824257 
 0.754950  0.032178  0.022277  0.190594 
 0.329208  0.349010  0.141089  0.180693 
 0.784653  0.022277  0.160891  0.032178 
 0.388614  0.101485  0.160891  0.349010 
 0.834158  0.022277  0.101485  0.042079 
 0.042079  0.061881  0.012376  0.883663 
 0.863861  0.051980  0.022277  0.061881 
 0.745050  0.051980  0.081683  0.121287 
 0.408416  0.121287  0.071782  0.398515 
 0.309406  0.200495  0.160891  0.329208 
 0.210396  0.042079  0.071782  0.675743 
 0.329208  0.259901  0.121287  0.289604 
 0.180693  0.022277  0.428218  0.368812 
 0.032178  0.061881  0.853960  0.051980 

