MEME version 4

ALPHABET= ACGT

strands: + -

Background letter frequencies
A 0.250000 C 0.250000 G 0.250000 T 0.250000

MOTIF UP00596C_2 HOXC4
letter-probability matrix: alength= 4 w= 23 nsites= 100 E= 0
 0.368812  0.042079  0.071782  0.517327 
 0.220297  0.200495  0.190594  0.388614 
 0.438119  0.289604  0.061881  0.210396 
 0.220297  0.220297  0.071782  0.487624 
 0.467822  0.121287  0.190594  0.220297 
 0.259901  0.190594  0.240099  0.309406 
 0.131188  0.042079  0.675743  0.150990 
 0.111386  0.081683  0.388614  0.418317 
 0.012376  0.081683  0.002475  0.903465 
 0.903465  0.071782  0.012376  0.012376 
 0.962871  0.012376  0.002475  0.022277 
 0.022277  0.002475  0.012376  0.962871 
 0.012376  0.012376  0.071782  0.903465 
 0.903465  0.002475  0.081683  0.012376 
 0.309406  0.269802  0.131188  0.289604 
 0.150990  0.675743  0.042079  0.131188 
 0.378713  0.269802  0.042079  0.309406 
 0.279703  0.358911  0.081683  0.279703 
 0.685644  0.061881  0.091584  0.160891 
 0.319307  0.091584  0.299505  0.289604 
 0.507426  0.061881  0.081683  0.349010 
 0.616337  0.190594  0.071782  0.121287 
 0.467822  0.180693  0.160891  0.190594 

