MEME version 4

ALPHABET= ACGT

strands: + -

Background letter frequencies
A 0.250000 C 0.250000 G 0.250000 T 0.250000

MOTIF UP00597H_1 HOXD13
letter-probability matrix: alength= 4 w= 22 nsites= 100 E= 0
 0.131188  0.210396  0.269802  0.388614 
 0.240099  0.160891  0.269802  0.329208 
 0.170792  0.289604  0.339109  0.200495 
 0.309406  0.269802  0.190594  0.230198 
 0.309406  0.200495  0.259901  0.230198 
 0.230198  0.329208  0.210396  0.230198 
 0.121287  0.358911  0.131188  0.388614 
 0.012376  0.675743  0.002475  0.309406 
 0.764851  0.111386  0.002475  0.121287 
 0.952970  0.002475  0.032178  0.012376 
 0.002475  0.022277  0.002475  0.972772 
 0.863861  0.002475  0.012376  0.121287 
 0.933168  0.002475  0.002475  0.061881 
 0.972772  0.002475  0.002475  0.022277 
 0.883663  0.042079  0.032178  0.042079 
 0.259901  0.111386  0.071782  0.556931 
 0.309406  0.200495  0.170792  0.319307 
 0.279703  0.339109  0.170792  0.210396 
 0.339109  0.180693  0.240099  0.240099 
 0.378713  0.269802  0.259901  0.091584 
 0.220297  0.230198  0.091584  0.457921 
 0.220297  0.180693  0.210396  0.388614 

