MEME version 4

ALPHABET= ACGT

strands: + -

Background letter frequencies
A 0.250000 C 0.250000 G 0.250000 T 0.250000

MOTIF UP00626C_1 VSX2
letter-probability matrix: alength= 4 w= 22 nsites= 100 E= 0
 0.150990  0.111386  0.121287  0.616337 
 0.438119  0.250000  0.131188  0.180693 
 0.329208  0.309406  0.210396  0.150990 
 0.398515  0.398515  0.091584  0.111386 
 0.329208  0.200495  0.220297  0.250000 
 0.269802  0.457921  0.081683  0.190594 
 0.358911  0.259901  0.279703  0.101485 
 0.022277  0.032178  0.012376  0.933168 
 0.012376  0.042079  0.002475  0.943069 
 0.972772  0.012376  0.002475  0.012376 
 0.972772  0.002475  0.012376  0.012376 
 0.012376  0.012376  0.002475  0.972772 
 0.012376  0.002475  0.012376  0.972772 
 0.943069  0.002475  0.042079  0.012376 
 0.923267  0.012376  0.042079  0.022277 
 0.091584  0.190594  0.259901  0.457921 
 0.418317  0.101485  0.160891  0.319307 
 0.309406  0.081683  0.448020  0.160891 
 0.230198  0.071782  0.150990  0.547030 
 0.319307  0.269802  0.180693  0.230198 
 0.240099  0.101485  0.230198  0.428218 
 0.230198  0.111386  0.428218  0.230198 

