MEME version 4

ALPHABET= ACGT

strands: + -

Background letter frequencies
A 0.250000 C 0.250000 G 0.250000 T 0.250000

MOTIF UP00523A_2 FOXR1
letter-probability matrix: alength= 4 w= 23 nsites= 100 E= 0
 0.230198  0.398515  0.150990  0.220297 
 0.339109  0.418317  0.121287  0.121287 
 0.131188  0.368812  0.200495  0.299505 
 0.408416  0.388614  0.091584  0.111386 
 0.269802  0.289604  0.289604  0.150990 
 0.131188  0.299505  0.220297  0.349010 
 0.240099  0.091584  0.250000  0.418317 
 0.715347  0.061881  0.180693  0.042079 
 0.299505  0.061881  0.527228  0.111386 
 0.111386  0.071782  0.814356  0.002475 
 0.962871  0.012376  0.012376  0.012376 
 0.032178  0.943069  0.002475  0.022277 
 0.012376  0.012376  0.972772  0.002475 
 0.012376  0.972772  0.012376  0.002475 
 0.012376  0.814356  0.032178  0.141089 
 0.784653  0.012376  0.190594  0.012376 
 0.537129  0.091584  0.230198  0.141089 
 0.319307  0.279703  0.279703  0.121287 
 0.349010  0.101485  0.180693  0.368812 
 0.210396  0.230198  0.358911  0.200495 
 0.537129  0.190594  0.131188  0.141089 
 0.190594  0.487624  0.269802  0.051980 
 0.230198  0.141089  0.487624  0.141089 

