MEME version 4

ALPHABET= ACGT

strands: + -

Background letter frequencies
A 0.250000 C 0.250000 G 0.250000 T 0.250000

MOTIF UP00615C_2 PITX2
letter-probability matrix: alength= 4 w= 23 nsites= 100 E= 0
 0.230198  0.071782  0.477723  0.220297 
 0.210396  0.309406  0.170792  0.309406 
 0.071782  0.081683  0.289604  0.556931 
 0.279703  0.141089  0.230198  0.349010 
 0.596535  0.081683  0.210396  0.111386 
 0.675743  0.160891  0.071782  0.091584 
 0.745050  0.032178  0.111386  0.111386 
 0.250000  0.349010  0.250000  0.150990 
 0.051980  0.012376  0.923267  0.012376 
 0.022277  0.012376  0.933168  0.032178 
 0.943069  0.042079  0.012376  0.002475 
 0.012376  0.012376  0.002475  0.972772 
 0.012376  0.012376  0.002475  0.972772 
 0.933168  0.002475  0.012376  0.051980 
 0.665842  0.032178  0.210396  0.091584 
 0.170792  0.051980  0.042079  0.735149 
 0.339109  0.368812  0.101485  0.190594 
 0.378713  0.081683  0.160891  0.378713 
 0.200495  0.061881  0.220297  0.517327 
 0.150990  0.121287  0.616337  0.111386 
 0.378713  0.358911  0.121287  0.141089 
 0.289604  0.259901  0.309406  0.141089 
 0.517327  0.121287  0.111386  0.250000 

