MEME version 4

ALPHABET= ACGT

strands: + -

Background letter frequencies
A 0.250000 C 0.250000 G 0.250000 T 0.250000

MOTIF UP00597F_1 HOXD13
letter-probability matrix: alength= 4 w= 22 nsites= 100 E= 0
 0.230198  0.240099  0.121287  0.408416 
 0.289604  0.131188  0.299505  0.279703 
 0.190594  0.349010  0.210396  0.250000 
 0.240099  0.398515  0.121287  0.240099 
 0.388614  0.160891  0.240099  0.210396 
 0.180693  0.150990  0.358911  0.309406 
 0.299505  0.418317  0.141089  0.141089 
 0.111386  0.002475  0.863861  0.022277 
 0.012376  0.022277  0.002475  0.962871 
 0.972772  0.022277  0.002475  0.002475 
 0.002475  0.339109  0.002475  0.655941 
 0.923267  0.002475  0.002475  0.071782 
 0.962871  0.002475  0.002475  0.032178 
 0.972772  0.012376  0.002475  0.012376 
 0.853960  0.051980  0.032178  0.061881 
 0.230198  0.230198  0.259901  0.279703 
 0.309406  0.160891  0.160891  0.368812 
 0.349010  0.259901  0.121287  0.269802 
 0.388614  0.170792  0.200495  0.240099 
 0.329208  0.160891  0.091584  0.418317 
 0.398515  0.200495  0.081683  0.319307 
 0.319307  0.170792  0.368812  0.141089 

