MEME version 4

ALPHABET= ACGT

strands: + -

Background letter frequencies
A 0.250000 C 0.250000 G 0.250000 T 0.250000

MOTIF UP00627A_1 WT1
letter-probability matrix: alength= 4 w= 23 nsites= 100 E= 0
 0.655941  0.101485  0.091584  0.150990 
 0.527228  0.180693  0.131188  0.160891 
 0.250000  0.160891  0.111386  0.477723 
 0.507426  0.210396  0.051980  0.230198 
 0.299505  0.240099  0.051980  0.408416 
 0.309406  0.121287  0.051980  0.517327 
 0.388614  0.339109  0.101485  0.170792 
 0.091584  0.834158  0.012376  0.061881 
 0.032178  0.170792  0.141089  0.655941 
 0.012376  0.972772  0.002475  0.012376 
 0.002475  0.962871  0.002475  0.032178 
 0.002475  0.962871  0.002475  0.032178 
 0.180693  0.814356  0.002475  0.002475 
 0.012376  0.972772  0.002475  0.012376 
 0.339109  0.081683  0.556931  0.022277 
 0.061881  0.804455  0.032178  0.101485 
 0.487624  0.141089  0.210396  0.160891 
 0.170792  0.349010  0.091584  0.388614 
 0.160891  0.210396  0.141089  0.487624 
 0.121287  0.388614  0.091584  0.398515 
 0.269802  0.299505  0.279703  0.150990 
 0.368812  0.250000  0.141089  0.240099 
 0.339109  0.418317  0.121287  0.121287 

