MEME version 4

ALPHABET= ACGT

strands: + -

Background letter frequencies
A 0.250000 C 0.250000 G 0.250000 T 0.250000

MOTIF UP00607B_1 NR2E3
letter-probability matrix: alength= 4 w= 23 nsites= 100 E= 0
 0.289604  0.061881  0.477723  0.170792 
 0.378713  0.071782  0.170792  0.378713 
 0.388614  0.180693  0.150990  0.279703 
 0.527228  0.101485  0.160891  0.210396 
 0.210396  0.131188  0.547030  0.111386 
 0.378713  0.170792  0.269802  0.180693 
 0.547030  0.210396  0.022277  0.220297 
 0.121287  0.012376  0.576733  0.289604 
 0.022277  0.012376  0.952970  0.012376 
 0.032178  0.012376  0.943069  0.012376 
 0.754950  0.012376  0.220297  0.012376 
 0.012376  0.012376  0.012376  0.962871 
 0.012376  0.933168  0.002475  0.051980 
 0.962871  0.002475  0.022277  0.012376 
 0.319307  0.349010  0.071782  0.259901 
 0.418317  0.131188  0.358911  0.091584 
 0.180693  0.319307  0.190594  0.309406 
 0.180693  0.319307  0.309406  0.190594 
 0.200495  0.448020  0.240099  0.111386 
 0.477723  0.111386  0.319307  0.091584 
 0.200495  0.170792  0.556931  0.071782 
 0.477723  0.180693  0.071782  0.269802 
 0.319307  0.299505  0.200495  0.180693 

