MEME version 4

ALPHABET= ACGT

strands: + -

Background letter frequencies
A 0.250000 C 0.250000 G 0.250000 T 0.250000

MOTIF UP00620A_1 SIX6
letter-probability matrix: alength= 4 w= 22 nsites= 100 E= 0
 0.428218  0.279703  0.180693  0.111386 
 0.398515  0.091584  0.190594  0.319307 
 0.170792  0.170792  0.358911  0.299505 
 0.428218  0.141089  0.378713  0.051980 
 0.655941  0.141089  0.170792  0.032178 
 0.180693  0.190594  0.329208  0.299505 
 0.230198  0.022277  0.735149  0.012376 
 0.012376  0.012376  0.141089  0.834158 
 0.933168  0.012376  0.051980  0.002475 
 0.012376  0.002475  0.002475  0.982673 
 0.012376  0.962871  0.002475  0.022277 
 0.754950  0.022277  0.170792  0.051980 
 0.418317  0.190594  0.051980  0.339109 
 0.210396  0.190594  0.091584  0.507426 
 0.061881  0.042079  0.467822  0.428218 
 0.616337  0.160891  0.121287  0.101485 
 0.150990  0.250000  0.250000  0.349010 
 0.141089  0.457921  0.111386  0.289604 
 0.160891  0.556931  0.200495  0.081683 
 0.121287  0.121287  0.695545  0.061881 
 0.408416  0.141089  0.319307  0.131188 
 0.250000  0.150990  0.457921  0.141089 

