MEME version 4

ALPHABET= ACGT

strands: + -

Background letter frequencies
A 0.250000 C 0.250000 G 0.250000 T 0.250000

MOTIF UP00584C_2 ARX
letter-probability matrix: alength= 4 w= 22 nsites= 100 E= 0
 0.230198  0.101485  0.329208  0.339109 
 0.448020  0.220297  0.160891  0.170792 
 0.309406  0.259901  0.349010  0.081683 
 0.408416  0.180693  0.150990  0.259901 
 0.230198  0.259901  0.309406  0.200495 
 0.428218  0.131188  0.279703  0.160891 
 0.190594  0.358911  0.349010  0.101485 
 0.032178  0.814356  0.042079  0.111386 
 0.002475  0.398515  0.012376  0.586634 
 0.933168  0.051980  0.012376  0.002475 
 0.982673  0.002475  0.012376  0.002475 
 0.002475  0.012376  0.002475  0.982673 
 0.002475  0.012376  0.051980  0.933168 
 0.586634  0.012376  0.398515  0.002475 
 0.121287  0.032178  0.814356  0.032178 
 0.042079  0.250000  0.200495  0.507426 
 0.071782  0.368812  0.160891  0.398515 
 0.160891  0.339109  0.368812  0.131188 
 0.329208  0.339109  0.131188  0.200495 
 0.309406  0.210396  0.250000  0.230198 
 0.180693  0.210396  0.279703  0.329208 
 0.408416  0.141089  0.240099  0.210396 

