MEME version 4

ALPHABET= ACGT

strands: + -

Background letter frequencies
A 0.250000 C 0.250000 G 0.250000 T 0.250000

MOTIF UP00522A_3 FOXN4
letter-probability matrix: alength= 4 w= 22 nsites= 100 E= 0
 0.299505  0.101485  0.339109  0.259901 
 0.141089  0.200495  0.556931  0.101485 
 0.566832  0.220297  0.081683  0.131188 
 0.388614  0.289604  0.210396  0.111386 
 0.190594  0.477723  0.240099  0.091584 
 0.121287  0.497525  0.200495  0.180693 
 0.071782  0.091584  0.556931  0.279703 
 0.418317  0.299505  0.269802  0.012376 
 0.150990  0.705446  0.071782  0.071782 
 0.002475  0.012376  0.972772  0.012376 
 0.032178  0.962871  0.002475  0.002475 
 0.032178  0.012376  0.863861  0.091584 
 0.022277  0.071782  0.022277  0.883663 
 0.111386  0.784653  0.032178  0.071782 
 0.358911  0.418317  0.131188  0.091584 
 0.408416  0.319307  0.190594  0.081683 
 0.269802  0.250000  0.289604  0.190594 
 0.210396  0.299505  0.051980  0.438119 
 0.250000  0.111386  0.467822  0.170792 
 0.101485  0.309406  0.190594  0.398515 
 0.150990  0.586634  0.160891  0.101485 
 0.220297  0.091584  0.378713  0.309406 

