MEME version 4

ALPHABET= ACGT

strands: + -

Background letter frequencies
A 0.250000 C 0.250000 G 0.250000 T 0.250000

MOTIF UP00185A_1 Pbx1
letter-probability matrix: alength= 4 w= 17 nsites= 1.01 E= 0
 0.626866  0.124378  0.124378  0.124378 
 0.626866  0.124378  0.124378  0.124378 
 0.626866  0.124378  0.124378  0.124378 
 0.626866  0.124378  0.124378  0.124378 
 0.626866  0.124378  0.124378  0.124378 
 0.124378  0.626866  0.124378  0.124378 
 0.626866  0.124378  0.124378  0.124378 
 0.124378  0.124378  0.124378  0.626866 
 0.124378  0.626866  0.124378  0.124378 
 0.626866  0.124378  0.124378  0.124378 
 0.626866  0.124378  0.124378  0.124378 
 0.124378  0.124378  0.124378  0.626866 
 0.626866  0.124378  0.124378  0.124378 
 0.626866  0.124378  0.124378  0.124378 
 0.626866  0.124378  0.124378  0.124378 
 0.626866  0.124378  0.124378  0.124378 
 0.626866  0.124378  0.124378  0.124378 

