MEME version 4

ALPHABET= ACGT

strands: + -

Background letter frequencies
A 0.250000 C 0.250000 G 0.250000 T 0.250000

MOTIF UP00029A_1 TBP
letter-probability matrix: alength= 4 w= 16 nsites= 100 E= 0
 0.220297  0.269802  0.220297  0.289604 
 0.131188  0.398515  0.121287  0.349010 
 0.289604  0.230198  0.121287  0.358911 
 0.378713  0.101485  0.111386  0.408416 
 0.269802  0.042079  0.022277  0.665842 
 0.646040  0.012376  0.012376  0.329208 
 0.081683  0.012376  0.002475  0.903465 
 0.764851  0.002475  0.002475  0.230198 
 0.230198  0.002475  0.002475  0.764851 
 0.903465  0.002475  0.012376  0.081683 
 0.339109  0.012376  0.012376  0.636139 
 0.665842  0.022277  0.042079  0.269802 
 0.467822  0.111386  0.101485  0.319307 
 0.368812  0.289604  0.101485  0.240099 
 0.200495  0.131188  0.220297  0.448020 
 0.349010  0.220297  0.230198  0.200495 

