MEME version 4

ALPHABET= ACGT

strands: + -

Background letter frequencies
A 0.250000 C 0.250000 G 0.250000 T 0.250000

MOTIF UP00589E_1 FOXC1
letter-probability matrix: alength= 4 w= 23 nsites= 100 E= 0
 0.279703  0.349010  0.071782  0.299505 
 0.299505  0.210396  0.279703  0.210396 
 0.220297  0.269802  0.160891  0.349010 
 0.230198  0.190594  0.170792  0.408416 
 0.289604  0.329208  0.220297  0.160891 
 0.269802  0.210396  0.061881  0.457921 
 0.230198  0.457921  0.150990  0.160891 
 0.101485  0.111386  0.180693  0.606436 
 0.160891  0.319307  0.121287  0.398515 
 0.131188  0.190594  0.071782  0.606436 
 0.279703  0.190594  0.121287  0.408416 
 0.279703  0.507426  0.101485  0.111386 
 0.160891  0.210396  0.527228  0.101485 
 0.200495  0.111386  0.051980  0.636139 
 0.606436  0.160891  0.091584  0.141089 
 0.576733  0.180693  0.101485  0.141089 
 0.368812  0.160891  0.200495  0.269802 
 0.616337  0.091584  0.111386  0.180693 
 0.329208  0.131188  0.180693  0.358911 
 0.230198  0.190594  0.170792  0.408416 
 0.279703  0.180693  0.269802  0.269802 
 0.220297  0.101485  0.220297  0.457921 
 0.507426  0.141089  0.250000  0.101485 

