MEME version 4

ALPHABET= ACGT

strands: + -

Background letter frequencies
A 0.250000 C 0.250000 G 0.250000 T 0.250000

MOTIF UP00620B_1 SIX6
letter-probability matrix: alength= 4 w= 22 nsites= 100 E= 0
 0.279703  0.141089  0.220297  0.358911 
 0.200495  0.160891  0.101485  0.537129 
 0.418317  0.180693  0.200495  0.200495 
 0.289604  0.200495  0.091584  0.418317 
 0.309406  0.289604  0.081683  0.319307 
 0.537129  0.160891  0.141089  0.160891 
 0.230198  0.111386  0.250000  0.408416 
 0.368812  0.101485  0.507426  0.022277 
 0.190594  0.091584  0.616337  0.101485 
 0.349010  0.022277  0.626238  0.002475 
 0.012376  0.002475  0.121287  0.863861 
 0.933168  0.002475  0.061881  0.002475 
 0.012376  0.002475  0.002475  0.982673 
 0.012376  0.923267  0.002475  0.061881 
 0.844059  0.022277  0.111386  0.022277 
 0.358911  0.250000  0.051980  0.339109 
 0.378713  0.210396  0.091584  0.319307 
 0.091584  0.091584  0.081683  0.735149 
 0.764851  0.061881  0.081683  0.091584 
 0.408416  0.309406  0.180693  0.101485 
 0.101485  0.250000  0.111386  0.537129 
 0.467822  0.289604  0.111386  0.131188 

