MEME version 4

ALPHABET= ACGT

strands: + -

Background letter frequencies
A 0.250000 C 0.250000 G 0.250000 T 0.250000

MOTIF UP00586D_1 CRX
letter-probability matrix: alength= 4 w= 23 nsites= 100 E= 0
 0.230198  0.200495  0.111386  0.457921 
 0.358911  0.071782  0.131188  0.438119 
 0.259901  0.111386  0.170792  0.457921 
 0.299505  0.210396  0.220297  0.269802 
 0.497525  0.180693  0.141089  0.180693 
 0.358911  0.190594  0.141089  0.309406 
 0.091584  0.279703  0.418317  0.210396 
 0.051980  0.032178  0.883663  0.032178 
 0.022277  0.012376  0.943069  0.022277 
 0.883663  0.091584  0.002475  0.022277 
 0.032178  0.002475  0.002475  0.962871 
 0.824257  0.012376  0.022277  0.141089 
 0.962871  0.002475  0.002475  0.032178 
 0.022277  0.002475  0.091584  0.883663 
 0.032178  0.933168  0.012376  0.022277 
 0.032178  0.883663  0.032178  0.051980 
 0.230198  0.487624  0.230198  0.051980 
 0.329208  0.250000  0.101485  0.319307 
 0.101485  0.200495  0.141089  0.556931 
 0.180693  0.259901  0.081683  0.477723 
 0.428218  0.170792  0.081683  0.319307 
 0.507426  0.299505  0.061881  0.131188 
 0.408416  0.329208  0.091584  0.170792 

