MEME version 4

ALPHABET= ACGT

strands: + -

Background letter frequencies
A 0.250000 C 0.250000 G 0.250000 T 0.250000

MOTIF UP00610C_2 PAX4
letter-probability matrix: alength= 4 w= 22 nsites= 100 E= 0
 0.586634  0.190594  0.081683  0.141089 
 0.477723  0.131188  0.170792  0.220297 
 0.081683  0.111386  0.378713  0.428218 
 0.438119  0.111386  0.091584  0.358911 
 0.180693  0.220297  0.517327  0.081683 
 0.190594  0.349010  0.279703  0.180693 
 0.299505  0.220297  0.190594  0.289604 
 0.022277  0.527228  0.022277  0.428218 
 0.071782  0.051980  0.032178  0.844059 
 0.952970  0.012376  0.022277  0.012376 
 0.972772  0.002475  0.012376  0.012376 
 0.012376  0.012376  0.002475  0.972772 
 0.012376  0.022277  0.012376  0.952970 
 0.844059  0.032178  0.051980  0.071782 
 0.428218  0.022277  0.527228  0.022277 
 0.210396  0.388614  0.131188  0.269802 
 0.190594  0.240099  0.398515  0.170792 
 0.150990  0.408416  0.368812  0.071782 
 0.438119  0.230198  0.200495  0.131188 
 0.180693  0.537129  0.111386  0.170792 
 0.170792  0.319307  0.259901  0.250000 
 0.388614  0.200495  0.091584  0.319307 

