MEME version 4

ALPHABET= ACGT

strands: + -

Background letter frequencies
A 0.250000 C 0.250000 G 0.250000 T 0.250000

MOTIF UP00584D_1 ARX
letter-probability matrix: alength= 4 w= 22 nsites= 100 E= 0
 0.131188  0.071782  0.061881  0.735149 
 0.368812  0.101485  0.289604  0.240099 
 0.418317  0.150990  0.279703  0.150990 
 0.180693  0.200495  0.289604  0.329208 
 0.319307  0.081683  0.319307  0.279703 
 0.180693  0.230198  0.418317  0.170792 
 0.091584  0.299505  0.339109  0.269802 
 0.477723  0.180693  0.150990  0.190594 
 0.042079  0.289604  0.022277  0.646040 
 0.596535  0.091584  0.240099  0.071782 
 0.646040  0.032178  0.240099  0.081683 
 0.081683  0.240099  0.032178  0.646040 
 0.071782  0.240099  0.091584  0.596535 
 0.646040  0.022277  0.289604  0.042079 
 0.190594  0.150990  0.180693  0.477723 
 0.269802  0.150990  0.170792  0.408416 
 0.299505  0.210396  0.358911  0.131188 
 0.269802  0.368812  0.180693  0.180693 
 0.150990  0.180693  0.200495  0.467822 
 0.388614  0.170792  0.032178  0.408416 
 0.279703  0.141089  0.269802  0.309406 
 0.438119  0.012376  0.190594  0.358911 

