MEME version 4

ALPHABET= ACGT

strands: + -

Background letter frequencies
A 0.250000 C 0.250000 G 0.250000 T 0.250000

MOTIF UP00584A_1 ARX
letter-probability matrix: alength= 4 w= 22 nsites= 100 E= 0
 0.101485  0.210396  0.081683  0.606436 
 0.250000  0.240099  0.329208  0.180693 
 0.289604  0.289604  0.160891  0.259901 
 0.368812  0.220297  0.240099  0.170792 
 0.240099  0.220297  0.131188  0.408416 
 0.358911  0.309406  0.250000  0.081683 
 0.200495  0.438119  0.279703  0.081683 
 0.032178  0.507426  0.042079  0.418317 
 0.032178  0.121287  0.002475  0.844059 
 0.943069  0.012376  0.042079  0.002475 
 0.972772  0.002475  0.012376  0.012376 
 0.012376  0.012376  0.002475  0.972772 
 0.002475  0.042079  0.012376  0.943069 
 0.844059  0.002475  0.121287  0.032178 
 0.408416  0.042079  0.507426  0.042079 
 0.150990  0.160891  0.329208  0.358911 
 0.111386  0.210396  0.081683  0.596535 
 0.319307  0.150990  0.220297  0.309406 
 0.220297  0.160891  0.180693  0.438119 
 0.388614  0.339109  0.111386  0.160891 
 0.170792  0.141089  0.230198  0.457921 
 0.240099  0.200495  0.230198  0.329208 

