MEME version 4

ALPHABET= ACGT

strands: + -

Background letter frequencies
A 0.250000 C 0.250000 G 0.250000 T 0.250000

MOTIF UP00591A_1 GFI1
letter-probability matrix: alength= 4 w= 23 nsites= 100 E= 0
 0.091584  0.111386  0.507426  0.289604 
 0.428218  0.200495  0.121287  0.250000 
 0.487624  0.141089  0.131188  0.240099 
 0.210396  0.131188  0.170792  0.487624 
 0.408416  0.150990  0.240099  0.200495 
 0.131188  0.180693  0.220297  0.467822 
 0.319307  0.309406  0.131188  0.240099 
 0.735149  0.091584  0.022277  0.150990 
 0.972772  0.002475  0.002475  0.022277 
 0.972772  0.002475  0.012376  0.012376 
 0.002475  0.002475  0.012376  0.982673 
 0.012376  0.982673  0.002475  0.002475 
 0.685644  0.012376  0.002475  0.299505 
 0.071782  0.695545  0.220297  0.012376 
 0.269802  0.032178  0.220297  0.477723 
 0.121287  0.022277  0.745050  0.111386 
 0.180693  0.438119  0.170792  0.210396 
 0.497525  0.180693  0.131188  0.190594 
 0.160891  0.101485  0.190594  0.547030 
 0.240099  0.230198  0.269802  0.259901 
 0.398515  0.081683  0.190594  0.329208 
 0.299505  0.121287  0.349010  0.230198 
 0.339109  0.180693  0.220297  0.259901 

