MEME version 4

ALPHABET= ACGT

strands: + -

Background letter frequencies
A 0.250000 C 0.250000 G 0.250000 T 0.250000

MOTIF UP00521A_2 FOXN2
letter-probability matrix: alength= 4 w= 22 nsites= 100 E= 0
 0.339109  0.299505  0.180693  0.180693 
 0.250000  0.220297  0.289604  0.240099 
 0.170792  0.042079  0.210396  0.576733 
 0.339109  0.012376  0.418317  0.230198 
 0.200495  0.319307  0.200495  0.279703 
 0.141089  0.190594  0.457921  0.210396 
 0.804455  0.032178  0.091584  0.071782 
 0.131188  0.358911  0.071782  0.438119 
 0.160891  0.675743  0.150990  0.012376 
 0.002475  0.002475  0.992574  0.002475 
 0.012376  0.972772  0.002475  0.012376 
 0.012376  0.002475  0.972772  0.012376 
 0.012376  0.002475  0.012376  0.972772 
 0.002475  0.962871  0.012376  0.022277 
 0.339109  0.299505  0.210396  0.150990 
 0.071782  0.121287  0.012376  0.794554 
 0.250000  0.190594  0.279703  0.279703 
 0.566832  0.101485  0.170792  0.160891 
 0.497525  0.071782  0.081683  0.349010 
 0.467822  0.071782  0.131188  0.329208 
 0.408416  0.111386  0.299505  0.180693 
 0.269802  0.121287  0.378713  0.230198 

