MEME version 4

ALPHABET= ACGT

strands: + -

Background letter frequencies
A 0.250000 C 0.250000 G 0.250000 T 0.250000

MOTIF UP00603C_1 MSX2
letter-probability matrix: alength= 4 w= 22 nsites= 100 E= 0
 0.596535  0.061881  0.141089  0.200495 
 0.457921  0.180693  0.091584  0.269802 
 0.250000  0.141089  0.121287  0.487624 
 0.180693  0.349010  0.309406  0.160891 
 0.121287  0.349010  0.121287  0.408416 
 0.250000  0.131188  0.329208  0.289604 
 0.319307  0.180693  0.388614  0.111386 
 0.764851  0.051980  0.121287  0.061881 
 0.012376  0.784653  0.032178  0.170792 
 0.002475  0.675743  0.002475  0.319307 
 0.982673  0.002475  0.002475  0.012376 
 0.982673  0.012376  0.002475  0.002475 
 0.012376  0.002475  0.002475  0.982673 
 0.012376  0.002475  0.002475  0.982673 
 0.982673  0.002475  0.002475  0.012376 
 0.388614  0.032178  0.309406  0.269802 
 0.170792  0.418317  0.299505  0.111386 
 0.180693  0.121287  0.527228  0.170792 
 0.190594  0.507426  0.190594  0.111386 
 0.358911  0.319307  0.101485  0.220297 
 0.289604  0.121287  0.250000  0.339109 
 0.230198  0.269802  0.141089  0.358911 

