MEME version 4

ALPHABET= ACGT

strands: + -

Background letter frequencies
A 0.250000 C 0.250000 G 0.250000 T 0.250000

MOTIF UP00586F_1 CRX
letter-probability matrix: alength= 4 w= 23 nsites= 100 E= 0
 0.349010  0.121287  0.289604  0.240099 
 0.457921  0.101485  0.220297  0.220297 
 0.170792  0.091584  0.121287  0.616337 
 0.289604  0.299505  0.220297  0.190594 
 0.269802  0.160891  0.200495  0.368812 
 0.279703  0.259901  0.230198  0.230198 
 0.804455  0.042079  0.071782  0.081683 
 0.517327  0.111386  0.200495  0.170792 
 0.051980  0.309406  0.250000  0.388614 
 0.022277  0.764851  0.180693  0.032178 
 0.022277  0.012376  0.962871  0.002475 
 0.002475  0.002475  0.992574  0.002475 
 0.923267  0.071782  0.002475  0.002475 
 0.002475  0.002475  0.002475  0.992574 
 0.012376  0.012376  0.002475  0.972772 
 0.972772  0.002475  0.002475  0.022277 
 0.091584  0.091584  0.606436  0.210396 
 0.091584  0.289604  0.299505  0.319307 
 0.220297  0.210396  0.240099  0.329208 
 0.329208  0.200495  0.170792  0.299505 
 0.349010  0.131188  0.131188  0.388614 
 0.200495  0.457921  0.250000  0.091584 
 0.596535  0.121287  0.042079  0.240099 

