MEME version 4

ALPHABET= ACGT

strands: + -

Background letter frequencies
A 0.250000 C 0.250000 G 0.250000 T 0.250000

MOTIF UP00623B_1 VAX2
letter-probability matrix: alength= 4 w= 23 nsites= 100 E= 0
 0.507426  0.042079  0.051980  0.398515 
 0.259901  0.309406  0.121287  0.309406 
 0.507426  0.269802  0.150990  0.071782 
 0.111386  0.081683  0.250000  0.556931 
 0.309406  0.180693  0.329208  0.180693 
 0.121287  0.190594  0.388614  0.299505 
 0.081683  0.121287  0.735149  0.061881 
 0.051980  0.497525  0.259901  0.190594 
 0.012376  0.210396  0.002475  0.774752 
 0.873762  0.101485  0.012376  0.012376 
 0.933168  0.032178  0.002475  0.032178 
 0.032178  0.002475  0.032178  0.933168 
 0.012376  0.012376  0.101485  0.873762 
 0.774752  0.002475  0.210396  0.012376 
 0.091584  0.378713  0.408416  0.121287 
 0.061881  0.735149  0.121287  0.081683 
 0.190594  0.646040  0.051980  0.111386 
 0.240099  0.398515  0.150990  0.210396 
 0.754950  0.042079  0.081683  0.121287 
 0.210396  0.061881  0.230198  0.497525 
 0.448020  0.141089  0.101485  0.309406 
 0.457921  0.210396  0.150990  0.180693 
 0.368812  0.200495  0.210396  0.220297 

