MEME version 4

ALPHABET= ACGT

strands: + -

Background letter frequencies
A 0.250000 C 0.250000 G 0.250000 T 0.250000

MOTIF UP00584B_2 ARX
letter-probability matrix: alength= 4 w= 23 nsites= 100 E= 0
 0.398515  0.111386  0.160891  0.329208 
 0.150990  0.101485  0.091584  0.655941 
 0.319307  0.091584  0.101485  0.487624 
 0.319307  0.299505  0.061881  0.319307 
 0.121287  0.131188  0.141089  0.606436 
 0.250000  0.180693  0.259901  0.309406 
 0.269802  0.081683  0.269802  0.378713 
 0.160891  0.091584  0.467822  0.279703 
 0.339109  0.398515  0.071782  0.190594 
 0.032178  0.141089  0.032178  0.794554 
 0.804455  0.042079  0.061881  0.091584 
 0.893564  0.032178  0.032178  0.042079 
 0.042079  0.032178  0.032178  0.893564 
 0.091584  0.061881  0.042079  0.804455 
 0.794554  0.032178  0.141089  0.032178 
 0.250000  0.339109  0.250000  0.160891 
 0.279703  0.467822  0.091584  0.160891 
 0.230198  0.329208  0.259901  0.180693 
 0.250000  0.329208  0.111386  0.309406 
 0.259901  0.230198  0.250000  0.259901 
 0.220297  0.101485  0.319307  0.358911 
 0.378713  0.101485  0.299505  0.220297 
 0.616337  0.061881  0.032178  0.289604 

