MEME version 4

ALPHABET= ACGT

strands: + -

Background letter frequencies
A 0.250000 C 0.250000 G 0.250000 T 0.250000

MOTIF UP00597F_2 HOXD13
letter-probability matrix: alength= 4 w= 22 nsites= 100 E= 0
 0.200495  0.269802  0.160891  0.368812 
 0.240099  0.170792  0.250000  0.339109 
 0.170792  0.289604  0.299505  0.240099 
 0.299505  0.240099  0.230198  0.230198 
 0.309406  0.240099  0.230198  0.220297 
 0.200495  0.141089  0.368812  0.289604 
 0.309406  0.368812  0.170792  0.150990 
 0.170792  0.002475  0.814356  0.012376 
 0.012376  0.022277  0.002475  0.962871 
 0.933168  0.051980  0.012376  0.002475 
 0.002475  0.269802  0.002475  0.725248 
 0.893564  0.002475  0.002475  0.101485 
 0.962871  0.002475  0.002475  0.032178 
 0.982673  0.002475  0.002475  0.012376 
 0.893564  0.032178  0.012376  0.061881 
 0.220297  0.190594  0.180693  0.408416 
 0.250000  0.220297  0.170792  0.358911 
 0.398515  0.259901  0.121287  0.220297 
 0.378713  0.230198  0.190594  0.200495 
 0.259901  0.210396  0.121287  0.408416 
 0.398515  0.220297  0.111386  0.269802 
 0.349010  0.250000  0.309406  0.091584 

