MEME version 4

ALPHABET= ACGT

strands: + -

Background letter frequencies
A 0.250000 C 0.250000 G 0.250000 T 0.250000

MOTIF UP00611H_1 PAX6
letter-probability matrix: alength= 4 w= 22 nsites= 100 E= 0
 0.279703  0.319307  0.250000  0.150990 
 0.220297  0.071782  0.547030  0.160891 
 0.507426  0.150990  0.210396  0.131188 
 0.240099  0.408416  0.279703  0.071782 
 0.101485  0.497525  0.339109  0.061881 
 0.101485  0.388614  0.111386  0.398515 
 0.111386  0.141089  0.665842  0.081683 
 0.230198  0.269802  0.190594  0.309406 
 0.051980  0.200495  0.448020  0.299505 
 0.111386  0.695545  0.121287  0.071782 
 0.061881  0.675743  0.141089  0.121287 
 0.071782  0.606436  0.250000  0.071782 
 0.141089  0.735149  0.071782  0.051980 
 0.745050  0.101485  0.061881  0.091584 
 0.101485  0.705446  0.081683  0.111386 
 0.081683  0.685644  0.121287  0.111386 
 0.220297  0.160891  0.190594  0.428218 
 0.101485  0.081683  0.566832  0.250000 
 0.071782  0.121287  0.428218  0.378713 
 0.160891  0.279703  0.398515  0.160891 
 0.566832  0.160891  0.121287  0.150990 
 0.091584  0.358911  0.150990  0.398515 

