MEME version 4

ALPHABET= ACGT

strands: + -

Background letter frequencies
A 0.250000 C 0.250000 G 0.250000 T 0.250000

MOTIF UP00610A_3 PAX4
letter-probability matrix: alength= 4 w= 22 nsites= 100 E= 0
 0.388614  0.071782  0.220297  0.319307 
 0.358911  0.220297  0.150990  0.269802 
 0.160891  0.200495  0.289604  0.349010 
 0.289604  0.121287  0.378713  0.210396 
 0.358911  0.269802  0.170792  0.200495 
 0.141089  0.487624  0.111386  0.259901 
 0.160891  0.368812  0.230198  0.240099 
 0.655941  0.111386  0.061881  0.170792 
 0.764851  0.071782  0.071782  0.091584 
 0.032178  0.061881  0.042079  0.863861 
 0.032178  0.032178  0.012376  0.923267 
 0.923267  0.012376  0.032178  0.032178 
 0.863861  0.042079  0.071782  0.022277 
 0.091584  0.071782  0.071782  0.764851 
 0.170792  0.061881  0.101485  0.665842 
 0.527228  0.121287  0.091584  0.259901 
 0.150990  0.121287  0.586634  0.141089 
 0.190594  0.240099  0.269802  0.299505 
 0.071782  0.170792  0.368812  0.388614 
 0.111386  0.655941  0.121287  0.111386 
 0.329208  0.071782  0.319307  0.279703 
 0.230198  0.339109  0.230198  0.200495 

