MEME version 4

ALPHABET= ACGT

strands: + -

Background letter frequencies
A 0.250000 C 0.250000 G 0.250000 T 0.250000

MOTIF UP00614A_1 PHOX2B
letter-probability matrix: alength= 4 w= 23 nsites= 100 E= 0
 0.230198  0.160891  0.081683  0.527228 
 0.200495  0.230198  0.309406  0.259901 
 0.230198  0.527228  0.150990  0.091584 
 0.438119  0.071782  0.259901  0.230198 
 0.299505  0.160891  0.200495  0.339109 
 0.190594  0.131188  0.339109  0.339109 
 0.329208  0.150990  0.388614  0.131188 
 0.180693  0.329208  0.279703  0.210396 
 0.091584  0.210396  0.051980  0.646040 
 0.636139  0.032178  0.259901  0.071782 
 0.903465  0.022277  0.051980  0.022277 
 0.022277  0.051980  0.022277  0.903465 
 0.071782  0.259901  0.032178  0.636139 
 0.646040  0.051980  0.200495  0.101485 
 0.101485  0.170792  0.497525  0.230198 
 0.131188  0.388614  0.150990  0.329208 
 0.507426  0.230198  0.081683  0.180693 
 0.428218  0.160891  0.200495  0.210396 
 0.438119  0.200495  0.160891  0.200495 
 0.388614  0.061881  0.170792  0.378713 
 0.408416  0.180693  0.101485  0.309406 
 0.428218  0.230198  0.141089  0.200495 
 0.606436  0.141089  0.051980  0.200495 

