MEME version 4

ALPHABET= ACGT

strands: + -

Background letter frequencies
A 0.250000 C 0.250000 G 0.250000 T 0.250000

MOTIF UP00609E_1 PAX3
letter-probability matrix: alength= 4 w= 22 nsites= 100 E= 0
 0.131188  0.190594  0.388614  0.289604 
 0.438119  0.220297  0.170792  0.170792 
 0.309406  0.141089  0.210396  0.339109 
 0.398515  0.358911  0.071782  0.170792 
 0.121287  0.180693  0.339109  0.358911 
 0.230198  0.220297  0.170792  0.378713 
 0.150990  0.032178  0.032178  0.784653 
 0.943069  0.022277  0.022277  0.012376 
 0.943069  0.012376  0.012376  0.032178 
 0.012376  0.051980  0.002475  0.933168 
 0.002475  0.863861  0.022277  0.111386 
 0.111386  0.022277  0.863861  0.002475 
 0.933168  0.002475  0.051980  0.012376 
 0.032178  0.012376  0.012376  0.943069 
 0.012376  0.022277  0.022277  0.943069 
 0.824257  0.032178  0.071782  0.071782 
 0.240099  0.438119  0.170792  0.150990 
 0.200495  0.240099  0.200495  0.358911 
 0.368812  0.150990  0.279703  0.200495 
 0.200495  0.190594  0.378713  0.230198 
 0.448020  0.230198  0.190594  0.131188 
 0.259901  0.141089  0.299505  0.299505 

