MEME version 4

ALPHABET= ACGT

strands: + -

Background letter frequencies
A 0.250000 C 0.250000 G 0.250000 T 0.250000

MOTIF UP00599C_1 KLF1
letter-probability matrix: alength= 4 w= 23 nsites= 100 E= 0
 0.358911  0.071782  0.071782  0.497525 
 0.150990  0.240099  0.061881  0.547030 
 0.230198  0.240099  0.141089  0.388614 
 0.378713  0.170792  0.131188  0.319307 
 0.269802  0.121287  0.180693  0.428218 
 0.170792  0.626238  0.042079  0.160891 
 0.051980  0.705446  0.022277  0.220297 
 0.289604  0.665842  0.022277  0.022277 
 0.032178  0.943069  0.012376  0.012376 
 0.091584  0.002475  0.824257  0.081683 
 0.012376  0.952970  0.012376  0.022277 
 0.022277  0.943069  0.012376  0.022277 
 0.012376  0.943069  0.012376  0.032178 
 0.418317  0.319307  0.032178  0.230198 
 0.240099  0.339109  0.190594  0.230198 
 0.061881  0.784653  0.042079  0.111386 
 0.081683  0.725248  0.051980  0.141089 
 0.616337  0.091584  0.131188  0.160891 
 0.230198  0.131188  0.180693  0.457921 
 0.190594  0.091584  0.131188  0.586634 
 0.240099  0.537129  0.081683  0.141089 
 0.190594  0.368812  0.081683  0.358911 
 0.160891  0.368812  0.279703  0.190594 

