MEME version 4

ALPHABET= ACGT

strands: + -

Background letter frequencies
A 0.250000 C 0.250000 G 0.250000 T 0.250000

MOTIF UP00219A_1 CDP
letter-probability matrix: alength= 4 w= 17 nsites= 100 E= 0
 0.586634  0.071782  0.269802  0.071782 
 0.111386  0.527228  0.220297  0.141089 
 0.160891  0.507426  0.121287  0.210396 
 0.240099  0.150990  0.517327  0.091584 
 0.289604  0.190594  0.408416  0.111386 
 0.131188  0.160891  0.091584  0.616337 
 0.091584  0.071782  0.012376  0.824257 
 0.289604  0.012376  0.675743  0.022277 
 0.952970  0.012376  0.022277  0.012376 
 0.022277  0.012376  0.002475  0.962871 
 0.061881  0.596535  0.022277  0.319307 
 0.794554  0.051980  0.012376  0.141089 
 0.309406  0.349010  0.111386  0.230198 
 0.121287  0.477723  0.299505  0.101485 
 0.349010  0.081683  0.160891  0.408416 
 0.131188  0.289604  0.309406  0.269802 
 0.408416  0.101485  0.299505  0.190594 

