MEME version 4

ALPHABET= ACGT

strands: + -

Background letter frequencies
A 0.250000 C 0.250000 G 0.250000 T 0.250000

MOTIF UP00595A_1 HOXB7
letter-probability matrix: alength= 4 w= 23 nsites= 100 E= 0
 0.160891  0.061881  0.061881  0.715347 
 0.358911  0.061881  0.289604  0.289604 
 0.507426  0.190594  0.190594  0.111386 
 0.250000  0.250000  0.250000  0.250000 
 0.378713  0.101485  0.289604  0.230198 
 0.141089  0.329208  0.279703  0.250000 
 0.141089  0.259901  0.339109  0.259901 
 0.467822  0.042079  0.388614  0.101485 
 0.022277  0.150990  0.012376  0.814356 
 0.814356  0.042079  0.071782  0.071782 
 0.873762  0.032178  0.061881  0.032178 
 0.042079  0.061881  0.022277  0.873762 
 0.091584  0.032178  0.042079  0.834158 
 0.784653  0.042079  0.141089  0.032178 
 0.220297  0.349010  0.111386  0.319307 
 0.220297  0.160891  0.160891  0.457921 
 0.299505  0.150990  0.477723  0.071782 
 0.200495  0.279703  0.220297  0.299505 
 0.269802  0.170792  0.150990  0.408416 
 0.537129  0.200495  0.051980  0.210396 
 0.269802  0.131188  0.190594  0.408416 
 0.547030  0.051980  0.141089  0.259901 
 0.319307  0.160891  0.250000  0.269802 

