MEME version 4

ALPHABET= ACGT

strands: + -

Background letter frequencies
A 0.250000 C 0.250000 G 0.250000 T 0.250000

MOTIF UP00585A_1 BCL6
letter-probability matrix: alength= 4 w= 23 nsites= 100 E= 0
 0.121287  0.101485  0.091584  0.685644 
 0.180693  0.279703  0.210396  0.329208 
 0.190594  0.081683  0.150990  0.576733 
 0.250000  0.180693  0.240099  0.329208 
 0.240099  0.091584  0.358911  0.309406 
 0.368812  0.269802  0.091584  0.269802 
 0.091584  0.160891  0.061881  0.685644 
 0.071782  0.121287  0.051980  0.754950 
 0.022277  0.002475  0.012376  0.962871 
 0.002475  0.923267  0.002475  0.071782 
 0.022277  0.111386  0.497525  0.368812 
 0.834158  0.002475  0.002475  0.160891 
 0.061881  0.042079  0.873762  0.022277 
 0.012376  0.022277  0.913366  0.051980 
 0.933168  0.012376  0.022277  0.032178 
 0.903465  0.022277  0.012376  0.061881 
 0.200495  0.309406  0.032178  0.457921 
 0.339109  0.160891  0.101485  0.398515 
 0.150990  0.309406  0.180693  0.358911 
 0.349010  0.210396  0.230198  0.210396 
 0.131188  0.339109  0.111386  0.418317 
 0.329208  0.329208  0.180693  0.160891 
 0.259901  0.160891  0.259901  0.319307 

