MEME version 4

ALPHABET= ACGT

strands: + -

Background letter frequencies
A 0.250000 C 0.250000 G 0.250000 T 0.250000

MOTIF UP00607A_1 NR2E3
letter-probability matrix: alength= 4 w= 22 nsites= 100 E= 0
 0.150990  0.131188  0.259901  0.457921 
 0.299505  0.398515  0.170792  0.131188 
 0.329208  0.180693  0.170792  0.319307 
 0.279703  0.160891  0.289604  0.269802 
 0.269802  0.150990  0.141089  0.438119 
 0.150990  0.349010  0.180693  0.319307 
 0.180693  0.507426  0.150990  0.160891 
 0.913366  0.051980  0.012376  0.022277 
 0.814356  0.012376  0.160891  0.012376 
 0.972772  0.002475  0.012376  0.012376 
 0.022277  0.002475  0.972772  0.002475 
 0.903465  0.002475  0.091584  0.002475 
 0.002475  0.002475  0.012376  0.982673 
 0.002475  0.972772  0.002475  0.022277 
 0.982673  0.002475  0.012376  0.002475 
 0.586634  0.230198  0.032178  0.150990 
 0.200495  0.150990  0.428218  0.220297 
 0.319307  0.279703  0.200495  0.200495 
 0.170792  0.230198  0.259901  0.339109 
 0.091584  0.121287  0.160891  0.626238 
 0.457921  0.141089  0.220297  0.180693 
 0.259901  0.210396  0.269802  0.259901 

