MEME version 4

ALPHABET= ACGT

strands: + -

Background letter frequencies
A 0.250000 C 0.250000 G 0.250000 T 0.250000

MOTIF UP00612A_1 PAX7
letter-probability matrix: alength= 4 w= 22 nsites= 100 E= 0
 0.131188  0.240099  0.378713  0.250000 
 0.309406  0.269802  0.180693  0.240099 
 0.428218  0.170792  0.200495  0.200495 
 0.339109  0.210396  0.220297  0.230198 
 0.269802  0.111386  0.289604  0.329208 
 0.220297  0.200495  0.250000  0.329208 
 0.418317  0.150990  0.220297  0.210396 
 0.962871  0.012376  0.012376  0.012376 
 0.002475  0.804455  0.190594  0.002475 
 0.002475  0.972772  0.002475  0.022277 
 0.061881  0.002475  0.933168  0.002475 
 0.002475  0.012376  0.002475  0.982673 
 0.032178  0.002475  0.962871  0.002475 
 0.972772  0.002475  0.002475  0.022277 
 0.032178  0.962871  0.002475  0.002475 
 0.091584  0.418317  0.378713  0.111386 
 0.448020  0.081683  0.368812  0.101485 
 0.378713  0.091584  0.220297  0.309406 
 0.418317  0.200495  0.131188  0.250000 
 0.329208  0.180693  0.111386  0.378713 
 0.487624  0.279703  0.160891  0.071782 
 0.358911  0.210396  0.269802  0.160891 

