MEME version 4

ALPHABET= ACGT

strands: + -

Background letter frequencies
A 0.250000 C 0.250000 G 0.250000 T 0.250000

MOTIF UP00611E_1 PAX6
letter-probability matrix: alength= 4 w= 23 nsites= 100 E= 0
 0.378713  0.457921  0.111386  0.051980 
 0.289604  0.141089  0.131188  0.438119 
 0.289604  0.339109  0.230198  0.141089 
 0.537129  0.180693  0.170792  0.111386 
 0.180693  0.378713  0.230198  0.210396 
 0.368812  0.299505  0.150990  0.180693 
 0.438119  0.131188  0.160891  0.269802 
 0.061881  0.715347  0.101485  0.121287 
 0.121287  0.754950  0.071782  0.051980 
 0.794554  0.081683  0.061881  0.061881 
 0.834158  0.022277  0.051980  0.091584 
 0.121287  0.111386  0.725248  0.042079 
 0.487624  0.061881  0.190594  0.259901 
 0.051980  0.091584  0.794554  0.061881 
 0.032178  0.121287  0.051980  0.794554 
 0.121287  0.735149  0.051980  0.091584 
 0.388614  0.141089  0.259901  0.210396 
 0.279703  0.141089  0.230198  0.349010 
 0.408416  0.259901  0.240099  0.091584 
 0.269802  0.160891  0.438119  0.131188 
 0.220297  0.190594  0.141089  0.448020 
 0.101485  0.378713  0.150990  0.368812 
 0.566832  0.111386  0.160891  0.160891 

