MEME version 4

ALPHABET= ACGT

strands: + -

Background letter frequencies
A 0.250000 C 0.250000 G 0.250000 T 0.250000

MOTIF UP00630B_1 ZNF655
letter-probability matrix: alength= 4 w= 22 nsites= 100 E= 0
 0.190594  0.230198  0.180693  0.398515 
 0.319307  0.101485  0.210396  0.368812 
 0.269802  0.269802  0.141089  0.319307 
 0.329208  0.170792  0.269802  0.230198 
 0.230198  0.160891  0.289604  0.319307 
 0.368812  0.061881  0.319307  0.250000 
 0.220297  0.071782  0.091584  0.616337 
 0.943069  0.002475  0.032178  0.022277 
 0.032178  0.012376  0.032178  0.923267 
 0.012376  0.002475  0.982673  0.002475 
 0.012376  0.972772  0.012376  0.002475 
 0.012376  0.002475  0.002475  0.982673 
 0.982673  0.002475  0.002475  0.012376 
 0.893564  0.081683  0.012376  0.012376 
 0.032178  0.606436  0.012376  0.349010 
 0.220297  0.250000  0.180693  0.349010 
 0.269802  0.180693  0.091584  0.457921 
 0.329208  0.111386  0.141089  0.418317 
 0.150990  0.160891  0.418317  0.269802 
 0.309406  0.368812  0.081683  0.240099 
 0.289604  0.378713  0.180693  0.150990 
 0.269802  0.250000  0.309406  0.170792 

