MEME version 4

ALPHABET= ACGT

strands: + -

Background letter frequencies
A 0.250000 C 0.250000 G 0.250000 T 0.250000

MOTIF UP00521A_1 FOXN2
letter-probability matrix: alength= 4 w= 22 nsites= 100 E= 0
 0.250000  0.220297  0.259901  0.269802 
 0.240099  0.220297  0.240099  0.299505 
 0.349010  0.170792  0.230198  0.250000 
 0.180693  0.160891  0.368812  0.289604 
 0.537129  0.121287  0.111386  0.230198 
 0.329208  0.170792  0.131188  0.368812 
 0.200495  0.259901  0.339109  0.200495 
 0.180693  0.012376  0.804455  0.002475 
 0.012376  0.012376  0.002475  0.972772 
 0.962871  0.032178  0.002475  0.002475 
 0.933168  0.032178  0.002475  0.032178 
 0.982673  0.002475  0.002475  0.012376 
 0.002475  0.962871  0.002475  0.032178 
 0.972772  0.002475  0.012376  0.012376 
 0.943069  0.012376  0.012376  0.032178 
 0.497525  0.160891  0.042079  0.299505 
 0.170792  0.230198  0.339109  0.259901 
 0.170792  0.220297  0.250000  0.358911 
 0.101485  0.299505  0.210396  0.388614 
 0.299505  0.121287  0.339109  0.240099 
 0.279703  0.210396  0.190594  0.319307 
 0.279703  0.250000  0.180693  0.289604 

