MEME version 4

ALPHABET= ACGT

strands: + -

Background letter frequencies
A 0.250000 C 0.250000 G 0.250000 T 0.250000

MOTIF UP00594C_1 HESX1
letter-probability matrix: alength= 4 w= 22 nsites= 100 E= 0
 0.111386  0.131188  0.497525  0.259901 
 0.150990  0.210396  0.378713  0.259901 
 0.230198  0.329208  0.190594  0.250000 
 0.190594  0.517327  0.170792  0.121287 
 0.111386  0.299505  0.487624  0.101485 
 0.131188  0.527228  0.160891  0.180693 
 0.269802  0.160891  0.438119  0.131188 
 0.012376  0.368812  0.022277  0.596535 
 0.002475  0.190594  0.002475  0.804455 
 0.982673  0.002475  0.012376  0.002475 
 0.982673  0.002475  0.002475  0.012376 
 0.012376  0.002475  0.002475  0.982673 
 0.002475  0.012376  0.002475  0.982673 
 0.804455  0.002475  0.190594  0.002475 
 0.596535  0.022277  0.358911  0.022277 
 0.111386  0.250000  0.240099  0.398515 
 0.329208  0.368812  0.150990  0.150990 
 0.329208  0.240099  0.210396  0.220297 
 0.170792  0.180693  0.319307  0.329208 
 0.131188  0.517327  0.190594  0.160891 
 0.230198  0.269802  0.319307  0.180693 
 0.200495  0.180693  0.418317  0.200495 

