MEME version 4

ALPHABET= ACGT

strands: + -

Background letter frequencies
A 0.250000 C 0.250000 G 0.250000 T 0.250000

MOTIF UP00629B_1 ZNF200
letter-probability matrix: alength= 4 w= 23 nsites= 100 E= 0
 0.289604  0.170792  0.279703  0.259901 
 0.190594  0.180693  0.200495  0.428218 
 0.190594  0.160891  0.230198  0.418317 
 0.279703  0.190594  0.269802  0.259901 
 0.329208  0.180693  0.279703  0.210396 
 0.220297  0.259901  0.170792  0.349010 
 0.250000  0.210396  0.299505  0.240099 
 0.042079  0.091584  0.626238  0.240099 
 0.141089  0.071782  0.705446  0.081683 
 0.071782  0.042079  0.784653  0.101485 
 0.240099  0.121287  0.022277  0.616337 
 0.101485  0.032178  0.754950  0.111386 
 0.230198  0.141089  0.596535  0.032178 
 0.121287  0.051980  0.735149  0.091584 
 0.269802  0.230198  0.160891  0.339109 
 0.477723  0.210396  0.091584  0.220297 
 0.428218  0.230198  0.081683  0.259901 
 0.319307  0.200495  0.240099  0.240099 
 0.220297  0.101485  0.378713  0.299505 
 0.428218  0.160891  0.230198  0.180693 
 0.259901  0.388614  0.190594  0.160891 
 0.220297  0.378713  0.200495  0.200495 
 0.081683  0.150990  0.408416  0.358911 

