MEME version 4

ALPHABET= ACGT

strands: + -

Background letter frequencies
A 0.250000 C 0.250000 G 0.250000 T 0.250000

MOTIF UP00630C_1 ZNF655
letter-probability matrix: alength= 4 w= 22 nsites= 100 E= 0
 0.121287  0.269802  0.250000  0.358911 
 0.378713  0.111386  0.210396  0.299505 
 0.319307  0.289604  0.160891  0.230198 
 0.289604  0.200495  0.230198  0.279703 
 0.210396  0.121287  0.378713  0.289604 
 0.398515  0.061881  0.319307  0.220297 
 0.210396  0.091584  0.121287  0.576733 
 0.873762  0.012376  0.061881  0.051980 
 0.051980  0.012376  0.091584  0.844059 
 0.012376  0.002475  0.982673  0.002475 
 0.012376  0.952970  0.022277  0.012376 
 0.022277  0.002475  0.002475  0.972772 
 0.982673  0.002475  0.002475  0.012376 
 0.824257  0.141089  0.022277  0.012376 
 0.042079  0.428218  0.022277  0.507426 
 0.180693  0.220297  0.170792  0.428218 
 0.259901  0.230198  0.111386  0.398515 
 0.368812  0.081683  0.141089  0.408416 
 0.160891  0.160891  0.507426  0.170792 
 0.289604  0.358911  0.091584  0.259901 
 0.309406  0.299505  0.220297  0.170792 
 0.269802  0.269802  0.309406  0.150990 

