MEME version 4

ALPHABET= ACGT

strands: + -

Background letter frequencies
A 0.250000 C 0.250000 G 0.250000 T 0.250000

MOTIF UP00522A_2 FOXN4
letter-probability matrix: alength= 4 w= 23 nsites= 100 E= 0
 0.368812  0.190594  0.200495  0.240099 
 0.566832  0.101485  0.160891  0.170792 
 0.190594  0.220297  0.081683  0.507426 
 0.101485  0.606436  0.101485  0.190594 
 0.170792  0.150990  0.477723  0.200495 
 0.556931  0.101485  0.141089  0.200495 
 0.537129  0.061881  0.279703  0.121287 
 0.349010  0.210396  0.339109  0.101485 
 0.190594  0.408416  0.269802  0.131188 
 0.012376  0.012376  0.972772  0.002475 
 0.992574  0.002475  0.002475  0.002475 
 0.012376  0.972772  0.002475  0.012376 
 0.002475  0.002475  0.992574  0.002475 
 0.002475  0.992574  0.002475  0.002475 
 0.012376  0.339109  0.081683  0.566832 
 0.883663  0.022277  0.022277  0.071782 
 0.170792  0.358911  0.012376  0.457921 
 0.398515  0.190594  0.170792  0.240099 
 0.368812  0.220297  0.111386  0.299505 
 0.230198  0.349010  0.071782  0.349010 
 0.111386  0.180693  0.368812  0.339109 
 0.309406  0.378713  0.170792  0.141089 
 0.170792  0.250000  0.477723  0.101485 

