MEME version 4

ALPHABET= ACGT

strands: + -

Background letter frequencies
A 0.250000 C 0.250000 G 0.250000 T 0.250000

MOTIF UP00603C_2 MSX2
letter-probability matrix: alength= 4 w= 22 nsites= 100 E= 0
 0.111386  0.269802  0.150990  0.467822 
 0.250000  0.230198  0.269802  0.250000 
 0.368812  0.339109  0.141089  0.150990 
 0.269802  0.428218  0.170792  0.131188 
 0.368812  0.170792  0.220297  0.240099 
 0.160891  0.457921  0.111386  0.269802 
 0.319307  0.131188  0.299505  0.250000 
 0.032178  0.685644  0.042079  0.240099 
 0.022277  0.467822  0.002475  0.507426 
 0.943069  0.012376  0.022277  0.022277 
 0.943069  0.002475  0.012376  0.042079 
 0.042079  0.012376  0.002475  0.943069 
 0.022277  0.022277  0.012376  0.943069 
 0.507426  0.002475  0.467822  0.022277 
 0.240099  0.042079  0.685644  0.032178 
 0.240099  0.091584  0.180693  0.487624 
 0.368812  0.279703  0.141089  0.210396 
 0.358911  0.131188  0.220297  0.289604 
 0.230198  0.131188  0.141089  0.497525 
 0.240099  0.269802  0.190594  0.299505 
 0.398515  0.091584  0.309406  0.200495 
 0.170792  0.299505  0.299505  0.230198 

