MEME version 4

ALPHABET= ACGT

strands: + -

Background letter frequencies
A 0.250000 C 0.250000 G 0.250000 T 0.250000

MOTIF UP00594C_2 HESX1
letter-probability matrix: alength= 4 w= 23 nsites= 100 E= 0
 0.398515  0.101485  0.141089  0.358911 
 0.269802  0.398515  0.160891  0.170792 
 0.467822  0.220297  0.150990  0.160891 
 0.180693  0.051980  0.259901  0.507426 
 0.319307  0.250000  0.160891  0.269802 
 0.061881  0.111386  0.210396  0.616337 
 0.240099  0.131188  0.547030  0.081683 
 0.022277  0.646040  0.101485  0.230198 
 0.002475  0.349010  0.002475  0.646040 
 0.972772  0.002475  0.022277  0.002475 
 0.982673  0.012376  0.002475  0.002475 
 0.002475  0.002475  0.012376  0.982673 
 0.002475  0.022277  0.002475  0.972772 
 0.646040  0.002475  0.349010  0.002475 
 0.259901  0.091584  0.576733  0.071782 
 0.071782  0.556931  0.131188  0.240099 
 0.457921  0.329208  0.071782  0.141089 
 0.418317  0.101485  0.160891  0.319307 
 0.487624  0.101485  0.259901  0.150990 
 0.398515  0.170792  0.170792  0.259901 
 0.339109  0.200495  0.150990  0.309406 
 0.368812  0.289604  0.091584  0.250000 
 0.576733  0.101485  0.071782  0.250000 

