MEME version 4

ALPHABET= ACGT

strands: + -

Background letter frequencies
A 0.250000 C 0.250000 G 0.250000 T 0.250000

MOTIF UP00610D_1 PAX4
letter-probability matrix: alength= 4 w= 22 nsites= 100 E= 0
 0.279703  0.329208  0.250000  0.141089 
 0.527228  0.190594  0.111386  0.170792 
 0.289604  0.131188  0.388614  0.190594 
 0.259901  0.141089  0.170792  0.428218 
 0.141089  0.289604  0.428218  0.141089 
 0.131188  0.121287  0.517327  0.230198 
 0.230198  0.448020  0.111386  0.210396 
 0.061881  0.368812  0.032178  0.537129 
 0.160891  0.131188  0.091584  0.616337 
 0.903465  0.012376  0.042079  0.042079 
 0.962871  0.012376  0.012376  0.012376 
 0.012376  0.012376  0.012376  0.962871 
 0.042079  0.042079  0.012376  0.903465 
 0.626238  0.091584  0.131188  0.150990 
 0.537129  0.032178  0.368812  0.061881 
 0.071782  0.190594  0.250000  0.487624 
 0.180693  0.477723  0.150990  0.190594 
 0.220297  0.388614  0.180693  0.210396 
 0.368812  0.289604  0.111386  0.230198 
 0.309406  0.101485  0.141089  0.448020 
 0.438119  0.121287  0.160891  0.279703 
 0.240099  0.071782  0.269802  0.418317 

