MEME version 4

ALPHABET= ACGT

strands: + -

Background letter frequencies
A 0.250000 C 0.250000 G 0.250000 T 0.250000

MOTIF UP00587B_1 EGR2
letter-probability matrix: alength= 4 w= 22 nsites= 100 E= 0
 0.388614  0.230198  0.230198  0.150990 
 0.378713  0.190594  0.230198  0.200495 
 0.200495  0.368812  0.220297  0.210396 
 0.210396  0.259901  0.240099  0.289604 
 0.141089  0.398515  0.250000  0.210396 
 0.497525  0.101485  0.250000  0.150990 
 0.596535  0.091584  0.170792  0.141089 
 0.883663  0.111386  0.002475  0.002475 
 0.863861  0.131188  0.002475  0.002475 
 0.002475  0.992574  0.002475  0.002475 
 0.972772  0.022277  0.002475  0.002475 
 0.002475  0.992574  0.002475  0.002475 
 0.002475  0.002475  0.962871  0.032178 
 0.002475  0.943069  0.002475  0.051980 
 0.863861  0.002475  0.091584  0.042079 
 0.309406  0.210396  0.091584  0.388614 
 0.279703  0.220297  0.061881  0.438119 
 0.091584  0.398515  0.190594  0.319307 
 0.299505  0.319307  0.121287  0.259901 
 0.240099  0.398515  0.101485  0.259901 
 0.289604  0.210396  0.250000  0.250000 
 0.309406  0.349010  0.141089  0.200495 

