MEME version 4

ALPHABET= ACGT

strands: + -

Background letter frequencies
A 0.250000 C 0.250000 G 0.250000 T 0.250000

MOTIF UP00588B_1 ESX1
letter-probability matrix: alength= 4 w= 23 nsites= 100 E= 0
 0.200495  0.111386  0.121287  0.566832 
 0.170792  0.487624  0.160891  0.180693 
 0.487624  0.240099  0.121287  0.150990 
 0.101485  0.071782  0.299505  0.527228 
 0.250000  0.250000  0.299505  0.200495 
 0.121287  0.141089  0.289604  0.448020 
 0.131188  0.121287  0.685644  0.061881 
 0.022277  0.527228  0.101485  0.349010 
 0.002475  0.230198  0.002475  0.764851 
 0.943069  0.002475  0.051980  0.002475 
 0.982673  0.002475  0.012376  0.002475 
 0.002475  0.012376  0.002475  0.982673 
 0.002475  0.051980  0.002475  0.943069 
 0.764851  0.002475  0.230198  0.002475 
 0.170792  0.091584  0.626238  0.111386 
 0.061881  0.685644  0.121287  0.131188 
 0.309406  0.339109  0.081683  0.269802 
 0.418317  0.220297  0.160891  0.200495 
 0.794554  0.061881  0.081683  0.061881 
 0.259901  0.111386  0.269802  0.358911 
 0.309406  0.190594  0.200495  0.299505 
 0.349010  0.279703  0.150990  0.220297 
 0.586634  0.121287  0.150990  0.141089 

