MEME version 4

ALPHABET= ACGT

strands: + -

Background letter frequencies
A 0.250000 C 0.250000 G 0.250000 T 0.250000

MOTIF UP00603A_2 MSX2
letter-probability matrix: alength= 4 w= 23 nsites= 100 E= 0
 0.081683  0.289604  0.250000  0.378713 
 0.457921  0.071782  0.091584  0.378713 
 0.111386  0.269802  0.071782  0.547030 
 0.487624  0.131188  0.259901  0.121287 
 0.665842  0.150990  0.111386  0.071782 
 0.507426  0.220297  0.111386  0.160891 
 0.517327  0.121287  0.240099  0.121287 
 0.646040  0.101485  0.051980  0.200495 
 0.042079  0.646040  0.091584  0.220297 
 0.012376  0.715347  0.002475  0.269802 
 0.972772  0.002475  0.012376  0.012376 
 0.982673  0.012376  0.002475  0.002475 
 0.012376  0.002475  0.002475  0.982673 
 0.022277  0.012376  0.002475  0.962871 
 0.962871  0.002475  0.012376  0.022277 
 0.665842  0.071782  0.141089  0.121287 
 0.160891  0.279703  0.200495  0.358911 
 0.438119  0.141089  0.101485  0.319307 
 0.250000  0.378713  0.071782  0.299505 
 0.349010  0.091584  0.220297  0.339109 
 0.477723  0.299505  0.150990  0.071782 
 0.190594  0.269802  0.269802  0.269802 
 0.131188  0.329208  0.210396  0.329208 

