MEME version 4

ALPHABET= ACGT

strands: + -

Background letter frequencies
A 0.250000 C 0.250000 G 0.250000 T 0.250000

MOTIF UP00609B_1 PAX3
letter-probability matrix: alength= 4 w= 22 nsites= 100 E= 0
 0.101485  0.180693  0.467822  0.250000 
 0.408416  0.160891  0.250000  0.180693 
 0.279703  0.190594  0.220297  0.309406 
 0.358911  0.457921  0.091584  0.091584 
 0.081683  0.160891  0.428218  0.329208 
 0.220297  0.210396  0.160891  0.408416 
 0.091584  0.042079  0.022277  0.844059 
 0.893564  0.032178  0.042079  0.032178 
 0.943069  0.012376  0.012376  0.032178 
 0.012376  0.071782  0.012376  0.903465 
 0.002475  0.774752  0.032178  0.190594 
 0.190594  0.032178  0.774752  0.002475 
 0.903465  0.012376  0.071782  0.012376 
 0.032178  0.012376  0.012376  0.943069 
 0.032178  0.042079  0.032178  0.893564 
 0.824257  0.032178  0.091584  0.051980 
 0.259901  0.448020  0.131188  0.160891 
 0.150990  0.398515  0.150990  0.299505 
 0.279703  0.091584  0.398515  0.230198 
 0.250000  0.190594  0.368812  0.190594 
 0.507426  0.230198  0.170792  0.091584 
 0.319307  0.121287  0.299505  0.259901 

