MEME version 4

ALPHABET= ACGT

strands: + -

Background letter frequencies
A 0.250000 C 0.250000 G 0.250000 T 0.250000

MOTIF UP00584E_2 ARX
letter-probability matrix: alength= 4 w= 23 nsites= 100 E= 0
 0.250000  0.051980  0.042079  0.655941 
 0.240099  0.279703  0.150990  0.329208 
 0.388614  0.319307  0.150990  0.141089 
 0.250000  0.141089  0.250000  0.358911 
 0.289604  0.150990  0.240099  0.319307 
 0.141089  0.180693  0.269802  0.408416 
 0.170792  0.061881  0.655941  0.111386 
 0.200495  0.150990  0.329208  0.319307 
 0.032178  0.091584  0.032178  0.844059 
 0.804455  0.032178  0.051980  0.111386 
 0.903465  0.042079  0.022277  0.032178 
 0.042079  0.022277  0.032178  0.903465 
 0.111386  0.051980  0.032178  0.804455 
 0.844059  0.022277  0.101485  0.032178 
 0.329208  0.131188  0.190594  0.349010 
 0.111386  0.655941  0.061881  0.170792 
 0.527228  0.250000  0.051980  0.170792 
 0.269802  0.210396  0.230198  0.289604 
 0.636139  0.111386  0.170792  0.081683 
 0.180693  0.091584  0.190594  0.537129 
 0.457921  0.131188  0.091584  0.319307 
 0.487624  0.180693  0.131188  0.200495 
 0.457921  0.131188  0.071782  0.339109 

