MEME version 4

ALPHABET= ACGT

strands: + -

Background letter frequencies
A 0.250000 C 0.250000 G 0.250000 T 0.250000

MOTIF UP00623A_1 VAX2
letter-probability matrix: alength= 4 w= 23 nsites= 100 E= 0
 0.170792  0.131188  0.180693  0.517327 
 0.200495  0.309406  0.200495  0.289604 
 0.418317  0.230198  0.220297  0.131188 
 0.150990  0.230198  0.180693  0.438119 
 0.150990  0.428218  0.230198  0.190594 
 0.081683  0.180693  0.507426  0.230198 
 0.141089  0.091584  0.665842  0.101485 
 0.071782  0.438119  0.329208  0.160891 
 0.012376  0.111386  0.002475  0.873762 
 0.933168  0.042079  0.002475  0.022277 
 0.943069  0.022277  0.002475  0.032178 
 0.032178  0.002475  0.022277  0.943069 
 0.022277  0.002475  0.042079  0.933168 
 0.873762  0.002475  0.111386  0.012376 
 0.111386  0.309406  0.467822  0.111386 
 0.101485  0.665842  0.091584  0.141089 
 0.101485  0.556931  0.081683  0.259901 
 0.220297  0.368812  0.170792  0.240099 
 0.794554  0.081683  0.071782  0.051980 
 0.170792  0.170792  0.408416  0.250000 
 0.180693  0.170792  0.121287  0.527228 
 0.329208  0.339109  0.200495  0.131188 
 0.368812  0.101485  0.358911  0.170792 

