MEME version 4

ALPHABET= ACGT

strands: + -

Background letter frequencies
A 0.250000 C 0.250000 G 0.250000 T 0.250000

MOTIF UP00615A_1 PITX2
letter-probability matrix: alength= 4 w= 22 nsites= 100 E= 0
 0.111386  0.061881  0.319307  0.507426 
 0.230198  0.368812  0.061881  0.339109 
 0.180693  0.259901  0.150990  0.408416 
 0.210396  0.259901  0.309406  0.220297 
 0.388614  0.101485  0.250000  0.259901 
 0.240099  0.190594  0.220297  0.349010 
 0.428218  0.190594  0.269802  0.111386 
 0.220297  0.071782  0.626238  0.081683 
 0.071782  0.012376  0.903465  0.012376 
 0.012376  0.012376  0.962871  0.012376 
 0.913366  0.071782  0.002475  0.012376 
 0.002475  0.002475  0.002475  0.992574 
 0.012376  0.012376  0.002475  0.972772 
 0.943069  0.002475  0.002475  0.051980 
 0.675743  0.032178  0.230198  0.061881 
 0.071782  0.141089  0.131188  0.655941 
 0.319307  0.180693  0.160891  0.339109 
 0.368812  0.121287  0.408416  0.101485 
 0.210396  0.150990  0.269802  0.368812 
 0.388614  0.180693  0.210396  0.220297 
 0.141089  0.556931  0.111386  0.190594 
 0.111386  0.349010  0.368812  0.170792 

