MEME version 4

ALPHABET= ACGT

strands: + -

Background letter frequencies
A 0.250000 C 0.250000 G 0.250000 T 0.250000

MOTIF UP00627F_1 WT1
letter-probability matrix: alength= 4 w= 23 nsites= 100 E= 0
 0.071782  0.071782  0.061881  0.794554 
 0.378713  0.071782  0.160891  0.388614 
 0.210396  0.081683  0.150990  0.556931 
 0.091584  0.081683  0.121287  0.705446 
 0.259901  0.190594  0.111386  0.438119 
 0.487624  0.250000  0.150990  0.111386 
 0.467822  0.131188  0.051980  0.349010 
 0.853960  0.032178  0.071782  0.042079 
 0.091584  0.032178  0.051980  0.824257 
 0.774752  0.042079  0.022277  0.160891 
 0.349010  0.329208  0.121287  0.200495 
 0.745050  0.022277  0.200495  0.032178 
 0.388614  0.081683  0.150990  0.378713 
 0.794554  0.022277  0.141089  0.042079 
 0.042079  0.061881  0.012376  0.883663 
 0.853960  0.061881  0.032178  0.051980 
 0.754950  0.051980  0.081683  0.111386 
 0.457921  0.121287  0.061881  0.358911 
 0.279703  0.160891  0.160891  0.398515 
 0.230198  0.042079  0.071782  0.655941 
 0.339109  0.240099  0.121287  0.299505 
 0.170792  0.022277  0.368812  0.438119 
 0.032178  0.061881  0.853960  0.051980 

