MEME version 4

ALPHABET= ACGT

strands: + -

Background letter frequencies
A 0.250000 C 0.250000 G 0.250000 T 0.250000

MOTIF UP00523A_1 FOXR1
letter-probability matrix: alength= 4 w= 22 nsites= 100 E= 0
 0.200495  0.269802  0.349010  0.180693 
 0.210396  0.576733  0.091584  0.121287 
 0.190594  0.388614  0.240099  0.180693 
 0.230198  0.240099  0.190594  0.339109 
 0.160891  0.398515  0.210396  0.230198 
 0.319307  0.061881  0.319307  0.299505 
 0.378713  0.299505  0.240099  0.081683 
 0.358911  0.061881  0.349010  0.230198 
 0.012376  0.962871  0.002475  0.022277 
 0.972772  0.012376  0.012376  0.002475 
 0.972772  0.012376  0.002475  0.012376 
 0.952970  0.002475  0.012376  0.032178 
 0.002475  0.952970  0.002475  0.042079 
 0.913366  0.012376  0.051980  0.022277 
 0.507426  0.200495  0.180693  0.111386 
 0.329208  0.269802  0.071782  0.329208 
 0.160891  0.398515  0.051980  0.388614 
 0.358911  0.220297  0.220297  0.200495 
 0.299505  0.091584  0.230198  0.378713 
 0.111386  0.240099  0.269802  0.378713 
 0.279703  0.160891  0.438119  0.121287 
 0.210396  0.160891  0.259901  0.368812 

