MEME version 4

ALPHABET= ACGT

strands: + -

Background letter frequencies
A 0.250000 C 0.250000 G 0.250000 T 0.250000

MOTIF UP00259A_1 HOXB6
letter-probability matrix: alength= 4 w= 16 nsites= 100 E= 0
 0.289604  0.141089  0.061881  0.507426 
 0.547030  0.101485  0.071782  0.279703 
 0.180693  0.042079  0.180693  0.596535 
 0.180693  0.101485  0.339109  0.378713 
 0.170792  0.299505  0.329208  0.200495 
 0.081683  0.111386  0.665842  0.141089 
 0.022277  0.200495  0.022277  0.754950 
 0.824257  0.121287  0.022277  0.032178 
 0.943069  0.022277  0.012376  0.022277 
 0.032178  0.012376  0.012376  0.943069 
 0.032178  0.022277  0.121287  0.824257 
 0.754950  0.022277  0.200495  0.022277 
 0.111386  0.735149  0.061881  0.091584 
 0.200495  0.329208  0.299505  0.170792 
 0.259901  0.131188  0.289604  0.319307 
 0.180693  0.250000  0.240099  0.329208 

