MEME version 4

ALPHABET= ACGT

strands: + -

Background letter frequencies
A 0.250000 C 0.250000 G 0.250000 T 0.250000

MOTIF UP00619A_1 PROP1
letter-probability matrix: alength= 4 w= 22 nsites= 100 E= 0
 0.309406  0.200495  0.111386  0.378713 
 0.745050  0.051980  0.071782  0.131188 
 0.200495  0.388614  0.091584  0.319307 
 0.240099  0.091584  0.071782  0.596535 
 0.051980  0.240099  0.448020  0.259901 
 0.081683  0.042079  0.012376  0.863861 
 0.824257  0.022277  0.071782  0.081683 
 0.952970  0.012376  0.012376  0.022277 
 0.061881  0.131188  0.022277  0.784653 
 0.061881  0.438119  0.032178  0.467822 
 0.319307  0.081683  0.111386  0.487624 
 0.685644  0.071782  0.180693  0.061881 
 0.913366  0.012376  0.042079  0.032178 
 0.002475  0.012376  0.002475  0.982673 
 0.071782  0.042079  0.002475  0.883663 
 0.883663  0.012376  0.042079  0.061881 
 0.230198  0.101485  0.269802  0.398515 
 0.091584  0.349010  0.180693  0.378713 
 0.131188  0.081683  0.081683  0.705446 
 0.309406  0.081683  0.349010  0.259901 
 0.319307  0.230198  0.240099  0.210396 
 0.190594  0.071782  0.537129  0.200495 

