MEME version 4

ALPHABET= ACGT

strands: + -

Background letter frequencies
A 0.250000 C 0.250000 G 0.250000 T 0.250000

MOTIF UP00621C_1 SNAI2
letter-probability matrix: alength= 4 w= 22 nsites= 100 E= 0
 0.210396  0.210396  0.170792  0.408416 
 0.428218  0.210396  0.131188  0.230198 
 0.289604  0.101485  0.269802  0.339109 
 0.418317  0.250000  0.141089  0.190594 
 0.339109  0.101485  0.368812  0.190594 
 0.675743  0.190594  0.061881  0.071782 
 0.259901  0.111386  0.230198  0.398515 
 0.339109  0.210396  0.438119  0.012376 
 0.012376  0.972772  0.002475  0.012376 
 0.992574  0.002475  0.002475  0.002475 
 0.002475  0.992574  0.002475  0.002475 
 0.002475  0.982673  0.002475  0.012376 
 0.002475  0.002475  0.002475  0.992574 
 0.002475  0.002475  0.982673  0.012376 
 0.032178  0.586634  0.002475  0.378713 
 0.051980  0.081683  0.042079  0.824257 
 0.566832  0.121287  0.150990  0.160891 
 0.170792  0.150990  0.319307  0.358911 
 0.398515  0.230198  0.091584  0.279703 
 0.200495  0.378713  0.141089  0.279703 
 0.507426  0.180693  0.111386  0.200495 
 0.259901  0.190594  0.259901  0.289604 

