MEME version 4

ALPHABET= ACGT

strands: + -

Background letter frequencies
A 0.250000 C 0.250000 G 0.250000 T 0.250000

MOTIF UP00599A_2 KLF1
letter-probability matrix: alength= 4 w= 22 nsites= 100 E= 0
 0.438119  0.131188  0.170792  0.259901 
 0.319307  0.190594  0.190594  0.299505 
 0.220297  0.240099  0.170792  0.368812 
 0.269802  0.150990  0.210396  0.368812 
 0.259901  0.240099  0.111386  0.388614 
 0.259901  0.240099  0.289604  0.210396 
 0.329208  0.042079  0.428218  0.200495 
 0.042079  0.873762  0.022277  0.061881 
 0.042079  0.893564  0.012376  0.051980 
 0.101485  0.873762  0.012376  0.012376 
 0.012376  0.972772  0.002475  0.012376 
 0.190594  0.002475  0.774752  0.032178 
 0.002475  0.992574  0.002475  0.002475 
 0.012376  0.982673  0.002475  0.002475 
 0.012376  0.952970  0.002475  0.032178 
 0.240099  0.339109  0.061881  0.358911 
 0.269802  0.160891  0.150990  0.418317 
 0.200495  0.358911  0.141089  0.299505 
 0.259901  0.398515  0.141089  0.200495 
 0.269802  0.299505  0.240099  0.190594 
 0.190594  0.378713  0.259901  0.170792 
 0.160891  0.309406  0.190594  0.339109 

