MEME version 4

ALPHABET= ACGT

strands: + -

Background letter frequencies
A 0.250000 C 0.250000 G 0.250000 T 0.250000

MOTIF UP00480A_2 GST-NOTCH1
letter-probability matrix: alength= 4 w= 14 nsites= 100 E= 0
 0.180693  0.279703  0.230198  0.309406 
 0.240099  0.200495  0.200495  0.358911 
 0.636139  0.061881  0.160891  0.141089 
 0.626238  0.081683  0.200495  0.091584 
 0.250000  0.180693  0.091584  0.477723 
 0.606436  0.131188  0.131188  0.131188 
 0.527228  0.269802  0.071782  0.131188 
 0.586634  0.051980  0.131188  0.230198 
 0.735149  0.111386  0.042079  0.111386 
 0.141089  0.388614  0.408416  0.061881 
 0.061881  0.220297  0.497525  0.220297 
 0.735149  0.032178  0.111386  0.121287 
 0.457921  0.081683  0.279703  0.180693 
 0.378713  0.279703  0.150990  0.190594 

