MEME version 4

ALPHABET= ACGT

strands: + -

Background letter frequencies
A 0.250000 C 0.250000 G 0.250000 T 0.250000

MOTIF UP00610A_2 PAX4
letter-probability matrix: alength= 4 w= 22 nsites= 100 E= 0
 0.527228  0.240099  0.131188  0.101485 
 0.745050  0.111386  0.071782  0.071782 
 0.160891  0.141089  0.250000  0.448020 
 0.408416  0.111386  0.180693  0.299505 
 0.259901  0.150990  0.507426  0.081683 
 0.180693  0.418317  0.170792  0.230198 
 0.230198  0.289604  0.240099  0.240099 
 0.042079  0.507426  0.032178  0.418317 
 0.061881  0.022277  0.210396  0.705446 
 0.962871  0.012376  0.012376  0.012376 
 0.982673  0.002475  0.012376  0.002475 
 0.002475  0.012376  0.002475  0.982673 
 0.012376  0.012376  0.012376  0.962871 
 0.705446  0.210396  0.022277  0.061881 
 0.418317  0.032178  0.507426  0.042079 
 0.250000  0.428218  0.111386  0.210396 
 0.250000  0.259901  0.240099  0.250000 
 0.111386  0.566832  0.250000  0.071782 
 0.388614  0.309406  0.190594  0.111386 
 0.289604  0.279703  0.111386  0.319307 
 0.150990  0.250000  0.250000  0.349010 
 0.368812  0.210396  0.101485  0.319307 

