MEME version 4

ALPHABET= ACGT

strands: + -

Background letter frequencies
A 0.250000 C 0.250000 G 0.250000 T 0.250000

MOTIF UP00596B_1 HOXC4
letter-probability matrix: alength= 4 w= 22 nsites= 100 E= 0
 0.111386  0.170792  0.250000  0.467822 
 0.101485  0.160891  0.378713  0.358911 
 0.309406  0.309406  0.220297  0.160891 
 0.180693  0.477723  0.230198  0.111386 
 0.200495  0.200495  0.408416  0.190594 
 0.170792  0.378713  0.240099  0.210396 
 0.230198  0.210396  0.448020  0.111386 
 0.051980  0.150990  0.121287  0.675743 
 0.012376  0.121287  0.002475  0.863861 
 0.923267  0.071782  0.002475  0.002475 
 0.962871  0.002475  0.012376  0.022277 
 0.022277  0.012376  0.002475  0.962871 
 0.002475  0.002475  0.071782  0.923267 
 0.863861  0.002475  0.121287  0.012376 
 0.675743  0.121287  0.150990  0.051980 
 0.061881  0.200495  0.408416  0.329208 
 0.339109  0.309406  0.220297  0.131188 
 0.309406  0.279703  0.230198  0.180693 
 0.230198  0.170792  0.160891  0.438119 
 0.190594  0.527228  0.170792  0.111386 
 0.220297  0.150990  0.388614  0.240099 
 0.329208  0.230198  0.299505  0.141089 

