MEME version 4

ALPHABET= ACGT

strands: + -

Background letter frequencies
A 0.250000 C 0.250000 G 0.250000 T 0.250000

MOTIF UP00480A_6 MAML1-CSL-GST-NOTCH1
letter-probability matrix: alength= 4 w= 23 nsites= 100 E= 0
 0.210396  0.269802  0.230198  0.289604 
 0.160891  0.408416  0.210396  0.220297 
 0.131188  0.071782  0.289604  0.507426 
 0.279703  0.230198  0.131188  0.358911 
 0.269802  0.141089  0.180693  0.408416 
 0.299505  0.299505  0.101485  0.299505 
 0.042079  0.517327  0.339109  0.101485 
 0.051980  0.626238  0.160891  0.160891 
 0.289604  0.230198  0.438119  0.042079 
 0.032178  0.022277  0.012376  0.933168 
 0.002475  0.012376  0.972772  0.012376 
 0.091584  0.012376  0.834158  0.061881 
 0.022277  0.002475  0.972772  0.002475 
 0.952970  0.002475  0.022277  0.022277 
 0.804455  0.061881  0.111386  0.022277 
 0.299505  0.477723  0.081683  0.141089 
 0.230198  0.349010  0.111386  0.309406 
 0.507426  0.091584  0.091584  0.309406 
 0.141089  0.220297  0.378713  0.259901 
 0.250000  0.200495  0.160891  0.388614 
 0.091584  0.170792  0.408416  0.329208 
 0.358911  0.081683  0.329208  0.230198 
 0.240099  0.230198  0.349010  0.180693 

