MEME version 4

ALPHABET= ACGT

strands: + -

Background letter frequencies
A 0.250000 C 0.250000 G 0.250000 T 0.250000

MOTIF UP00617C_1 POU4F3
letter-probability matrix: alength= 4 w= 22 nsites= 100 E= 0
 0.180693  0.467822  0.091584  0.259901 
 0.250000  0.141089  0.150990  0.457921 
 0.349010  0.081683  0.319307  0.250000 
 0.289604  0.170792  0.269802  0.269802 
 0.299505  0.131188  0.121287  0.448020 
 0.349010  0.111386  0.180693  0.358911 
 0.150990  0.190594  0.220297  0.438119 
 0.042079  0.170792  0.002475  0.784653 
 0.933168  0.022277  0.022277  0.022277 
 0.012376  0.032178  0.002475  0.952970 
 0.022277  0.002475  0.893564  0.081683 
 0.081683  0.893564  0.002475  0.022277 
 0.952970  0.002475  0.032178  0.012376 
 0.032178  0.022277  0.022277  0.923267 
 0.784653  0.002475  0.170792  0.042079 
 0.556931  0.111386  0.061881  0.269802 
 0.408416  0.081683  0.230198  0.279703 
 0.497525  0.180693  0.150990  0.170792 
 0.329208  0.042079  0.250000  0.378713 
 0.547030  0.101485  0.111386  0.240099 
 0.467822  0.081683  0.279703  0.170792 
 0.428218  0.141089  0.111386  0.319307 

