MEME version 4

ALPHABET= ACGT

strands: + -

Background letter frequencies
A 0.250000 C 0.250000 G 0.250000 T 0.250000

MOTIF UP00480A_5 GST-NOTCH1
letter-probability matrix: alength= 4 w= 17 nsites= 100 E= 0
 0.240099  0.150990  0.358911  0.250000 
 0.180693  0.398515  0.269802  0.150990 
 0.259901  0.319307  0.190594  0.230198 
 0.061881  0.319307  0.448020  0.170792 
 0.061881  0.576733  0.160891  0.200495 
 0.220297  0.141089  0.596535  0.042079 
 0.012376  0.012376  0.002475  0.972772 
 0.002475  0.002475  0.992574  0.002475 
 0.111386  0.012376  0.784653  0.091584 
 0.012376  0.002475  0.982673  0.002475 
 0.972772  0.002475  0.012376  0.012376 
 0.675743  0.111386  0.190594  0.022277 
 0.240099  0.339109  0.111386  0.309406 
 0.141089  0.408416  0.279703  0.170792 
 0.339109  0.170792  0.240099  0.250000 
 0.150990  0.418317  0.329208  0.101485 
 0.071782  0.240099  0.190594  0.497525 

