MEME version 4

ALPHABET= ACGT

strands: + -

Background letter frequencies
A 0.250000 C 0.250000 G 0.250000 T 0.250000

MOTIF UP00584A_2 ARX
letter-probability matrix: alength= 4 w= 22 nsites= 100 E= 0
 0.358911  0.210396  0.230198  0.200495 
 0.794554  0.061881  0.081683  0.061881 
 0.210396  0.200495  0.388614  0.200495 
 0.349010  0.051980  0.339109  0.259901 
 0.349010  0.101485  0.220297  0.329208 
 0.160891  0.408416  0.200495  0.230198 
 0.210396  0.240099  0.517327  0.032178 
 0.042079  0.764851  0.061881  0.131188 
 0.012376  0.329208  0.012376  0.646040 
 0.972772  0.012376  0.012376  0.002475 
 0.972772  0.002475  0.012376  0.012376 
 0.012376  0.012376  0.002475  0.972772 
 0.002475  0.012376  0.012376  0.972772 
 0.646040  0.012376  0.329208  0.012376 
 0.121287  0.061881  0.774752  0.042079 
 0.071782  0.556931  0.220297  0.150990 
 0.091584  0.190594  0.289604  0.428218 
 0.349010  0.269802  0.240099  0.141089 
 0.230198  0.250000  0.250000  0.269802 
 0.210396  0.210396  0.230198  0.349010 
 0.141089  0.230198  0.388614  0.240099 
 0.368812  0.279703  0.170792  0.180693 

