MEME version 4

ALPHABET= ACGT

strands: + -

Background letter frequencies
A 0.250000 C 0.250000 G 0.250000 T 0.250000

MOTIF UP00629A_1 ZNF200
letter-probability matrix: alength= 4 w= 23 nsites= 100 E= 0
 0.150990  0.279703  0.428218  0.141089 
 0.160891  0.329208  0.319307  0.190594 
 0.329208  0.210396  0.150990  0.309406 
 0.210396  0.150990  0.339109  0.299505 
 0.210396  0.160891  0.269802  0.358911 
 0.378713  0.141089  0.190594  0.289604 
 0.596535  0.042079  0.190594  0.170792 
 0.537129  0.131188  0.190594  0.141089 
 0.279703  0.091584  0.368812  0.259901 
 0.032178  0.002475  0.952970  0.012376 
 0.051980  0.002475  0.943069  0.002475 
 0.972772  0.002475  0.022277  0.002475 
 0.012376  0.002475  0.735149  0.250000 
 0.972772  0.012376  0.002475  0.012376 
 0.002475  0.893564  0.012376  0.091584 
 0.358911  0.517327  0.012376  0.111386 
 0.289604  0.378713  0.081683  0.250000 
 0.319307  0.230198  0.180693  0.269802 
 0.250000  0.289604  0.329208  0.131188 
 0.259901  0.200495  0.220297  0.319307 
 0.210396  0.269802  0.368812  0.150990 
 0.289604  0.200495  0.269802  0.240099 
 0.507426  0.131188  0.071782  0.289604 

