MEME version 4

ALPHABET= ACGT

strands: + -

Background letter frequencies
A 0.250000 C 0.250000 G 0.250000 T 0.250000

MOTIF UP00619B_1 PROP1
letter-probability matrix: alength= 4 w= 23 nsites= 100 E= 0
 0.289604  0.210396  0.299505  0.200495 
 0.309406  0.042079  0.091584  0.556931 
 0.349010  0.200495  0.349010  0.101485 
 0.131188  0.150990  0.160891  0.556931 
 0.250000  0.111386  0.388614  0.250000 
 0.150990  0.071782  0.061881  0.715347 
 0.477723  0.121287  0.101485  0.299505 
 0.596535  0.111386  0.042079  0.250000 
 0.200495  0.170792  0.141089  0.487624 
 0.091584  0.329208  0.051980  0.527228 
 0.071782  0.289604  0.002475  0.636139 
 0.774752  0.022277  0.111386  0.091584 
 0.883663  0.022277  0.022277  0.071782 
 0.022277  0.012376  0.002475  0.962871 
 0.042079  0.061881  0.012376  0.883663 
 0.794554  0.012376  0.170792  0.022277 
 0.299505  0.061881  0.507426  0.131188 
 0.101485  0.230198  0.269802  0.398515 
 0.398515  0.220297  0.111386  0.269802 
 0.210396  0.279703  0.081683  0.428218 
 0.457921  0.051980  0.131188  0.358911 
 0.665842  0.061881  0.081683  0.190594 
 0.319307  0.240099  0.101485  0.339109 

