MEME version 4

ALPHABET= ACGT

strands: + -

Background letter frequencies
A 0.250000 C 0.250000 G 0.250000 T 0.250000

MOTIF UP00480A_3 GST-NOTCH1
letter-probability matrix: alength= 4 w= 23 nsites= 100 E= 0
 0.329208  0.101485  0.150990  0.418317 
 0.517327  0.101485  0.160891  0.220297 
 0.141089  0.210396  0.299505  0.349010 
 0.566832  0.061881  0.121287  0.250000 
 0.180693  0.319307  0.309406  0.190594 
 0.210396  0.230198  0.240099  0.319307 
 0.160891  0.180693  0.269802  0.388614 
 0.616337  0.150990  0.111386  0.121287 
 0.309406  0.200495  0.398515  0.091584 
 0.101485  0.071782  0.032178  0.794554 
 0.081683  0.022277  0.863861  0.032178 
 0.170792  0.022277  0.745050  0.061881 
 0.032178  0.022277  0.893564  0.051980 
 0.873762  0.051980  0.042079  0.032178 
 0.804455  0.032178  0.101485  0.061881 
 0.398515  0.398515  0.111386  0.091584 
 0.230198  0.190594  0.071782  0.507426 
 0.349010  0.131188  0.240099  0.279703 
 0.358911  0.160891  0.121287  0.358911 
 0.200495  0.289604  0.250000  0.259901 
 0.378713  0.358911  0.051980  0.210396 
 0.240099  0.180693  0.319307  0.259901 
 0.299505  0.101485  0.349010  0.250000 

