MEME version 4

ALPHABET= ACGT

strands: + -

Background letter frequencies
A 0.250000 C 0.250000 G 0.250000 T 0.250000

MOTIF UP00600B_1 KLF11
letter-probability matrix: alength= 4 w= 22 nsites= 100 E= 0
 0.141089  0.309406  0.200495  0.349010 
 0.170792  0.250000  0.121287  0.457921 
 0.309406  0.230198  0.200495  0.259901 
 0.259901  0.081683  0.339109  0.319307 
 0.398515  0.170792  0.220297  0.210396 
 0.230198  0.418317  0.141089  0.210396 
 0.319307  0.448020  0.061881  0.170792 
 0.556931  0.428218  0.002475  0.012376 
 0.002475  0.972772  0.002475  0.022277 
 0.022277  0.002475  0.972772  0.002475 
 0.002475  0.992574  0.002475  0.002475 
 0.002475  0.992574  0.002475  0.002475 
 0.002475  0.972772  0.002475  0.022277 
 0.141089  0.844059  0.002475  0.012376 
 0.012376  0.923267  0.002475  0.061881 
 0.170792  0.448020  0.111386  0.269802 
 0.091584  0.349010  0.259901  0.299505 
 0.131188  0.388614  0.358911  0.121287 
 0.150990  0.190594  0.368812  0.289604 
 0.121287  0.339109  0.289604  0.250000 
 0.319307  0.220297  0.279703  0.180693 
 0.329208  0.408416  0.091584  0.170792 

