MEME version 4

ALPHABET= ACGT

strands: + -

Background letter frequencies
A 0.250000 C 0.250000 G 0.250000 T 0.250000

MOTIF UP00521A_3 FOXN2
letter-probability matrix: alength= 4 w= 23 nsites= 100 E= 0
 0.507426  0.150990  0.170792  0.170792 
 0.616337  0.141089  0.101485  0.141089 
 0.398515  0.150990  0.051980  0.398515 
 0.101485  0.477723  0.289604  0.131188 
 0.438119  0.081683  0.160891  0.319307 
 0.398515  0.160891  0.250000  0.190594 
 0.428218  0.061881  0.319307  0.190594 
 0.250000  0.101485  0.487624  0.160891 
 0.200495  0.250000  0.299505  0.250000 
 0.012376  0.022277  0.962871  0.002475 
 0.972772  0.002475  0.012376  0.012376 
 0.012376  0.962871  0.002475  0.022277 
 0.012376  0.002475  0.972772  0.012376 
 0.002475  0.982673  0.002475  0.012376 
 0.022277  0.388614  0.081683  0.507426 
 0.705446  0.071782  0.022277  0.200495 
 0.349010  0.259901  0.032178  0.358911 
 0.438119  0.131188  0.170792  0.259901 
 0.418317  0.160891  0.101485  0.319307 
 0.190594  0.358911  0.051980  0.398515 
 0.240099  0.210396  0.230198  0.319307 
 0.250000  0.289604  0.081683  0.378713 
 0.200495  0.190594  0.358911  0.250000 

