MEME version 4

ALPHABET= ACGT

strands: + -

Background letter frequencies
A 0.250000 C 0.250000 G 0.250000 T 0.250000

MOTIF UP00605B_1 NKX2-8
letter-probability matrix: alength= 4 w= 22 nsites= 100 E= 0
 0.230198  0.210396  0.180693  0.378713 
 0.279703  0.160891  0.111386  0.448020 
 0.240099  0.210396  0.230198  0.319307 
 0.368812  0.200495  0.279703  0.150990 
 0.408416  0.190594  0.289604  0.111386 
 0.388614  0.230198  0.319307  0.061881 
 0.220297  0.091584  0.319307  0.368812 
 0.091584  0.675743  0.220297  0.012376 
 0.002475  0.913366  0.002475  0.081683 
 0.913366  0.032178  0.002475  0.051980 
 0.032178  0.962871  0.002475  0.002475 
 0.012376  0.002475  0.002475  0.982673 
 0.002475  0.477723  0.002475  0.517327 
 0.071782  0.240099  0.616337  0.071782 
 0.844059  0.002475  0.012376  0.141089 
 0.250000  0.438119  0.289604  0.022277 
 0.368812  0.081683  0.081683  0.467822 
 0.141089  0.170792  0.150990  0.537129 
 0.071782  0.279703  0.170792  0.477723 
 0.200495  0.190594  0.418317  0.190594 
 0.190594  0.230198  0.299505  0.279703 
 0.170792  0.428218  0.339109  0.061881 

