MEME version 4

ALPHABET= ACGT

strands: + -

Background letter frequencies
A 0.250000 C 0.250000 G 0.250000 T 0.250000

MOTIF UP00609C_1 PAX3
letter-probability matrix: alength= 4 w= 22 nsites= 100 E= 0
 0.141089  0.121287  0.438119  0.299505 
 0.378713  0.160891  0.259901  0.200495 
 0.309406  0.190594  0.160891  0.339109 
 0.289604  0.457921  0.111386  0.141089 
 0.101485  0.240099  0.358911  0.299505 
 0.240099  0.170792  0.200495  0.388614 
 0.230198  0.042079  0.022277  0.705446 
 0.903465  0.042079  0.032178  0.022277 
 0.933168  0.012376  0.012376  0.042079 
 0.002475  0.081683  0.012376  0.903465 
 0.002475  0.784653  0.032178  0.180693 
 0.180693  0.032178  0.784653  0.002475 
 0.893564  0.012376  0.081683  0.012376 
 0.042079  0.012376  0.012376  0.933168 
 0.022277  0.032178  0.042079  0.903465 
 0.844059  0.022277  0.071782  0.061881 
 0.240099  0.408416  0.160891  0.190594 
 0.190594  0.230198  0.180693  0.398515 
 0.289604  0.141089  0.349010  0.220297 
 0.230198  0.220297  0.349010  0.200495 
 0.497525  0.250000  0.150990  0.101485 
 0.299505  0.131188  0.269802  0.299505 

