MEME version 4

ALPHABET= ACGT

strands: + -

Background letter frequencies
A 0.250000 C 0.250000 G 0.250000 T 0.250000

MOTIF UP00616B_1 POU3F4
letter-probability matrix: alength= 4 w= 22 nsites= 100 E= 0
 0.250000  0.269802  0.141089  0.339109 
 0.190594  0.220297  0.299505  0.289604 
 0.467822  0.091584  0.101485  0.339109 
 0.358911  0.160891  0.289604  0.190594 
 0.150990  0.279703  0.121287  0.448020 
 0.150990  0.141089  0.081683  0.626238 
 0.368812  0.250000  0.061881  0.319307 
 0.834158  0.022277  0.022277  0.121287 
 0.121287  0.002475  0.012376  0.863861 
 0.111386  0.012376  0.002475  0.873762 
 0.962871  0.012376  0.002475  0.022277 
 0.032178  0.012376  0.022277  0.933168 
 0.032178  0.012376  0.725248  0.230198 
 0.022277  0.883663  0.032178  0.061881 
 0.675743  0.012376  0.259901  0.051980 
 0.180693  0.081683  0.527228  0.210396 
 0.547030  0.121287  0.180693  0.150990 
 0.190594  0.269802  0.131188  0.408416 
 0.457921  0.150990  0.160891  0.230198 
 0.230198  0.160891  0.259901  0.349010 
 0.329208  0.279703  0.071782  0.319307 
 0.329208  0.279703  0.230198  0.160891 

