MEME version 4

ALPHABET= ACGT

strands: + -

Background letter frequencies
A 0.250000 C 0.250000 G 0.250000 T 0.250000

MOTIF UP00630A_1 ZNF655
letter-probability matrix: alength= 4 w= 22 nsites= 100 E= 0
 0.160891  0.329208  0.200495  0.309406 
 0.269802  0.111386  0.210396  0.408416 
 0.368812  0.289604  0.111386  0.230198 
 0.329208  0.190594  0.250000  0.230198 
 0.170792  0.111386  0.438119  0.279703 
 0.329208  0.071782  0.378713  0.220297 
 0.240099  0.081683  0.131188  0.547030 
 0.923267  0.002475  0.042079  0.032178 
 0.032178  0.012376  0.071782  0.883663 
 0.012376  0.002475  0.982673  0.002475 
 0.012376  0.972772  0.002475  0.012376 
 0.022277  0.002475  0.002475  0.972772 
 0.982673  0.002475  0.002475  0.012376 
 0.853960  0.121287  0.012376  0.012376 
 0.032178  0.596535  0.012376  0.358911 
 0.180693  0.240099  0.150990  0.428218 
 0.240099  0.210396  0.121287  0.428218 
 0.398515  0.101485  0.141089  0.358911 
 0.170792  0.150990  0.487624  0.190594 
 0.339109  0.329208  0.091584  0.240099 
 0.279703  0.388614  0.200495  0.131188 
 0.269802  0.230198  0.329208  0.170792 

