MEME version 4

ALPHABET= ACGT

strands: + -

Background letter frequencies
A 0.250000 C 0.250000 G 0.250000 T 0.250000

MOTIF UP00611J_1 PAX6
letter-probability matrix: alength= 4 w= 23 nsites= 100 E= 0
 0.210396  0.309406  0.091584  0.388614 
 0.190594  0.230198  0.477723  0.101485 
 0.071782  0.309406  0.339109  0.279703 
 0.170792  0.250000  0.368812  0.210396 
 0.081683  0.190594  0.527228  0.200495 
 0.160891  0.269802  0.170792  0.398515 
 0.170792  0.170792  0.596535  0.061881 
 0.141089  0.715347  0.071782  0.071782 
 0.250000  0.240099  0.349010  0.160891 
 0.309406  0.230198  0.349010  0.111386 
 0.091584  0.081683  0.121287  0.705446 
 0.081683  0.655941  0.121287  0.141089 
 0.121287  0.745050  0.042079  0.091584 
 0.685644  0.131188  0.111386  0.071782 
 0.071782  0.596535  0.250000  0.081683 
 0.695545  0.081683  0.101485  0.121287 
 0.279703  0.309406  0.319307  0.091584 
 0.180693  0.121287  0.497525  0.200495 
 0.200495  0.606436  0.032178  0.160891 
 0.160891  0.240099  0.131188  0.467822 
 0.032178  0.339109  0.398515  0.230198 
 0.349010  0.141089  0.121287  0.388614 
 0.467822  0.111386  0.170792  0.250000 

