MEME version 4

ALPHABET= ACGT

strands: + -

Background letter frequencies
A 0.250000 C 0.250000 G 0.250000 T 0.250000

MOTIF UP00597B_1 HOXD13
letter-probability matrix: alength= 4 w= 22 nsites= 100 E= 0
 0.160891  0.190594  0.190594  0.457921 
 0.240099  0.131188  0.329208  0.299505 
 0.150990  0.378713  0.279703  0.190594 
 0.309406  0.289604  0.160891  0.240099 
 0.339109  0.200495  0.259901  0.200495 
 0.200495  0.349010  0.150990  0.299505 
 0.150990  0.240099  0.180693  0.428218 
 0.032178  0.576733  0.002475  0.388614 
 0.636139  0.200495  0.012376  0.150990 
 0.913366  0.002475  0.051980  0.032178 
 0.002475  0.022277  0.002475  0.972772 
 0.735149  0.002475  0.012376  0.250000 
 0.893564  0.002475  0.002475  0.101485 
 0.952970  0.012376  0.002475  0.032178 
 0.804455  0.061881  0.061881  0.071782 
 0.269802  0.121287  0.071782  0.537129 
 0.349010  0.180693  0.141089  0.329208 
 0.240099  0.438119  0.150990  0.170792 
 0.259901  0.170792  0.299505  0.269802 
 0.448020  0.279703  0.180693  0.091584 
 0.220297  0.210396  0.081683  0.487624 
 0.220297  0.170792  0.170792  0.438119 

