MEME version 4

ALPHABET= ACGT

strands: + -

Background letter frequencies
A 0.250000 C 0.250000 G 0.250000 T 0.250000

MOTIF UP00586E_1 CRX
letter-probability matrix: alength= 4 w= 22 nsites= 100 E= 0
 0.160891  0.497525  0.101485  0.240099 
 0.448020  0.091584  0.190594  0.269802 
 0.200495  0.160891  0.398515  0.240099 
 0.349010  0.141089  0.240099  0.269802 
 0.368812  0.200495  0.101485  0.329208 
 0.230198  0.200495  0.101485  0.467822 
 0.715347  0.081683  0.091584  0.111386 
 0.160891  0.269802  0.042079  0.527228 
 0.230198  0.210396  0.170792  0.388614 
 0.091584  0.497525  0.279703  0.131188 
 0.071782  0.042079  0.863861  0.022277 
 0.012376  0.022277  0.903465  0.061881 
 0.913366  0.051980  0.012376  0.022277 
 0.022277  0.012376  0.012376  0.952970 
 0.111386  0.012376  0.012376  0.863861 
 0.933168  0.022277  0.022277  0.022277 
 0.259901  0.071782  0.547030  0.121287 
 0.081683  0.150990  0.547030  0.220297 
 0.428218  0.081683  0.160891  0.329208 
 0.467822  0.200495  0.299505  0.032178 
 0.368812  0.131188  0.091584  0.408416 
 0.329208  0.339109  0.250000  0.081683 

