MEME version 4

ALPHABET= ACGT

strands: + -

Background letter frequencies
A 0.250000 C 0.250000 G 0.250000 T 0.250000

MOTIF UP00609F_1 PAX3
letter-probability matrix: alength= 4 w= 23 nsites= 100 E= 0
 0.329208  0.101485  0.180693  0.388614 
 0.299505  0.051980  0.220297  0.428218 
 0.240099  0.170792  0.329208  0.259901 
 0.200495  0.428218  0.121287  0.250000 
 0.200495  0.071782  0.467822  0.259901 
 0.220297  0.111386  0.329208  0.339109 
 0.250000  0.220297  0.230198  0.299505 
 0.685644  0.111386  0.091584  0.111386 
 0.022277  0.428218  0.042079  0.507426 
 0.626238  0.071782  0.091584  0.210396 
 0.358911  0.111386  0.121287  0.408416 
 0.042079  0.339109  0.081683  0.537129 
 0.646040  0.210396  0.121287  0.022277 
 0.081683  0.636139  0.032178  0.250000 
 0.715347  0.071782  0.160891  0.051980 
 0.091584  0.081683  0.170792  0.655941 
 0.329208  0.250000  0.230198  0.190594 
 0.438119  0.170792  0.250000  0.141089 
 0.358911  0.101485  0.309406  0.230198 
 0.150990  0.220297  0.408416  0.220297 
 0.160891  0.091584  0.289604  0.457921 
 0.240099  0.051980  0.438119  0.269802 
 0.131188  0.636139  0.180693  0.051980 

