MEME version 4

ALPHABET= ACGT

strands: + -

Background letter frequencies
A 0.250000 C 0.250000 G 0.250000 T 0.250000

MOTIF UP00627D_1 WT1
letter-probability matrix: alength= 4 w= 22 nsites= 100 E= 0
 0.150990  0.061881  0.438119  0.349010 
 0.299505  0.220297  0.141089  0.339109 
 0.200495  0.240099  0.141089  0.418317 
 0.299505  0.200495  0.121287  0.378713 
 0.121287  0.259901  0.061881  0.556931 
 0.418317  0.230198  0.101485  0.250000 
 0.279703  0.220297  0.200495  0.299505 
 0.022277  0.972772  0.002475  0.002475 
 0.002475  0.992574  0.002475  0.002475 
 0.002475  0.982673  0.002475  0.012376 
 0.141089  0.853960  0.002475  0.002475 
 0.002475  0.992574  0.002475  0.002475 
 0.051980  0.002475  0.933168  0.012376 
 0.002475  0.982673  0.002475  0.012376 
 0.883663  0.012376  0.091584  0.012376 
 0.200495  0.368812  0.101485  0.329208 
 0.250000  0.200495  0.339109  0.210396 
 0.349010  0.200495  0.190594  0.259901 
 0.190594  0.111386  0.259901  0.438119 
 0.150990  0.349010  0.101485  0.398515 
 0.289604  0.250000  0.141089  0.319307 
 0.349010  0.160891  0.121287  0.368812 

