MEME version 4

ALPHABET= ACGT

strands: + -

Background letter frequencies
A 0.250000 C 0.250000 G 0.250000 T 0.250000

MOTIF M00256_2.00 FOXC1 
letter-probability matrix: alength= 4 w= 13 nsites= 100 E= 0
 0.226424  0.226424  0.320728  0.226424 
 0.297158  0.297133  0.202854  0.202854 
 0.345383  0.249649  0.155345  0.249624 
 0.416713  0.131468  0.131468  0.320350 
 0.569704  0.080095  0.080095  0.270105 
 0.694220  0.000277  0.000277  0.305226 
 0.000277  0.000277  0.000277  0.999169 
 0.106432  0.508689  0.000277  0.384602 
 0.928441  0.023853  0.023853  0.023853 
 0.256865  0.552783  0.047423  0.142930 
 0.715203  0.094932  0.094932  0.094932 
 0.214241  0.118809  0.118809  0.548141 
 0.269289  0.170182  0.276337  0.284192 

