MEME version 4

ALPHABET= ACGT

strands: + -

Background letter frequencies
A 0.250000 C 0.250000 G 0.250000 T 0.250000

MOTIF M00339_2.00 PAX6 
letter-probability matrix: alength= 4 w= 13 nsites= 100 E= 0
 0.226447  0.226447  0.320658  0.226447 
 0.297397  0.203186  0.296231  0.203186 
 0.178071  0.372742  0.271116  0.178071 
 0.479093  0.174090  0.166030  0.180787 
 0.050689  0.651331  0.153081  0.144899 
 0.093262  0.107374  0.698687  0.100677 
 0.091981  0.094428  0.605757  0.207834 
 0.199138  0.496149  0.210027  0.094686 
 0.023770  0.116170  0.836291  0.023770 
 0.047031  0.047031  0.858907  0.047031 
 0.481988  0.163910  0.072146  0.281956 
 0.176587  0.176587  0.378474  0.268352 
 0.199528  0.401415  0.199528  0.199528 

