MEME version 4

ALPHABET= ACGT

strands: + -

Background letter frequencies
A 0.250000 C 0.250000 G 0.250000 T 0.250000

MOTIF M00312_2.00 PITX2 
letter-probability matrix: alength= 4 w= 13 nsites= 100 E= 0
 0.322365  0.225878  0.225878  0.225878 
 0.201688  0.298175  0.298449  0.201688 
 0.273299  0.176812  0.276315  0.273573 
 0.172634  0.076192  0.076192  0.674982 
 0.721176  0.123703  0.127312  0.027809 
 0.193952  0.000319  0.097957  0.707772 
 0.297591  0.000319  0.000319  0.701772 
 0.798533  0.104388  0.000319  0.096761 
 0.822610  0.024441  0.024441  0.128509 
 0.048631  0.048631  0.048631  0.854108 
 0.073506  0.073506  0.171246  0.681741 
 0.477619  0.174127  0.174127  0.174127 
 0.332471  0.222510  0.222510  0.222510 

