MEME version 4

ALPHABET= ACGT

strands: + -

Background letter frequencies
A 0.250000 C 0.250000 G 0.250000 T 0.250000

MOTIF M02736_2.00 FOXJ3 
letter-probability matrix: alength= 4 w= 12 nsites= 100 E= 0
 0.886260  0.083712  0.000000  0.030027 
 0.992864  0.001019  0.001019  0.005097 
 0.996929  0.000000  0.003071  0.000000 
 0.002838  0.921476  0.000946  0.074740 
 0.995910  0.001022  0.003067  0.000000 
 0.756799  0.000777  0.241647  0.000777 
 0.010121  0.002024  0.002024  0.985830 
 0.826124  0.173876  0.000000  0.000000 
 0.995910  0.003067  0.001022  0.000000 
 0.995910  0.001022  0.002045  0.001022 
 0.000000  0.942885  0.000968  0.056147 
 0.996929  0.002047  0.000000  0.001024 

