MEME version 4

ALPHABET= ACGT

strands: + -

Background letter frequencies
A 0.250000 C 0.250000 G 0.250000 T 0.250000

MOTIF M02890_2.00 EGR4 
letter-probability matrix: alength= 4 w= 16 nsites= 100 E= 0
 0.381910  0.206030  0.170854  0.241206 
 0.292683  0.243902  0.039024  0.424390 
 0.726804  0.257732  0.000000  0.015464 
 0.000000  1.000000  0.000000  0.000000 
 0.003650  0.000000  0.992701  0.003650 
 0.008197  0.975410  0.000000  0.016393 
 0.012448  0.987552  0.000000  0.000000 
 0.004219  0.983122  0.000000  0.012658 
 0.868852  0.120219  0.010929  0.000000 
 0.004219  0.991561  0.004219  0.000000 
 0.007353  0.007353  0.974265  0.011029 
 0.000000  1.000000  0.000000  0.000000 
 0.839196  0.000000  0.140704  0.020101 
 0.238806  0.293532  0.004975  0.462687 
 0.326633  0.125628  0.035176  0.512563 
 0.158654  0.211538  0.086538  0.543269 

