MEME version 4

ALPHABET= ACGT

strands: + -

Background letter frequencies
A 0.250000 C 0.250000 G 0.250000 T 0.250000

MOTIF M02875_2.00 GLI2 
letter-probability matrix: alength= 4 w= 14 nsites= 100 E= 0
 0.044741  0.046647  0.805336  0.103276 
 0.687854  0.191536  0.119371  0.001240 
 0.039207  0.950616  0.001714  0.008463 
 0.002236  0.992063  0.002795  0.002907 
 0.765660  0.089733  0.055393  0.089215 
 0.003027  0.994843  0.001906  0.000224 
 0.322469  0.671483  0.004592  0.001456 
 0.084949  0.792675  0.015811  0.106565 
 0.812861  0.018412  0.144270  0.024457 
 0.189785  0.546092  0.134708  0.129415 
 0.309972  0.183324  0.414535  0.092169 
 0.346293  0.144918  0.231913  0.276876 
 0.274284  0.362745  0.117196  0.245774 
 0.118555  0.198004  0.549950  0.133490 

