MEME version 4

ALPHABET= ACGT

strands: + -

Background letter frequencies
A 0.250000 C 0.250000 G 0.250000 T 0.250000

MOTIF M02827_2.00 DBP 
letter-probability matrix: alength= 4 w= 12 nsites= 100 E= 0
 0.185269  0.314356  0.228262  0.272113 
 0.490420  0.147190  0.356442  0.005948 
 0.000696  0.000856  0.000107  0.998341 
 0.001051  0.000901  0.064699  0.933350 
 0.953143  0.000511  0.046346  0.000000 
 0.000386  0.899417  0.000000  0.100198 
 0.202855  0.001960  0.794759  0.000426 
 0.000000  0.087730  0.000098  0.912172 
 0.946372  0.052664  0.000406  0.000558 
 0.998875  0.000321  0.000000  0.000803 
 0.006805  0.557993  0.079902  0.355300 
 0.362871  0.318055  0.173528  0.145545 

