MEME version 4

ALPHABET= ACGT

strands: + -

Background letter frequencies
A 0.250000 C 0.250000 G 0.250000 T 0.250000

MOTIF M02880_2.00 GLIS3 
letter-probability matrix: alength= 4 w= 14 nsites= 100 E= 0
 0.006369  0.968153  0.025478  0.000000 
 0.117460  0.012698  0.177778  0.692063 
 0.134052  0.047766  0.003082  0.815100 
 0.080495  0.668731  0.017544  0.233230 
 0.073913  0.034783  0.886957  0.004348 
 0.009346  0.069574  0.001038  0.920042 
 0.086580  0.000000  0.913420  0.000000 
 0.000000  0.000000  0.980392  0.019608 
 0.003460  0.000000  0.996540  0.000000 
 0.028125  0.000000  0.965625  0.006250 
 0.000000  0.000000  1.000000  0.000000 
 0.003436  0.003436  0.993127  0.000000 
 0.000000  0.029748  0.004577  0.965675 
 0.262997  0.687054  0.041794  0.008155 

