MEME version 4

ALPHABET= ACGT

strands: + -

Background letter frequencies
A 0.250000 C 0.250000 G 0.250000 T 0.250000

MOTIF M02822_2.00 MGA 
letter-probability matrix: alength= 4 w= 18 nsites= 100 E= 0
 0.843794  0.007671  0.107392  0.041144 
 0.090781  0.056621  0.805335  0.047263 
 0.000000  0.006320  0.993194  0.000486 
 0.000450  0.089069  0.000900  0.909582 
 0.000476  0.000476  0.998573  0.000476 
 0.036496  0.091697  0.004106  0.867701 
 0.026214  0.023301  0.680583  0.269903 
 0.987189  0.001423  0.009964  0.001423 
 0.344322  0.302198  0.101954  0.251526 
 0.277183  0.114366  0.310986  0.297465 
 0.002795  0.000932  0.000000  0.996274 
 0.343264  0.613990  0.011658  0.031088 
 0.899543  0.009132  0.063275  0.028050 
 0.000000  1.000000  0.000000  0.000000 
 0.939655  0.000663  0.059682  0.000000 
 0.000639  0.991688  0.007033  0.000639 
 0.013859  0.703092  0.111940  0.171109 
 0.055430  0.145561  0.009914  0.789094 

