MEME version 4

ALPHABET= ACGT

strands: + -

Background letter frequencies
A 0.250000 C 0.250000 G 0.250000 T 0.250000

MOTIF M02830_2.00 CREB3 
letter-probability matrix: alength= 4 w= 14 nsites= 100 E= 0
 0.138710  0.316129  0.161290  0.383871 
 0.159892  0.094851  0.569106  0.176152 
 0.517685  0.090032  0.369775  0.022508 
 0.018750  0.037500  0.006250  0.937500 
 0.014981  0.029963  0.917603  0.037453 
 0.994709  0.000000  0.002646  0.002646 
 0.004425  0.988938  0.000000  0.006637 
 0.000000  0.000000  1.000000  0.000000 
 0.003268  0.000000  0.000000  0.996732 
 0.025830  0.059041  0.889299  0.025830 
 0.062305  0.006231  0.644860  0.286604 
 0.239332  0.723562  0.000000  0.037106 
 0.605544  0.159915  0.166311  0.068230 
 0.159236  0.340764  0.248408  0.251592 

