MEME version 4

ALPHABET= ACGT

strands: + -

Background letter frequencies
A 0.250000 C 0.250000 G 0.250000 T 0.250000

MOTIF M02826_2.00 XBP1 
letter-probability matrix: alength= 4 w= 14 nsites= 100 E= 0
 0.127956  0.124578  0.646228  0.101239 
 0.530251  0.262013  0.188646  0.019089 
 0.011062  0.020801  0.005771  0.962366 
 0.004530  0.006083  0.940202  0.049185 
 0.997372  0.000876  0.001752  0.000000 
 0.000876  0.994569  0.000000  0.004555 
 0.001356  0.000271  0.997153  0.001220 
 0.014301  0.033450  0.002060  0.950188 
 0.055250  0.027750  0.896125  0.020875 
 0.031610  0.007551  0.487458  0.473381 
 0.180904  0.714575  0.028605  0.075916 
 0.446168  0.297780  0.132880  0.123173 
 0.209906  0.284552  0.119929  0.385613 
 0.300049  0.097422  0.067867  0.534663 

