MEME version 4

ALPHABET= ACGT

strands: + -

Background letter frequencies
A 0.250000 C 0.250000 G 0.250000 T 0.250000

MOTIF M02810_2.00 HES5 
letter-probability matrix: alength= 4 w= 12 nsites= 100 E= 0
 0.102669  0.516727  0.043727  0.336877 
 0.007885  0.001899  0.989958  0.000257 
 0.231937  0.010160  0.756698  0.001205 
 0.000713  0.996275  0.002786  0.000227 
 0.996921  0.000616  0.002269  0.000194 
 0.000810  0.996598  0.001976  0.000616 
 0.000455  0.000422  0.999058  0.000065 
 0.000937  0.000517  0.005007  0.993540 
 0.000455  0.000390  0.998734  0.000422 
 0.000453  0.870447  0.008320  0.120780 
 0.000743  0.993379  0.001970  0.003908 
 0.412627  0.067720  0.442992  0.076660 

