MEME version 4

ALPHABET= ACGT

strands: + -

Background letter frequencies
A 0.250000 C 0.250000 G 0.250000 T 0.250000

MOTIF M02881_2.00 PRDM4 
letter-probability matrix: alength= 4 w= 13 nsites= 100 E= 0
 0.000299  0.000616  0.000158  0.998926 
 0.000123  0.000599  0.000000  0.999278 
 0.000387  0.000563  0.000000  0.999049 
 0.000370  0.996779  0.000000  0.002852 
 0.991294  0.001178  0.000897  0.006630 
 0.997923  0.001461  0.000246  0.000370 
 0.000018  0.001038  0.998082  0.000862 
 0.023084  0.002828  0.892609  0.081478 
 0.009375  0.970750  0.004705  0.015169 
 0.006819  0.832329  0.009543  0.151310 
 0.042388  0.951928  0.001249  0.004434 
 0.000211  0.999613  0.000000  0.000176 
 0.000141  0.998239  0.000000  0.001620 

