MEME version 4

ALPHABET= ACGT

strands: + -

Background letter frequencies
A 0.250000 C 0.250000 G 0.250000 T 0.250000

MOTIF M02916_2.00 ZBTB18 
letter-probability matrix: alength= 4 w= 13 nsites= 100 E= 0
 0.304927  0.312916  0.258322  0.123835 
 0.579365  0.414021  0.001323  0.005291 
 0.985583  0.000000  0.014417  0.000000 
 0.001328  0.998672  0.000000  0.000000 
 0.998672  0.001328  0.000000  0.000000 
 0.003764  0.007528  0.045169  0.943538 
 0.000000  0.984293  0.014398  0.001309 
 0.000000  0.000000  0.000000  1.000000 
 0.000000  0.003942  0.988173  0.007884 
 0.004237  0.063559  0.796610  0.135593 
 0.706103  0.187793  0.067606  0.038498 
 0.304521  0.102394  0.057181  0.535904 
 0.187500  0.187500  0.244681  0.380319 

