MEME version 4

ALPHABET= ACGT

strands: + -

Background letter frequencies
A 0.250000 C 0.250000 G 0.250000 T 0.250000

MOTIF M02958_2.00 E2F3 
letter-probability matrix: alength= 4 w= 18 nsites= 100 E= 0
 0.484168  0.157836  0.143763  0.214232 
 0.339751  0.027395  0.335754  0.297100 
 0.164335  0.001697  0.001835  0.832133 
 0.084077  0.000396  0.002549  0.912979 
 0.055615  0.002454  0.001343  0.940588 
 0.032510  0.000416  0.039123  0.927950 
 0.001170  0.021906  0.976594  0.000329 
 0.000368  0.000478  0.999154  0.000000 
 0.000280  0.998265  0.000224  0.001231 
 0.000793  0.000468  0.998739  0.000000 
 0.000289  0.999538  0.000000  0.000173 
 0.000394  0.975072  0.023578  0.000957 
 0.969573  0.014159  0.001506  0.014762 
 0.969396  0.001576  0.002667  0.026362 
 0.978397  0.000903  0.002949  0.017752 
 0.923334  0.001877  0.001525  0.073264 
 0.105339  0.521001  0.131802  0.241859 
 0.186914  0.216079  0.091859  0.505148 

