MEME version 4

ALPHABET= ACGT

strands: + -

Background letter frequencies
A 0.250000 C 0.250000 G 0.250000 T 0.250000

MOTIF M02909_2.00 HINFP 
letter-probability matrix: alength= 4 w= 19 nsites= 100 E= 0
 0.042820  0.010947  0.946233  0.000000 
 0.002152  0.996772  0.000000  0.001076 
 0.000000  0.000000  1.000000  0.000000 
 0.000262  0.004446  0.989278  0.006015 
 0.994521  0.005479  0.000000  0.000000 
 0.000000  0.998484  0.000758  0.000758 
 0.000000  0.282517  0.716576  0.000907 
 0.030455  0.224128  0.198108  0.547309 
 0.037356  0.144540  0.234483  0.583621 
 0.009706  0.494338  0.465222  0.030734 
 0.554393  0.186168  0.173458  0.085981 
 0.538774  0.102290  0.343796  0.015140 
 0.002205  0.801911  0.195884  0.000000 
 0.000000  0.000000  1.000000  0.000000 
 0.000000  0.002481  0.007444  0.990074 
 0.001654  0.998346  0.000000  0.000000 
 0.000000  0.999158  0.000000  0.000842 
 0.000341  0.000683  0.998976  0.000000 
 0.003839  0.981958  0.013052  0.001152 

