MEME version 4

ALPHABET= ACGT

strands: + -

Background letter frequencies
A 0.250000 C 0.250000 G 0.250000 T 0.250000

MOTIF M02922_2.00 MTF1 
letter-probability matrix: alength= 4 w= 14 nsites= 100 E= 0
 0.044118  0.014706  0.911765  0.029412 
 0.030769  0.107692  0.153846  0.707692 
 0.112676  0.000000  0.887324  0.000000 
 0.158730  0.666667  0.031746  0.142857 
 0.013889  0.972222  0.000000  0.013889 
 0.000000  0.000000  1.000000  0.000000 
 0.017544  0.017544  0.052632  0.912281 
 0.000000  0.027397  0.945205  0.027397 
 0.018182  0.018182  0.000000  0.963636 
 0.000000  0.000000  0.986111  0.013889 
 0.000000  0.956522  0.014493  0.028986 
 0.963636  0.000000  0.018182  0.018182 
 0.689655  0.172414  0.086207  0.051724 
 0.909091  0.072727  0.000000  0.018182 

