MEME version 4

ALPHABET= ACGT

strands: + -

Background letter frequencies
A 0.250000 C 0.250000 G 0.250000 T 0.250000

MOTIF M02900_2.00 ZNF232 
letter-probability matrix: alength= 4 w= 19 nsites= 100 E= 0
 0.007937  0.654762  0.218254  0.119048 
 0.000000  0.000000  0.000000  1.000000 
 0.066298  0.027624  0.033149  0.872928 
 0.795455  0.127273  0.068182  0.009091 
 0.823529  0.000000  0.176471  0.000000 
 0.000000  0.000000  0.000000  1.000000 
 0.000000  0.948718  0.000000  0.051282 
 0.095238  0.290043  0.000000  0.614719 
 0.977778  0.000000  0.011111  0.011111 
 0.000000  0.959799  0.000000  0.040201 
 0.522472  0.061798  0.353933  0.061798 
 0.012903  0.000000  0.025806  0.961290 
 0.062112  0.000000  0.037267  0.900621 
 0.000000  0.000000  0.013514  0.986486 
 0.720000  0.000000  0.151111  0.128889 
 0.934673  0.000000  0.045226  0.020101 
 0.000000  1.000000  0.000000  0.000000 
 0.653509  0.135965  0.100877  0.109649 
 0.105769  0.375000  0.129808  0.389423 

