MEME version 4

ALPHABET= ACGT

strands: + -

Background letter frequencies
A 0.250000 C 0.250000 G 0.250000 T 0.250000

MOTIF M02949_2.00 E2F2 
letter-probability matrix: alength= 4 w= 18 nsites= 100 E= 0
 0.675978  0.128492  0.100559  0.094972 
 0.820359  0.005988  0.131737  0.041916 
 0.917197  0.000000  0.000000  0.082803 
 0.947020  0.006623  0.000000  0.046358 
 0.838323  0.011976  0.053892  0.095808 
 0.191964  0.000000  0.098214  0.709821 
 0.000000  0.020833  0.954167  0.025000 
 0.000000  0.000000  1.000000  0.000000 
 0.000000  0.991379  0.000000  0.008621 
 0.000000  0.000000  1.000000  0.000000 
 0.000000  1.000000  0.000000  0.000000 
 0.000000  1.000000  0.000000  0.000000 
 0.979310  0.013793  0.000000  0.006897 
 0.979730  0.000000  0.000000  0.020270 
 0.934641  0.006536  0.000000  0.058824 
 0.752874  0.011494  0.000000  0.235632 
 0.324503  0.152318  0.000000  0.523179 
 0.250000  0.053191  0.542553  0.154255 

