MEME version 4

ALPHABET= ACGT

strands: + -

Background letter frequencies
A 0.250000 C 0.250000 G 0.250000 T 0.250000

MOTIF M02975_2.00 SPDEF 
letter-probability matrix: alength= 4 w= 16 nsites= 100 E= 0
 0.254596  0.117066  0.503469  0.124870 
 0.051905  0.837964  0.064049  0.046082 
 0.919987  0.034123  0.028576  0.017314 
 0.016667  0.000172  0.977491  0.005670 
 0.355991  0.042136  0.240333  0.361540 
 0.994294  0.000519  0.000692  0.004496 
 0.986311  0.003765  0.009925  0.000000 
 0.198719  0.003540  0.792179  0.005562 
 0.922486  0.000683  0.075636  0.001195 
 0.761527  0.218442  0.000000  0.020031 
 0.011388  0.023279  0.965332  0.000000 
 0.020222  0.012394  0.040607  0.926778 
 0.939046  0.000000  0.016222  0.044732 
 0.409768  0.000520  0.000000  0.589713 
 0.637037  0.143098  0.001178  0.218687 
 0.308328  0.629130  0.005057  0.057485 

