MEME version 4

ALPHABET= ACGT

strands: + -

Background letter frequencies
A 0.250000 C 0.250000 G 0.250000 T 0.250000

MOTIF M02906_2.00 ZNF524 
letter-probability matrix: alength= 4 w= 14 nsites= 100 E= 0
 0.086104  0.659847  0.148338  0.105712 
 0.009234  0.017544  0.003693  0.969529 
 0.013211  0.836382  0.016260  0.134146 
 0.034862  0.004587  0.957798  0.002752 
 0.558079  0.081223  0.262009  0.098690 
 0.986680  0.003074  0.002049  0.008197 
 0.000000  1.000000  0.000000  0.000000 
 0.001153  0.998847  0.000000  0.000000 
 0.000000  0.994240  0.000000  0.005760 
 0.069778  0.065535  0.446016  0.418670 
 0.154587  0.152322  0.186863  0.506229 
 0.246662  0.092181  0.568976  0.092181 
 0.259957  0.390205  0.139397  0.210441 
 0.244173  0.497225  0.144284  0.114317 

