MEME version 4

ALPHABET= ACGT

strands: + -

Background letter frequencies
A 0.250000 C 0.250000 G 0.250000 T 0.250000

MOTIF M02928_2.00 YY2 
letter-probability matrix: alength= 4 w= 12 nsites= 100 E= 0
 0.139226  0.546120  0.170097  0.144557 
 0.184722  0.600884  0.102525  0.111869 
 0.654980  0.063516  0.101118  0.180386 
 0.078773  0.051845  0.079061  0.790321 
 0.066101  0.019148  0.612055  0.302697 
 0.035094  0.931909  0.011062  0.021934 
 0.001735  0.955650  0.019283  0.023332 
 0.014159  0.003449  0.970775  0.011617 
 0.004813  0.953351  0.026287  0.015550 
 0.005115  0.991476  0.001515  0.001894 
 0.994417  0.001660  0.002716  0.001207 
 0.001044  0.001697  0.001305  0.995954 

