MEME version 4

ALPHABET= ACGT

strands: + -

Background letter frequencies
A 0.250000 C 0.250000 G 0.250000 T 0.250000

MOTIF M02977_2.00 SPDEF 
letter-probability matrix: alength= 4 w= 15 nsites= 100 E= 0
 0.619968  0.100644  0.132045  0.147343 
 0.127747  0.002747  0.034341  0.835165 
 0.455894  0.000824  0.534213  0.009068 
 0.963001  0.004111  0.016444  0.016444 
 0.003894  0.000000  0.006231  0.989875 
 0.001420  0.998580  0.000000  0.000000 
 0.000000  1.000000  0.000000  0.000000 
 0.000000  0.000000  1.000000  0.000000 
 0.000620  0.004957  0.993804  0.000620 
 0.003083  0.011714  0.975956  0.009248 
 0.933794  0.010870  0.027668  0.027668 
 0.016194  0.947368  0.014845  0.021592 
 0.190476  0.712169  0.020106  0.077249 
 0.590047  0.276461  0.016588  0.116904 
 0.156345  0.674112  0.055838  0.113706 

