MEME version 4

ALPHABET= ACGT

strands: + -

Background letter frequencies
A 0.250000 C 0.250000 G 0.250000 T 0.250000

MOTIF M03008_2.00 SPIB 
letter-probability matrix: alength= 4 w= 14 nsites= 100 E= 0
 0.473202  0.149801  0.242065  0.134931 
 0.730775  0.030171  0.174750  0.064305 
 0.934263  0.007720  0.021443  0.036574 
 0.935538  0.003725  0.005346  0.055391 
 0.750425  0.010264  0.018562  0.220750 
 0.041493  0.090838  0.859351  0.008318 
 0.345526  0.530445  0.121375  0.002654 
 0.016787  0.000343  0.982617  0.000253 
 0.000000  0.000272  0.999093  0.000635 
 0.995318  0.000809  0.001879  0.001994 
 0.993118  0.001057  0.001856  0.003970 
 0.012135  0.097383  0.887711  0.002771 
 0.016948  0.043507  0.013468  0.926078 
 0.407989  0.088984  0.256861  0.246167 

