MEME version 4

ALPHABET= ACGT

strands: + -

Background letter frequencies
A 0.250000 C 0.250000 G 0.250000 T 0.250000

MOTIF M03116_2.00 OTX1 
letter-probability matrix: alength= 4 w= 15 nsites= 100 E= 0
 0.184089  0.211703  0.343853  0.260355 
 0.265440  0.168857  0.214849  0.350854 
 0.074928  0.034582  0.013256  0.877233 
 0.901659  0.004739  0.042062  0.051540 
 0.980670  0.001289  0.014175  0.003866 
 0.025891  0.017827  0.310272  0.646010 
 0.133296  0.856018  0.006749  0.003937 
 0.020820  0.000000  0.960252  0.018927 
 0.000000  0.067389  0.915764  0.016847 
 0.770243  0.175607  0.021761  0.032389 
 0.000000  0.002620  0.000655  0.996726 
 0.016362  0.021397  0.004405  0.957835 
 0.919082  0.004831  0.035024  0.041063 
 0.309258  0.175968  0.240315  0.274458 
 0.225213  0.339462  0.274458  0.160867 

