MEME version 4

ALPHABET= ACGT

strands: + -

Background letter frequencies
A 0.250000 C 0.250000 G 0.250000 T 0.250000

MOTIF M03104_2.00 MEOX2 
letter-probability matrix: alength= 4 w= 17 nsites= 100 E= 0
 0.166915  0.177217  0.257838  0.398029 
 0.023289  0.102548  0.012223  0.861940 
 0.785162  0.053563  0.145452  0.015823 
 0.962638  0.010203  0.017100  0.010059 
 0.006347  0.006059  0.021206  0.966388 
 0.017094  0.039814  0.218327  0.724765 
 0.854791  0.003828  0.119816  0.021564 
 0.171842  0.464019  0.217378  0.146760 
 0.175127  0.277695  0.428635  0.118543 
 0.149127  0.286311  0.407076  0.157486 
 0.027621  0.104859  0.010870  0.856650 
 0.770531  0.155625  0.061307  0.012537 
 0.938761  0.030549  0.020460  0.010230 
 0.007242  0.007097  0.015353  0.970307 
 0.017497  0.116795  0.119135  0.746573 
 0.850991  0.005716  0.114837  0.028455 
 0.291685  0.335423  0.267503  0.105389 

