MEME version 4

ALPHABET= ACGT

strands: + -

Background letter frequencies
A 0.250000 C 0.250000 G 0.250000 T 0.250000

MOTIF M03107_2.00 LHX2 
letter-probability matrix: alength= 4 w= 15 nsites= 100 E= 0
 0.019409  0.397778  0.020265  0.562548 
 0.772520  0.150010  0.043206  0.034265 
 0.930108  0.010066  0.040850  0.018976 
 0.018989  0.015676  0.025847  0.939489 
 0.026886  0.035156  0.020889  0.917070 
 0.816667  0.011206  0.138857  0.033270 
 0.329210  0.337452  0.161449  0.171890 
 0.241684  0.228126  0.448640  0.081550 
 0.064920  0.711500  0.092500  0.131080 
 0.051556  0.056317  0.009198  0.882929 
 0.935908  0.027979  0.022199  0.013914 
 0.975267  0.005615  0.012246  0.006872 
 0.009701  0.021094  0.007731  0.961474 
 0.028635  0.019478  0.163103  0.788784 
 0.582397  0.005017  0.394371  0.018215 

