MEME version 4

ALPHABET= ACGT

strands: + -

Background letter frequencies
A 0.250000 C 0.250000 G 0.250000 T 0.250000

MOTIF M03197_2.00 OTX2 
letter-probability matrix: alength= 4 w= 15 nsites= 100 E= 0
 0.246399  0.246146  0.256002  0.251453 
 0.340323  0.204396  0.111167  0.344113 
 0.094426  0.027104  0.013552  0.864918 
 0.933695  0.008966  0.013686  0.043653 
 0.966064  0.008301  0.016357  0.009277 
 0.035005  0.029092  0.260407  0.675497 
 0.200796  0.749574  0.034476  0.015154 
 0.026679  0.019658  0.926047  0.027615 
 0.005191  0.052619  0.933695  0.008495 
 0.894844  0.084577  0.004749  0.015830 
 0.000000  0.002521  0.000000  0.997479 
 0.017044  0.016314  0.003165  0.963477 
 0.962071  0.004619  0.006321  0.026988 
 0.377211  0.136433  0.218797  0.267559 
 0.310589  0.334850  0.157695  0.196866 

