MEME version 4

ALPHABET= ACGT

strands: + -

Background letter frequencies
A 0.250000 C 0.250000 G 0.250000 T 0.250000

MOTIF M03299_2.00 POU2F2 
letter-probability matrix: alength= 4 w= 14 nsites= 100 E= 0
 0.276275  0.322060  0.103018  0.298647 
 0.478569  0.175383  0.068423  0.277625 
 0.150992  0.108744  0.033799  0.706466 
 0.276478  0.074436  0.541472  0.107614 
 0.452369  0.487054  0.020518  0.040059 
 0.755302  0.062058  0.037706  0.144933 
 0.064887  0.035435  0.014726  0.884952 
 0.908790  0.016541  0.008034  0.066635 
 0.194344  0.069978  0.038434  0.697244 
 0.069963  0.033582  0.451959  0.444496 
 0.108300  0.694629  0.038171  0.158899 
 0.749415  0.079111  0.054170  0.117303 
 0.425059  0.134417  0.103093  0.337431 
 0.443347  0.186590  0.160083  0.209979 

