MEME version 4

ALPHABET= ACGT

strands: + -

Background letter frequencies
A 0.250000 C 0.250000 G 0.250000 T 0.250000

MOTIF M03242_2.00 HOMEZ 
letter-probability matrix: alength= 4 w= 12 nsites= 100 E= 0
 0.239276  0.049598  0.141421  0.569705 
 0.514245  0.046771  0.084758  0.354226 
 0.257545  0.038229  0.027498  0.676727 
 0.698189  0.112676  0.070423  0.118712 
 0.780335  0.052824  0.011506  0.155335 
 0.005960  0.005960  0.000000  0.988079 
 0.039228  0.929016  0.017435  0.014321 
 0.000000  0.005198  0.969461  0.025341 
 0.108139  0.002277  0.040410  0.849175 
 0.101091  0.031591  0.010339  0.856979 
 0.124244  0.040132  0.015393  0.820231 
 0.144869  0.126761  0.115359  0.613011 

