MEME version 4

ALPHABET= ACGT

strands: + -

Background letter frequencies
A 0.250000 C 0.250000 G 0.250000 T 0.250000

MOTIF M03291_2.00 PAX6 
letter-probability matrix: alength= 4 w= 19 nsites= 100 E= 0
 0.170401  0.097877  0.208726  0.522995 
 0.100224  0.076290  0.057592  0.765894 
 0.276343  0.019539  0.055129  0.648988 
 0.030418  0.704943  0.015970  0.248669 
 0.796339  0.157132  0.034325  0.012204 
 0.000000  0.919218  0.001303  0.079479 
 0.009441  0.000000  0.989833  0.000726 
 0.000662  0.933775  0.065563  0.000000 
 0.545053  0.057420  0.002650  0.394876 
 0.007673  0.053708  0.000000  0.938619 
 0.001762  0.210804  0.783324  0.004110 
 0.821862  0.000000  0.178138  0.000000 
 0.273171  0.357724  0.228455  0.140650 
 0.006076  0.072917  0.006076  0.914931 
 0.113284  0.001349  0.834794  0.050573 
 0.438503  0.447670  0.113063  0.000764 
 0.416096  0.095034  0.305651  0.183219 
 0.019985  0.637202  0.006149  0.336664 
 0.410233  0.194794  0.059246  0.335727 

