MEME version 4

ALPHABET= ACGT

strands: + -

Background letter frequencies
A 0.250000 C 0.250000 G 0.250000 T 0.250000

MOTIF M03386_2.00 NR2F6 
letter-probability matrix: alength= 4 w= 15 nsites= 100 E= 0
 0.439108  0.062240  0.453810  0.044842 
 0.561965  0.001999  0.435465  0.000571 
 0.000600  0.000000  0.994896  0.004503 
 0.001195  0.000299  0.993427  0.005079 
 0.000292  0.000584  0.002920  0.996204 
 0.000198  0.976078  0.001582  0.022143 
 0.987515  0.001224  0.007589  0.003672 
 0.806761  0.034764  0.035483  0.122992 
 0.710880  0.009028  0.139120  0.140972 
 0.956856  0.000233  0.042910  0.000000 
 0.000922  0.000000  0.999078  0.000000 
 0.000917  0.000000  0.991746  0.007337 
 0.000000  0.000595  0.008921  0.990485 
 0.000788  0.971626  0.003941  0.023645 
 0.924473  0.000484  0.073590  0.001452 

