MEME version 4

ALPHABET= ACGT

strands: + -

Background letter frequencies
A 0.250000 C 0.250000 G 0.250000 T 0.250000

MOTIF M03377_2.00 RXRG 
letter-probability matrix: alength= 4 w= 14 nsites= 100 E= 0
 0.211244  0.035775  0.751278  0.001704 
 0.265781  0.000000  0.734219  0.000000 
 0.000000  0.000000  0.997908  0.002092 
 0.000000  0.000000  0.975155  0.024845 
 0.000000  0.001608  0.001608  0.996785 
 0.000985  0.993103  0.000985  0.004926 
 0.997191  0.001404  0.000000  0.001404 
 0.994374  0.001406  0.002813  0.001406 
 0.995763  0.001412  0.001412  0.001412 
 0.002045  0.002045  0.993865  0.002045 
 0.002041  0.000000  0.979592  0.018367 
 0.001553  0.000000  0.001553  0.996894 
 0.000000  0.990927  0.001008  0.008065 
 0.993234  0.000000  0.006766  0.000000 

