MEME version 4

ALPHABET= ACGT

strands: + -

Background letter frequencies
A 0.250000 C 0.250000 G 0.250000 T 0.250000

MOTIF M03378_2.00 RXRG 
letter-probability matrix: alength= 4 w= 14 nsites= 100 E= 0
 0.153846  0.230769  0.461538  0.153846 
 0.500000  0.000000  0.500000  0.000000 
 0.000000  0.000000  1.000000  0.000000 
 0.000000  0.000000  0.900000  0.100000 
 0.000000  0.000000  0.000000  1.000000 
 0.000000  1.000000  0.000000  0.000000 
 0.937500  0.000000  0.062500  0.000000 
 0.000000  0.214286  0.000000  0.785714 
 0.000000  0.000000  1.000000  0.000000 
 1.000000  0.000000  0.000000  0.000000 
 0.000000  1.000000  0.000000  0.000000 
 0.000000  1.000000  0.000000  0.000000 
 0.000000  0.705882  0.000000  0.294118 
 0.000000  0.823529  0.000000  0.176471 

