MEME version 4

ALPHABET= ACGT

strands: + -

Background letter frequencies
A 0.250000 C 0.250000 G 0.250000 T 0.250000

MOTIF M03304_2.00 POU6F2 
letter-probability matrix: alength= 4 w= 16 nsites= 100 E= 0
 0.275691  0.216867  0.102764  0.404678 
 0.000000  0.000593  0.000593  0.998813 
 0.918459  0.001792  0.006272  0.073477 
 0.993191  0.003891  0.002918  0.000000 
 0.012479  0.012479  0.045944  0.929098 
 0.010393  0.022517  0.510970  0.456120 
 0.967502  0.008357  0.002786  0.021356 
 0.013997  0.095905  0.838777  0.051322 
 0.051444  0.842058  0.058664  0.047834 
 0.021544  0.005984  0.006583  0.965889 
 0.606909  0.350140  0.014006  0.028945 
 0.962633  0.020463  0.007117  0.009786 
 0.005135  0.000000  0.000000  0.994865 
 0.031310  0.000639  0.000000  0.968051 
 0.995434  0.000000  0.000000  0.004566 
 0.453738  0.064397  0.188749  0.293116 

