MEME version 4

ALPHABET= ACGT

strands: + -

Background letter frequencies
A 0.250000 C 0.250000 G 0.250000 T 0.250000

MOTIF M03365_2.00 NR2E1 
letter-probability matrix: alength= 4 w= 14 nsites= 100 E= 0
 0.654450  0.115183  0.162304  0.068063 
 0.662393  0.085470  0.162393  0.089744 
 0.242291  0.039648  0.682819  0.035242 
 0.000000  0.150000  0.075000  0.775000 
 0.021505  0.833333  0.053763  0.091398 
 0.945122  0.000000  0.054878  0.000000 
 0.637860  0.102881  0.102881  0.156379 
 0.339744  0.057692  0.198718  0.403846 
 0.828877  0.000000  0.032086  0.139037 
 0.820106  0.042328  0.111111  0.026455 
 0.126374  0.021978  0.851648  0.000000 
 0.025510  0.183673  0.000000  0.790816 
 0.000000  0.803109  0.046632  0.150259 
 0.901163  0.000000  0.098837  0.000000 

