MEME version 4

ALPHABET= ACGT

strands: + -

Background letter frequencies
A 0.250000 C 0.250000 G 0.250000 T 0.250000

MOTIF M03316_2.00 POU3F1 
letter-probability matrix: alength= 4 w= 12 nsites= 100 E= 0
 0.523721  0.117124  0.088213  0.270941 
 0.138734  0.073713  0.042420  0.745132 
 0.191909  0.047896  0.693528  0.066667 
 0.418001  0.509303  0.005193  0.067503 
 0.914249  0.027304  0.017065  0.041382 
 0.011899  0.005492  0.001831  0.980778 
 0.731899  0.023224  0.034153  0.210724 
 0.700098  0.072852  0.025482  0.201568 
 0.359402  0.049573  0.034615  0.556410 
 0.147269  0.072062  0.167858  0.612811 
 0.272515  0.220252  0.069062  0.438171 
 0.689068  0.076849  0.086495  0.147588 

