MEME version 4

ALPHABET= ACGT

strands: + -

Background letter frequencies
A 0.250000 C 0.250000 G 0.250000 T 0.250000

MOTIF M03387_2.00 NR2F6 
letter-probability matrix: alength= 4 w= 14 nsites= 100 E= 0
 0.375246  0.094218  0.454218  0.076317 
 0.688290  0.002727  0.308570  0.000413 
 0.000950  0.000095  0.989928  0.009027 
 0.001427  0.000285  0.985924  0.012364 
 0.000090  0.003764  0.007081  0.989065 
 0.004353  0.938163  0.006679  0.050805 
 0.997027  0.000000  0.002900  0.000073 
 0.943903  0.002527  0.033933  0.019638 
 0.963367  0.000000  0.036488  0.000145 
 0.000485  0.000291  0.997865  0.001359 
 0.002618  0.000291  0.974307  0.022785 
 0.000091  0.003563  0.007127  0.989219 
 0.000352  0.959339  0.008730  0.031580 
 0.902351  0.006125  0.089834  0.001690 

