MEME version 4

ALPHABET= ACGT

strands: + -

Background letter frequencies
A 0.250000 C 0.250000 G 0.250000 T 0.250000

MOTIF M03374_2.00 RARA 
letter-probability matrix: alength= 4 w= 17 nsites= 100 E= 0
 0.847791  0.007033  0.144274  0.000902 
 0.000230  0.000920  0.997930  0.000920 
 0.000000  0.000447  0.896444  0.103109 
 0.003619  0.004021  0.011057  0.981303 
 0.001100  0.985972  0.009765  0.003163 
 0.990229  0.001159  0.008612  0.000000 
 0.602580  0.109940  0.087225  0.200254 
 0.165844  0.351235  0.346708  0.136214 
 0.139200  0.263804  0.229744  0.367252 
 0.721630  0.058008  0.064096  0.156266 
 0.525455  0.020000  0.445091  0.009455 
 0.847476  0.004783  0.147741  0.000000 
 0.000470  0.000235  0.999295  0.000000 
 0.000461  0.001614  0.982015  0.015910 
 0.004233  0.012497  0.005846  0.977424 
 0.008605  0.984702  0.002459  0.004234 
 0.993330  0.001368  0.004960  0.000342 

