MEME version 4

ALPHABET= ACGT

strands: + -

Background letter frequencies
A 0.250000 C 0.250000 G 0.250000 T 0.250000

MOTIF M03359_2.00 HNF4A 
letter-probability matrix: alength= 4 w= 16 nsites= 100 E= 0
 0.281494  0.189125  0.274114  0.255267 
 0.234407  0.122902  0.254734  0.387957 
 0.010494  0.135970  0.006122  0.847414 
 0.014135  0.002422  0.981417  0.002026 
 0.092715  0.006194  0.890661  0.010430 
 0.993226  0.003699  0.001515  0.001560 
 0.000940  0.997181  0.001253  0.000626 
 0.000576  0.011514  0.000974  0.986936 
 0.001565  0.001654  0.000358  0.996423 
 0.000747  0.019200  0.000879  0.979175 
 0.022093  0.001619  0.975020  0.001269 
 0.165113  0.062920  0.605740  0.166227 
 0.956893  0.035679  0.001030  0.006397 
 0.012838  0.983236  0.001588  0.002338 
 0.009310  0.494022  0.007368  0.489301 
 0.071749  0.431168  0.176658  0.320425 

