MEME version 4

ALPHABET= ACGT

strands: + -

Background letter frequencies
A 0.250000 C 0.250000 G 0.250000 T 0.250000

MOTIF M03450_2.00 NFATC1 
letter-probability matrix: alength= 4 w= 15 nsites= 100 E= 0
 0.056866  0.004367  0.052499  0.886269 
 0.000000  0.000892  0.001091  0.998017 
 0.001238  0.080570  0.000884  0.917308 
 0.000174  0.993915  0.002260  0.003651 
 0.004795  0.962654  0.021268  0.011283 
 0.803844  0.017553  0.158580  0.020023 
 0.047338  0.409391  0.032300  0.510971 
 0.386758  0.129396  0.058809  0.425038 
 0.506592  0.039962  0.401872  0.051575 
 0.008321  0.298546  0.012987  0.680146 
 0.014136  0.080511  0.901604  0.003749 
 0.001347  0.000269  0.998384  0.000000 
 0.906914  0.000000  0.092889  0.000197 
 0.997578  0.000000  0.001762  0.000661 
 0.896382  0.056851  0.005506  0.041261 

