MEME version 4

ALPHABET= ACGT

strands: + -

Background letter frequencies
A 0.250000 C 0.250000 G 0.250000 T 0.250000

MOTIF M03443_2.00 PAX5 
letter-probability matrix: alength= 4 w= 18 nsites= 100 E= 0
 0.413676  0.064975  0.491646  0.029703 
 0.297837  0.270549  0.170050  0.261564 
 0.008041  0.226325  0.452948  0.312686 
 0.049274  0.678172  0.009284  0.263271 
 0.744098  0.032061  0.188283  0.035558 
 0.219544  0.289617  0.272903  0.217936 
 0.002133  0.312405  0.006400  0.679061 
 0.032383  0.535651  0.425431  0.006536 
 0.738242  0.001400  0.237402  0.022956 
 0.374192  0.073192  0.088183  0.464433 
 0.004162  0.290867  0.701965  0.003006 
 0.001544  0.917258  0.006483  0.074714 
 0.184880  0.003992  0.799900  0.011228 
 0.031612  0.045047  0.067439  0.855901 
 0.250359  0.005031  0.719933  0.024677 
 0.764946  0.020652  0.086957  0.127446 
 0.123503  0.847975  0.011124  0.017399 
 0.173857  0.307446  0.390860  0.127836 

