MEME version 4

ALPHABET= ACGT

strands: + -

Background letter frequencies
A 0.250000 C 0.250000 G 0.250000 T 0.250000

MOTIF M03475_2.00 NFIX 
letter-probability matrix: alength= 4 w= 15 nsites= 100 E= 0
 0.060264  0.432457  0.030792  0.476488 
 0.010316  0.009406  0.062840  0.917438 
 0.000138  0.000138  0.999512  0.000213 
 0.008461  0.000123  0.986977  0.004439 
 0.180227  0.790875  0.015154  0.013744 
 0.363496  0.169919  0.224748  0.241838 
 0.232236  0.323504  0.195911  0.248349 
 0.249160  0.245762  0.259718  0.245359 
 0.243893  0.177061  0.331827  0.247220 
 0.118879  0.085220  0.079353  0.716548 
 0.009082  0.009154  0.863421  0.118343 
 0.003308  0.990433  0.000460  0.005800 
 0.000090  0.999656  0.000015  0.000239 
 0.905730  0.071295  0.013136  0.009838 
 0.701347  0.044938  0.160182  0.093534 

