MEME version 4

ALPHABET= ACGT

strands: + -

Background letter frequencies
A 0.250000 C 0.250000 G 0.250000 T 0.250000

MOTIF M03449_2.00 NFATC1 
letter-probability matrix: alength= 4 w= 20 nsites= 100 E= 0
 0.402665  0.207275  0.059607  0.330452 
 0.005302  0.096935  0.511682  0.386081 
 0.013726  0.000732  0.985542  0.000000 
 0.461038  0.001713  0.537250  0.000000 
 0.999351  0.000000  0.000649  0.000000 
 0.961490  0.028102  0.001665  0.008743 
 0.689734  0.186127  0.059692  0.064447 
 0.474869  0.117330  0.148172  0.259628 
 0.235519  0.065404  0.166773  0.532304 
 0.396768  0.141669  0.133354  0.328208 
 0.526403  0.019802  0.067657  0.386139 
 0.080423  0.214347  0.291873  0.413358 
 0.043327  0.000193  0.054352  0.902128 
 0.001297  0.002162  0.000000  0.996541 
 0.000216  0.004530  0.000647  0.994607 
 0.000000  0.992956  0.000261  0.006783 
 0.001867  0.996733  0.000000  0.001400 
 0.745902  0.014572  0.225713  0.013813 
 0.030517  0.306261  0.029301  0.633921 
 0.134050  0.189889  0.180729  0.495332 

