MEME version 4

ALPHABET= ACGT

strands: + -

Background letter frequencies
A 0.250000 C 0.250000 G 0.250000 T 0.250000

MOTIF M03411_2.00 RXRA 
letter-probability matrix: alength= 4 w= 14 nsites= 100 E= 0
 0.315294  0.067884  0.589422  0.027399 
 0.426334  0.013344  0.553649  0.006672 
 0.017767  0.014780  0.950157  0.017296 
 0.010057  0.016711  0.909021  0.064212 
 0.011077  0.015887  0.017053  0.955983 
 0.007168  0.965751  0.010952  0.016129 
 0.880348  0.004606  0.107062  0.007984 
 0.012363  0.143544  0.002198  0.841896 
 0.023852  0.038074  0.926963  0.011111 
 0.930790  0.036571  0.017892  0.014746 
 0.065426  0.909207  0.011851  0.013516 
 0.016247  0.948852  0.015044  0.019858 
 0.006541  0.489034  0.014621  0.489804 
 0.034573  0.584049  0.051979  0.329399 

