MEME version 4

ALPHABET= ACGT

strands: + -

Background letter frequencies
A 0.250000 C 0.250000 G 0.250000 T 0.250000

MOTIF M03573_2.00 TBX1 
letter-probability matrix: alength= 4 w= 23 nsites= 100 E= 0
 0.000664  0.283995  0.006226  0.709115 
 0.038835  0.601773  0.003039  0.356353 
 0.001321  0.002201  0.011447  0.985030 
 0.023712  0.937217  0.037797  0.001274 
 0.754946  0.002902  0.233360  0.008793 
 0.000363  0.998767  0.000363  0.000508 
 0.970493  0.020428  0.005756  0.003324 
 0.000218  0.999565  0.000000  0.000218 
 0.275102  0.675696  0.006841  0.042361 
 0.000888  0.005218  0.004885  0.989009 
 0.000549  0.595959  0.032093  0.371400 
 0.418938  0.050878  0.046235  0.483949 
 0.381169  0.069028  0.481885  0.067918 
 0.916775  0.046643  0.029037  0.007545 
 0.071056  0.000443  0.916750  0.011750 
 0.000357  0.000832  0.998217  0.000594 
 0.001022  0.008402  0.000795  0.989781 
 0.000946  0.002601  0.994797  0.001655 
 0.000088  0.231754  0.000265  0.767893 
 0.001083  0.071607  0.832629  0.094681 
 0.999078  0.000922  0.000000  0.000000 
 0.918022  0.006784  0.056150  0.019044 
 0.735057  0.099067  0.147770  0.018106 

