MEME version 4

ALPHABET= ACGT

strands: + -

Background letter frequencies
A 0.250000 C 0.250000 G 0.250000 T 0.250000

MOTIF M03503_2.00 SOX9 
letter-probability matrix: alength= 4 w= 16 nsites= 100 E= 0
 1.000000  0.000000  0.000000  0.000000 
 0.000000  0.000000  0.000000  1.000000 
 0.000000  1.000000  0.000000  0.000000 
 1.000000  0.000000  0.000000  0.000000 
 1.000000  0.000000  0.000000  0.000000 
 0.000000  0.000000  0.000000  1.000000 
 0.310734  0.011299  0.672316  0.005650 
 0.000000  0.000000  0.000000  1.000000 
 0.025126  0.100503  0.502513  0.371859 
 0.000000  0.988636  0.000000  0.011364 
 0.988636  0.011364  0.000000  0.000000 
 0.000000  0.000000  0.988636  0.011364 
 0.000000  0.000000  0.000000  1.000000 
 0.000000  0.022472  0.977528  0.000000 
 1.000000  0.000000  0.000000  0.000000 
 0.011236  0.011236  0.000000  0.977528 

