MEME version 4

ALPHABET= ACGT

strands: + -

Background letter frequencies
A 0.250000 C 0.250000 G 0.250000 T 0.250000

MOTIF M03559_2.00 TBX4 
letter-probability matrix: alength= 4 w= 20 nsites= 100 E= 0
 0.709506  0.043574  0.150055  0.096865 
 0.156316  0.112786  0.674401  0.056498 
 0.003567  0.025929  0.961542  0.008962 
 0.002373  0.120332  0.008940  0.868354 
 0.001348  0.000629  0.997125  0.000898 
 0.117618  0.142365  0.027278  0.712739 
 0.052433  0.150624  0.599207  0.197736 
 0.745477  0.033834  0.170500  0.050189 
 0.359380  0.177822  0.194747  0.268051 
 0.595610  0.051290  0.078027  0.275073 
 0.357704  0.072260  0.062045  0.507992 
 0.280393  0.180596  0.242822  0.296190 
 0.062250  0.155588  0.038005  0.744157 
 0.251653  0.419042  0.269441  0.059863 
 0.712967  0.035953  0.147839  0.103242 
 0.002085  0.993255  0.002453  0.002208 
 0.870288  0.003416  0.124587  0.001708 
 0.011852  0.956782  0.027894  0.003472 
 0.078151  0.616613  0.154022  0.151215 
 0.090426  0.121223  0.035457  0.752894 

