MEME version 4

ALPHABET= ACGT

strands: + -

Background letter frequencies
A 0.250000 C 0.250000 G 0.250000 T 0.250000

MOTIF M03546_2.00 TBX21 
letter-probability matrix: alength= 4 w= 16 nsites= 100 E= 0
 0.147217  0.099740  0.657918  0.095125 
 0.011967  0.028925  0.932782  0.026327 
 0.004545  0.094079  0.008479  0.892898 
 0.004903  0.002416  0.989910  0.002771 
 0.094416  0.153006  0.010253  0.742325 
 0.063800  0.049953  0.729259  0.156988 
 0.961201  0.002928  0.025099  0.010772 
 0.384542  0.197764  0.079966  0.337728 
 0.313293  0.108540  0.169903  0.408265 
 0.018436  0.015529  0.007091  0.958945 
 0.212310  0.613767  0.111720  0.062203 
 0.721232  0.012135  0.177672  0.088961 
 0.001633  0.988919  0.004782  0.004666 
 0.873761  0.006122  0.115063  0.005053 
 0.026368  0.931334  0.034388  0.007910 
 0.086104  0.626291  0.107569  0.180036 

