MEME version 4

ALPHABET= ACGT

strands: + -

Background letter frequencies
A 0.250000 C 0.250000 G 0.250000 T 0.250000

MOTIF M03580_2.00 NRF1 
letter-probability matrix: alength= 4 w= 12 nsites= 100 E= 0
 0.014148  0.353347  0.008972  0.623533 
 0.258107  0.001569  0.740324  0.000000 
 0.012165  0.984011  0.003128  0.000695 
 0.020352  0.001725  0.976544  0.001380 
 0.000353  0.999294  0.000000  0.000353 
 0.957066  0.014537  0.021636  0.006761 
 0.006956  0.040079  0.015237  0.937728 
 0.000000  0.001410  0.997885  0.000705 
 0.001731  0.980263  0.001385  0.016620 
 0.001021  0.013615  0.963581  0.021784 
 0.002281  0.807013  0.003421  0.187286 
 0.459555  0.175556  0.157542  0.207347 

