MEME version 4

ALPHABET= ACGT

strands: + -

Background letter frequencies
A 0.250000 C 0.250000 G 0.250000 T 0.250000

MOTIF M03505_2.00 SOX9 
letter-probability matrix: alength= 4 w= 17 nsites= 100 E= 0
 0.542335  0.059938  0.253342  0.144385 
 0.998887  0.000890  0.000000  0.000223 
 0.997998  0.000000  0.002002  0.000000 
 0.000446  0.999554  0.000000  0.000000 
 1.000000  0.000000  0.000000  0.000000 
 0.997776  0.000000  0.002001  0.000222 
 0.000000  0.000446  0.000000  0.999554 
 0.000000  0.000891  0.199955  0.799154 
 0.136171  0.055717  0.469133  0.338979 
 0.000446  0.814435  0.000000  0.185119 
 0.997333  0.001334  0.001334  0.000000 
 0.000000  0.000000  0.990508  0.009492 
 0.000223  0.000890  0.000000  0.998887 
 0.000000  0.000000  1.000000  0.000000 
 0.000668  0.000000  0.000890  0.998442 
 0.003520  0.007479  0.001980  0.987022 
 0.185425  0.239358  0.092712  0.482505 

