MEME version 4

ALPHABET= ACGT

strands: + -

Background letter frequencies
A 0.250000 C 0.250000 G 0.250000 T 0.250000

MOTIF M04042_2.00 ATF6B 
letter-probability matrix: alength= 4 w= 12 nsites= 100 E= 0
 0.083144  0.173227  0.126293  0.617335 
 0.055572  0.033911  0.857932  0.052584 
 0.248940  0.608237  0.015869  0.126953 
 0.017687  0.782449  0.155510  0.044354 
 0.988307  0.003389  0.006270  0.002034 
 0.001355  0.987636  0.008130  0.002879 
 0.001526  0.007292  0.990843  0.000339 
 0.001020  0.004929  0.001700  0.992351 
 0.039456  0.149986  0.789387  0.021171 
 0.123092  0.015753  0.617414  0.243742 
 0.053343  0.854383  0.035661  0.056612 
 0.623179  0.129829  0.170488  0.076504 

