MEME version 4

ALPHABET= ACGT

strands: + -

Background letter frequencies
A 0.250000 C 0.250000 G 0.250000 T 0.250000

MOTIF M04015_2.00 CREB3 
letter-probability matrix: alength= 4 w= 12 nsites= 100 E= 0
 0.159292  0.165929  0.570796  0.103982 
 0.512346  0.051440  0.417695  0.018519 
 0.024341  0.030426  0.028398  0.916836 
 0.016064  0.036145  0.907631  0.040161 
 0.993407  0.006593  0.000000  0.000000 
 0.012876  0.969957  0.002146  0.015021 
 0.031915  0.000000  0.961702  0.006383 
 0.008529  0.017058  0.010661  0.963753 
 0.030550  0.920570  0.044807  0.004073 
 0.945607  0.033473  0.008368  0.012552 
 0.007080  0.800000  0.088496  0.104425 
 0.116998  0.479029  0.225166  0.178808 

