MEME version 4

ALPHABET= ACGT

strands: + -

Background letter frequencies
A 0.250000 C 0.250000 G 0.250000 T 0.250000

MOTIF M04031_2.00 CREB3L1 
letter-probability matrix: alength= 4 w= 12 nsites= 100 E= 0
 0.084098  0.148318  0.137615  0.629969 
 0.027650  0.011521  0.949309  0.011521 
 0.198853  0.787763  0.000000  0.013384 
 0.059211  0.903509  0.010965  0.026316 
 0.990385  0.009615  0.000000  0.000000 
 0.000000  0.995169  0.000000  0.004831 
 0.000000  0.004831  0.995169  0.000000 
 0.000000  0.000000  0.000000  1.000000 
 0.041037  0.019438  0.889849  0.049676 
 0.015625  0.017578  0.804688  0.162109 
 0.013825  0.949309  0.011521  0.025346 
 0.665590  0.124394  0.117932  0.092084 

