MEME version 4

ALPHABET= ACGT

strands: + -

Background letter frequencies
A 0.250000 C 0.250000 G 0.250000 T 0.250000

MOTIF M04030_2.00 CREB3L1 
letter-probability matrix: alength= 4 w= 13 nsites= 100 E= 0
 0.036266  0.112069  0.040428  0.811237 
 0.004837  0.004837  0.975814  0.014511 
 0.050016  0.932479  0.013442  0.004064 
 0.003591  0.992491  0.001632  0.002285 
 0.998683  0.000329  0.000987  0.000000 
 0.003914  0.992498  0.000000  0.003588 
 0.004905  0.000000  0.994768  0.000327 
 0.010121  0.003265  0.004897  0.981717 
 0.186886  0.199902  0.600442  0.012770 
 0.039517  0.045249  0.296229  0.619005 
 0.651123  0.138439  0.129258  0.081179 
 0.066960  0.888106  0.016446  0.028488 
 0.716576  0.106793  0.105707  0.070924 

