MEME version 4

ALPHABET= ACGT

strands: + -

Background letter frequencies
A 0.250000 C 0.250000 G 0.250000 T 0.250000

MOTIF M04056_2.00 ZBED1 
letter-probability matrix: alength= 4 w= 12 nsites= 100 E= 0
 0.370439  0.391918  0.169972  0.067671 
 0.036139  0.002610  0.003786  0.957465 
 0.513433  0.000687  0.484147  0.001733 
 0.000209  0.000688  0.000658  0.998445 
 0.000060  0.998176  0.001047  0.000718 
 0.017188  0.000000  0.982488  0.000324 
 0.000265  0.982864  0.000206  0.016665 
 0.000000  0.000000  1.000000  0.000000 
 0.999192  0.000329  0.000479  0.000000 
 0.000150  0.655092  0.000599  0.344160 
 0.988101  0.000444  0.002694  0.008762 
 0.014479  0.041156  0.116725  0.827639 

