MEME version 4

ALPHABET= ACGT

strands: + -

Background letter frequencies
A 0.250000 C 0.250000 G 0.250000 T 0.250000

MOTIF M04120_2.00 MYOD1 
letter-probability matrix: alength= 4 w= 12 nsites= 100 E= 0
 0.145786  0.309827  0.324081  0.220305 
 0.736057  0.124609  0.111357  0.027977 
 0.701087  0.137272  0.140428  0.021213 
 0.000000  1.000000  0.000000  0.000000 
 0.984490  0.000000  0.010340  0.005170 
 0.113528  0.157789  0.609902  0.118780 
 0.125563  0.602551  0.172086  0.099800 
 0.006033  0.026062  0.002896  0.965010 
 0.000000  0.000000  1.000000  0.000000 
 0.157503  0.126440  0.132857  0.583200 
 0.015395  0.473758  0.051784  0.459062 
 0.293573  0.217554  0.366092  0.122781 

