MEME version 4

ALPHABET= ACGT

strands: + -

Background letter frequencies
A 0.250000 C 0.250000 G 0.250000 T 0.250000

MOTIF M04117_2.00 MYOD1 
letter-probability matrix: alength= 4 w= 12 nsites= 100 E= 0
 0.054206  0.465421  0.233645  0.246729 
 0.628141  0.102178  0.268007  0.001675 
 0.553942  0.163900  0.209544  0.072614 
 0.000000  0.956989  0.000000  0.043011 
 0.866883  0.037338  0.095779  0.000000 
 0.069159  0.310280  0.540187  0.080374 
 0.201426  0.648841  0.149733  0.000000 
 0.000000  0.107023  0.000000  0.892977 
 0.043478  0.000000  0.892977  0.063545 
 0.263054  0.115271  0.228079  0.393596 
 0.000000  0.906621  0.011885  0.081494 
 0.169779  0.039049  0.736842  0.054329 

