MEME version 4

ALPHABET= ACGT

strands: + -

Background letter frequencies
A 0.250000 C 0.250000 G 0.250000 T 0.250000

MOTIF M04243_2.00 CREB3 
letter-probability matrix: alength= 4 w= 12 nsites= 100 E= 0
 0.068992  0.460598  0.084239  0.386171 
 0.053570  0.015292  0.645271  0.285867 
 0.164532  0.823902  0.003233  0.008332 
 0.017448  0.955299  0.015285  0.011968 
 0.987038  0.000000  0.011770  0.001192 
 0.001780  0.982646  0.000000  0.015574 
 0.290147  0.052481  0.657229  0.000143 
 0.000000  0.003460  0.000000  0.996540 
 0.008343  0.987038  0.002384  0.002235 
 0.953649  0.009932  0.032964  0.003455 
 0.013765  0.548109  0.065072  0.373053 
 0.145057  0.636377  0.094340  0.124226 

