MEME version 4

ALPHABET= ACGT

strands: + -

Background letter frequencies
A 0.250000 C 0.250000 G 0.250000 T 0.250000

MOTIF M04278_2.00 NRL 
letter-probability matrix: alength= 4 w= 13 nsites= 100 E= 0
 0.185486  0.375790  0.164709  0.274014 
 0.236139  0.081141  0.671995  0.010724 
 0.008238  0.009709  0.005001  0.977052 
 0.094139  0.880668  0.006630  0.018563 
 0.923013  0.000000  0.072540  0.004447 
 0.011613  0.006070  0.876485  0.105833 
 0.000000  1.000000  0.000000  0.000000 
 0.647242  0.011304  0.313584  0.027870 
 0.194578  0.334036  0.230723  0.240663 
 0.391452  0.103573  0.145409  0.359566 
 0.371061  0.089740  0.073103  0.466095 
 0.220052  0.259119  0.078932  0.441898 
 0.162952  0.295783  0.233133  0.308133 

