MEME version 4

ALPHABET= ACGT

strands: + -

Background letter frequencies
A 0.250000 C 0.250000 G 0.250000 T 0.250000

MOTIF M04279_2.00 NRL 
letter-probability matrix: alength= 4 w= 13 nsites= 100 E= 0
 0.184736  0.533568  0.061297  0.220398 
 0.079198  0.018493  0.900754  0.001555 
 0.000000  0.000147  0.000000  0.999853 
 0.036560  0.960864  0.000000  0.002576 
 0.999706  0.000000  0.000294  0.000000 
 0.000495  0.000778  0.963073  0.035654 
 0.000000  0.999963  0.000000  0.000037 
 0.888497  0.002219  0.090325  0.018959 
 0.247576  0.293191  0.208205  0.251028 
 0.449341  0.027994  0.044750  0.477914 
 0.346356  0.022532  0.011319  0.619793 
 0.190199  0.116059  0.026393  0.667349 
 0.151682  0.205230  0.113927  0.529161 

