MEME version 4

ALPHABET= ACGT

strands: + -

Background letter frequencies
A 0.250000 C 0.250000 G 0.250000 T 0.250000

MOTIF M04269_2.00 BATF3 
letter-probability matrix: alength= 4 w= 12 nsites= 100 E= 0
 0.163304  0.136747  0.465015  0.234934 
 0.598863  0.118701  0.257187  0.025249 
 0.000126  0.016078  0.000000  0.983796 
 0.000782  0.002345  0.874498  0.122376 
 0.988764  0.000757  0.000757  0.009721 
 0.000631  0.988639  0.002903  0.007826 
 0.341597  0.004195  0.654081  0.000127 
 0.007461  0.002150  0.000000  0.990389 
 0.073171  0.918386  0.003283  0.005159 
 0.980103  0.000000  0.015893  0.004005 
 0.026166  0.249945  0.116378  0.607510 
 0.201736  0.535623  0.110189  0.152451 

