MEME version 4

ALPHABET= ACGT

strands: + -

Background letter frequencies
A 0.250000 C 0.250000 G 0.250000 T 0.250000

MOTIF M04262_2.00 CREB1 
letter-probability matrix: alength= 4 w= 12 nsites= 100 E= 0
 0.169217  0.359008  0.245318  0.226457 
 0.402463  0.102313  0.470135  0.025089 
 0.000000  0.051671  0.006583  0.941746 
 0.009437  0.025583  0.862081  0.102899 
 0.949411  0.004508  0.011270  0.034811 
 0.000891  0.964631  0.034478  0.000000 
 0.649145  0.032661  0.318193  0.000000 
 0.016893  0.016893  0.003175  0.963038 
 0.067577  0.892630  0.028255  0.011538 
 0.938366  0.006931  0.051238  0.003465 
 0.021419  0.579275  0.071317  0.327989 
 0.234503  0.290029  0.312714  0.162754 

