MEME version 4

ALPHABET= ACGT

strands: + -

Background letter frequencies
A 0.250000 C 0.250000 G 0.250000 T 0.250000

MOTIF M04276_2.00 ATF4 
letter-probability matrix: alength= 4 w= 14 nsites= 100 E= 0
 0.258887  0.022326  0.655615  0.063172 
 0.077589  0.088701  0.665849  0.167861 
 0.745932  0.232821  0.021247  0.000000 
 0.000100  0.000149  0.000100  0.999652 
 0.000050  0.000050  0.999900  0.000000 
 0.998757  0.000597  0.000448  0.000199 
 0.000000  0.999851  0.000000  0.000149 
 0.003983  0.000050  0.995967  0.000000 
 0.000050  0.000448  0.000100  0.999403 
 0.000398  0.999403  0.000149  0.000050 
 0.999552  0.000050  0.000249  0.000149 
 0.000000  0.020024  0.235726  0.744250 
 0.167784  0.665964  0.085367  0.080884 
 0.062620  0.655038  0.022392  0.259949 

