MEME version 4

ALPHABET= ACGT

strands: + -

Background letter frequencies
A 0.250000 C 0.250000 G 0.250000 T 0.250000

MOTIF M04272_2.00 FOSB 
letter-probability matrix: alength= 4 w= 12 nsites= 100 E= 0
 0.168160  0.175329  0.495221  0.161290 
 0.655388  0.039522  0.296560  0.008530 
 0.003479  0.016237  0.009568  0.970716 
 0.014160  0.022175  0.894470  0.069196 
 0.975240  0.009030  0.012234  0.003495 
 0.004846  0.954390  0.000000  0.040764 
 0.046399  0.000569  0.953032  0.000000 
 0.011014  0.009855  0.008696  0.970435 
 0.067290  0.893992  0.026168  0.012550 
 0.972125  0.008711  0.015389  0.003775 
 0.008870  0.304721  0.033190  0.653219 
 0.174731  0.486858  0.178913  0.159498 

