MEME version 4

ALPHABET= ACGT

strands: + -

Background letter frequencies
A 0.250000 C 0.250000 G 0.250000 T 0.250000

MOTIF M04241_2.00 CREB3 
letter-probability matrix: alength= 4 w= 12 nsites= 100 E= 0
 0.189420  0.223549  0.386092  0.200939 
 0.344609  0.124031  0.480973  0.050388 
 0.020729  0.060269  0.019578  0.899424 
 0.023129  0.042177  0.796939  0.137755 
 0.975843  0.001666  0.017076  0.005414 
 0.001213  0.947432  0.001617  0.049737 
 0.053716  0.000000  0.946284  0.000000 
 0.017185  0.024141  0.000000  0.958674 
 0.134602  0.796397  0.042828  0.026173 
 0.897701  0.031418  0.054406  0.016475 
 0.050901  0.487098  0.120537  0.341463 
 0.211268  0.364917  0.236022  0.187793 

