MEME version 4

ALPHABET= ACGT

strands: + -

Background letter frequencies
A 0.250000 C 0.250000 G 0.250000 T 0.250000

MOTIF M04237_2.00 DBP 
letter-probability matrix: alength= 4 w= 12 nsites= 100 E= 0
 0.150014  0.365496  0.249084  0.235406 
 0.325980  0.096324  0.577697  0.000000 
 0.000000  0.000000  0.000000  1.000000 
 0.000000  0.000000  0.000000  1.000000 
 1.000000  0.000000  0.000000  0.000000 
 0.000000  1.000000  0.000000  0.000000 
 0.128543  0.000000  0.871457  0.000000 
 0.000000  0.000000  0.000000  1.000000 
 1.000000  0.000000  0.000000  0.000000 
 1.000000  0.000000  0.000000  0.000000 
 0.000000  0.608493  0.091863  0.299644 
 0.252884  0.263686  0.339843  0.143587 

