MEME version 4

ALPHABET= ACGT

strands: + -

Background letter frequencies
A 0.250000 C 0.250000 G 0.250000 T 0.250000

MOTIF M04239_2.00 CREB3 
letter-probability matrix: alength= 4 w= 12 nsites= 100 E= 0
 0.161828  0.180510  0.478667  0.178995 
 0.292205  0.106374  0.560724  0.040698 
 0.017118  0.075190  0.049404  0.858288 
 0.014437  0.032709  0.893526  0.059328 
 0.972263  0.002455  0.019882  0.005400 
 0.001214  0.961875  0.007285  0.029626 
 0.010986  0.000000  0.989014  0.000000 
 0.000488  0.033415  0.000000  0.966098 
 0.068219  0.032884  0.809028  0.089869 
 0.032406  0.016627  0.672039  0.278928 
 0.252310  0.538179  0.056250  0.153261 
 0.364141  0.165404  0.323485  0.146970 

