MEME version 4

ALPHABET= ACGT

strands: + -

Background letter frequencies
A 0.250000 C 0.250000 G 0.250000 T 0.250000

MOTIF M04246_2.00 HLF 
letter-probability matrix: alength= 4 w= 12 nsites= 100 E= 0
 0.161303  0.400564  0.218490  0.219644 
 0.272248  0.222163  0.425275  0.080315 
 0.046803  0.036376  0.013323  0.903499 
 0.005425  0.073244  0.137747  0.783583 
 0.642902  0.005056  0.342940  0.009101 
 0.000000  0.949245  0.040896  0.009859 
 0.366528  0.036346  0.591110  0.006017 
 0.001906  0.343710  0.007116  0.647268 
 0.786507  0.174062  0.039431  0.000000 
 0.937267  0.014061  0.021632  0.027040 
 0.073421  0.500335  0.179143  0.247101 
 0.246538  0.242051  0.366795  0.144615 

