MEME version 4

ALPHABET= ACGT

strands: + -

Background letter frequencies
A 0.250000 C 0.250000 G 0.250000 T 0.250000

MOTIF M04331_2.00 CEBPB 
letter-probability matrix: alength= 4 w= 12 nsites= 100 E= 0
 0.179572  0.335423  0.234192  0.250812 
 0.383403  0.206404  0.369412  0.040780 
 0.000000  0.000000  0.000000  1.000000 
 0.000000  0.000000  0.152561  0.847439 
 0.514067  0.000000  0.407730  0.078203 
 0.006121  0.810247  0.000000  0.183632 
 0.195192  0.000000  0.797458  0.007350 
 0.098600  0.835037  0.000000  0.066364 
 0.974886  0.025114  0.000000  0.000000 
 0.999471  0.000529  0.000000  0.000000 
 0.031681  0.447334  0.142813  0.378173 
 0.274005  0.286319  0.268565  0.171111 

