MEME version 4

ALPHABET= ACGT

strands: + -

Background letter frequencies
A 0.250000 C 0.250000 G 0.250000 T 0.250000

MOTIF M04326_2.00 TEF 
letter-probability matrix: alength= 4 w= 12 nsites= 100 E= 0
 0.188657  0.283417  0.249686  0.278240 
 0.386192  0.122531  0.479194  0.012083 
 0.000000  0.000000  0.000000  1.000000 
 0.000000  0.000000  0.000000  1.000000 
 0.806887  0.000000  0.193113  0.000000 
 0.000000  0.951343  0.000000  0.048657 
 0.559068  0.000000  0.440932  0.000000 
 0.000000  0.068056  0.000073  0.931871 
 1.000000  0.000000  0.000000  0.000000 
 0.998668  0.001332  0.000000  0.000000 
 0.009264  0.543418  0.109306  0.338012 
 0.311735  0.269376  0.258472  0.160417 

