MEME version 4

ALPHABET= ACGT

strands: + -

Background letter frequencies
A 0.250000 C 0.250000 G 0.250000 T 0.250000

MOTIF M04349_2.00 MAF 
letter-probability matrix: alength= 4 w= 15 nsites= 100 E= 0
 0.287353  0.192662  0.236162  0.283823 
 0.048409  0.317156  0.014023  0.620412 
 0.006555  0.018924  0.972789  0.001732 
 0.086048  0.868214  0.004620  0.041118 
 0.072135  0.138486  0.012723  0.776656 
 0.047751  0.019564  0.834752  0.097933 
 0.825793  0.071302  0.015414  0.087492 
 0.086384  0.433306  0.415406  0.064904 
 0.087408  0.016003  0.077696  0.818894 
 0.096263  0.830542  0.028724  0.044472 
 0.777930  0.017546  0.134658  0.069866 
 0.036524  0.003523  0.879859  0.080094 
 0.005200  0.974743  0.010895  0.009162 
 0.638357  0.015629  0.288224  0.057790 
 0.290921  0.241362  0.175788  0.291929 

