MEME version 4

ALPHABET= ACGT

strands: + -

Background letter frequencies
A 0.250000 C 0.250000 G 0.250000 T 0.250000

MOTIF M04396_2.00 PRDM1 
letter-probability matrix: alength= 4 w= 12 nsites= 100 E= 0
 0.285092  0.267410  0.184712  0.262786 
 0.121947  0.646108  0.070989  0.160956 
 0.783674  0.120844  0.082694  0.012788 
 0.020905  0.973009  0.002911  0.003175 
 0.005363  0.028856  0.026813  0.938968 
 0.026511  0.129634  0.017749  0.826106 
 0.016289  0.013998  0.033851  0.935862 
 0.000000  0.967886  0.002369  0.029745 
 0.333515  0.421110  0.151251  0.094124 
 0.097393  0.742978  0.048899  0.110729 
 0.095412  0.275051  0.065282  0.564255 
 0.259451  0.233886  0.177862  0.328801 

