MEME version 4

ALPHABET= ACGT

strands: + -

Background letter frequencies
A 0.250000 C 0.250000 G 0.250000 T 0.250000

MOTIF M04304_2.00 CEBPG 
letter-probability matrix: alength= 4 w= 12 nsites= 100 E= 0
 0.204784  0.267763  0.219217  0.308236 
 0.432970  0.152120  0.355279  0.059631 
 0.000000  0.000000  0.000000  1.000000 
 0.000000  0.000000  0.153922  0.846078 
 0.566597  0.000000  0.369356  0.064047 
 0.021742  0.839839  0.016910  0.121509 
 0.082477  0.009093  0.900973  0.007457 
 0.080718  0.811931  0.000000  0.107351 
 0.982985  0.017015  0.000000  0.000000 
 1.000000  0.000000  0.000000  0.000000 
 0.038536  0.374441  0.125980  0.461042 
 0.330457  0.225435  0.247943  0.196165 

