MEME version 4

ALPHABET= ACGT

strands: + -

Background letter frequencies
A 0.250000 C 0.250000 G 0.250000 T 0.250000

MOTIF M04375_2.00 ATF6B 
letter-probability matrix: alength= 4 w= 12 nsites= 100 E= 0
 0.135841  0.150888  0.535162  0.178109 
 0.442131  0.097914  0.439414  0.020541 
 0.000000  0.005062  0.006301  0.988637 
 0.000000  0.008444  0.973651  0.017905 
 0.990325  0.006726  0.002949  0.000000 
 0.000365  0.999269  0.000365  0.000000 
 0.000470  0.000000  0.998591  0.000939 
 0.001173  0.016628  0.005866  0.976333 
 0.015560  0.976482  0.007958  0.000000 
 0.987057  0.006704  0.005776  0.000464 
 0.021889  0.433761  0.103414  0.440936 
 0.170672  0.535106  0.159440  0.134782 

