MEME version 4

ALPHABET= ACGT

strands: + -

Background letter frequencies
A 0.250000 C 0.250000 G 0.250000 T 0.250000

MOTIF M04366_2.00 MAFG 
letter-probability matrix: alength= 4 w= 15 nsites= 100 E= 0
 0.304366  0.177116  0.196772  0.321746 
 0.043435  0.159594  0.018729  0.778243 
 0.009120  0.020268  0.966559  0.004054 
 0.062392  0.897747  0.003274  0.036588 
 0.055402  0.063869  0.014725  0.866004 
 0.035734  0.029373  0.878017  0.056876 
 0.862190  0.072697  0.017943  0.047170 
 0.029963  0.471056  0.461476  0.037505 
 0.048636  0.010681  0.054167  0.886515 
 0.063005  0.857090  0.032697  0.047208 
 0.876367  0.030584  0.044486  0.048563 
 0.029077  0.012574  0.909234  0.049116 
 0.010878  0.958098  0.019138  0.011886 
 0.805856  0.029282  0.141195  0.023666 
 0.351469  0.184113  0.166736  0.297683 

