MEME version 4

ALPHABET= ACGT

strands: + -

Background letter frequencies
A 0.250000 C 0.250000 G 0.250000 T 0.250000

MOTIF M04322_2.00 ATF3 
letter-probability matrix: alength= 4 w= 12 nsites= 100 E= 0
 0.197441  0.144311  0.472710  0.185539 
 0.713761  0.034531  0.248220  0.003488 
 0.000000  0.000000  0.000000  1.000000 
 0.000000  0.000000  0.930555  0.069445 
 1.000000  0.000000  0.000000  0.000000 
 0.000000  0.992674  0.000000  0.007326 
 0.437283  0.002043  0.560673  0.000000 
 0.000000  0.000000  0.000000  1.000000 
 0.053286  0.946714  0.000000  0.000000 
 1.000000  0.000000  0.000000  0.000000 
 0.001616  0.270136  0.027096  0.701152 
 0.164313  0.543382  0.122083  0.170221 

