MEME version 4

ALPHABET= ACGT

strands: + -

Background letter frequencies
A 0.250000 C 0.250000 G 0.250000 T 0.250000

MOTIF M04327_2.00 FOS 
letter-probability matrix: alength= 4 w= 12 nsites= 100 E= 0
 0.106181  0.153724  0.608030  0.132066 
 0.741649  0.007307  0.245825  0.005219 
 0.000000  0.018041  0.006701  0.975258 
 0.010491  0.037196  0.902241  0.050072 
 0.946947  0.019019  0.010511  0.023524 
 0.003006  0.947896  0.005010  0.044088 
 0.058272  0.003951  0.934321  0.003457 
 0.017448  0.020439  0.018943  0.943170 
 0.058712  0.895833  0.025568  0.019886 
 0.978789  0.008795  0.012416  0.000000 
 0.007147  0.290965  0.027055  0.674834 
 0.155920  0.589323  0.148520  0.106237 

