MEME version 4

ALPHABET= ACGT

strands: + -

Background letter frequencies
A 0.250000 C 0.250000 G 0.250000 T 0.250000

MOTIF M04360_2.00 MAFF 
letter-probability matrix: alength= 4 w= 16 nsites= 100 E= 0
 0.308804  0.119580  0.208936  0.362681 
 0.084472  0.231056  0.008696  0.675776 
 0.000000  0.022843  0.969543  0.007614 
 0.046693  0.927367  0.003891  0.022049 
 0.043330  0.112885  0.027366  0.816420 
 0.000000  0.025612  0.728285  0.246102 
 0.968872  0.031128  0.000000  0.000000 
 0.010563  0.670188  0.154930  0.164319 
 0.239105  0.124853  0.623086  0.012956 
 0.000000  0.050431  0.025830  0.923739 
 0.163482  0.767516  0.023355  0.045648 
 0.898182  0.000000  0.071515  0.030303 
 0.028571  0.018286  0.805714  0.147429 
 0.006460  0.970284  0.009044  0.014212 
 0.715909  0.005051  0.214646  0.064394 
 0.287779  0.180026  0.173456  0.358739 

