MEME version 4

ALPHABET= ACGT

strands: + -

Background letter frequencies
A 0.250000 C 0.250000 G 0.250000 T 0.250000

MOTIF M04399_2.00 ZNF76 
letter-probability matrix: alength= 4 w= 21 nsites= 100 E= 0
 0.351149  0.252176  0.148938  0.247737 
 0.120389  0.290195  0.055875  0.533541 
 0.132490  0.069039  0.044629  0.753842 
 0.642556  0.012729  0.002752  0.341963 
 0.000000  0.999652  0.000174  0.000174 
 0.000087  0.999652  0.000087  0.000174 
 0.000000  0.999739  0.000087  0.000174 
 0.998001  0.000521  0.001217  0.000261 
 0.007225  0.472360  0.099765  0.420651 
 0.938563  0.034197  0.027072  0.000168 
 0.985078  0.004226  0.010005  0.000690 
 0.000521  0.001563  0.001997  0.995918 
 0.008663  0.048137  0.922115  0.021085 
 0.000174  0.999652  0.000087  0.000087 
 0.852694  0.063311  0.001101  0.082894 
 0.160850  0.374184  0.038646  0.426321 
 0.029779  0.333390  0.005819  0.631011 
 0.351074  0.011069  0.517044  0.120812 
 0.009589  0.812253  0.122456  0.055702 
 0.302321  0.097048  0.373134  0.227497 
 0.269325  0.346797  0.201515  0.182364 

