MEME version 4

ALPHABET= ACGT

strands: + -

Background letter frequencies
A 0.250000 C 0.250000 G 0.250000 T 0.250000

MOTIF M04311_2.00 CREB3L1 
letter-probability matrix: alength= 4 w= 12 nsites= 100 E= 0
 0.094497  0.247390  0.116793  0.541320 
 0.073542  0.025359  0.861933  0.039166 
 0.171180  0.781553  0.020695  0.026571 
 0.090081  0.796407  0.045301  0.068211 
 0.964984  0.006309  0.025552  0.003155 
 0.003877  0.988368  0.003877  0.003877 
 0.006147  0.000324  0.989647  0.003882 
 0.000316  0.020563  0.011389  0.967732 
 0.072870  0.029358  0.801835  0.095937 
 0.034623  0.024949  0.778768  0.161660 
 0.042619  0.863393  0.021733  0.072255 
 0.535821  0.096865  0.260816  0.106499 

