MEME version 4

ALPHABET= ACGT

strands: + -

Background letter frequencies
A 0.250000 C 0.250000 G 0.250000 T 0.250000

MOTIF M04300_2.00 CREB5 
letter-probability matrix: alength= 4 w= 12 nsites= 100 E= 0
 0.235823  0.275610  0.300762  0.187805 
 0.632387  0.043173  0.308520  0.015921 
 0.001150  0.056043  0.000000  0.942808 
 0.000336  0.002017  0.735044  0.262604 
 0.988549  0.003767  0.002712  0.004972 
 0.000000  0.958510  0.041490  0.000000 
 0.558565  0.036603  0.402050  0.002782 
 0.002575  0.001817  0.001969  0.993639 
 0.173392  0.819613  0.004622  0.002374 
 0.930506  0.001986  0.067508  0.000000 
 0.021975  0.405268  0.053810  0.518946 
 0.191129  0.368999  0.215821  0.224051 

