MEME version 4

ALPHABET= ACGT

strands: + -

Background letter frequencies
A 0.250000 C 0.250000 G 0.250000 T 0.250000

MOTIF M04451_2.00 ZNF384 
letter-probability matrix: alength= 4 w= 22 nsites= 100 E= 0
 0.032401  0.144330  0.145803  0.677467 
 0.000000  0.096661  0.094903  0.808436 
 0.000000  0.060264  0.073446  0.866290 
 0.049236  0.071307  0.098472  0.780985 
 0.074480  0.240964  0.180723  0.503834 
 0.169565  0.371739  0.180435  0.278261 
 0.258134  0.292842  0.151844  0.297180 
 0.243478  0.300000  0.245652  0.210870 
 0.191304  0.286957  0.256522  0.265217 
 0.289130  0.256522  0.204348  0.250000 
 0.173913  0.352174  0.245652  0.228261 
 0.232609  0.230435  0.230435  0.306522 
 0.276087  0.184783  0.276087  0.263043 
 0.295011  0.249458  0.225597  0.229935 
 0.223427  0.286334  0.284165  0.206074 
 0.223427  0.219089  0.297180  0.260304 
 0.331887  0.177874  0.338395  0.151844 
 0.489883  0.211928  0.187433  0.110756 
 0.859813  0.039252  0.059813  0.041121 
 0.872865  0.030361  0.096774  0.000000 
 0.867925  0.049057  0.083019  0.000000 
 0.685544  0.154993  0.131148  0.028316 

