MEME version 4

ALPHABET= ACGT

strands: + -

Background letter frequencies
A 0.250000 C 0.250000 G 0.250000 T 0.250000

MOTIF M04486_2.00 ZIC1 
letter-probability matrix: alength= 4 w= 15 nsites= 100 E= 0
 0.000000  0.208035  0.487714  0.304250 
 0.766280  0.097802  0.135918  0.000000 
 0.003030  0.996970  0.000000  0.000000 
 0.012160  0.982959  0.000000  0.004881 
 0.176481  0.800984  0.000000  0.022535 
 0.000000  1.000000  0.000000  0.000000 
 0.036704  0.963211  0.000000  0.000086 
 0.000000  0.418478  0.000000  0.581522 
 0.285394  0.000000  0.714606  0.000000 
 0.000000  0.955087  0.000000  0.044913 
 0.017274  0.146541  0.082867  0.753317 
 0.000000  0.000000  1.000000  0.000000 
 0.074526  0.000000  0.000000  0.925474 
 0.000000  0.000000  0.844595  0.155405 
 0.288849  0.563618  0.017535  0.129999 

