MEME version 4

ALPHABET= ACGT

strands: + -

Background letter frequencies
A 0.250000 C 0.250000 G 0.250000 T 0.250000

MOTIF M04487_2.00 ZIC1 
letter-probability matrix: alength= 4 w= 15 nsites= 100 E= 0
 0.046199  0.262597  0.427446  0.263758 
 0.526209  0.208018  0.265774  0.000000 
 0.038195  0.945639  0.000000  0.016166 
 0.051350  0.920144  0.013342  0.015164 
 0.163132  0.710698  0.012321  0.113849 
 0.000000  1.000000  0.000000  0.000000 
 0.027359  0.972641  0.000000  0.000000 
 0.000000  0.657586  0.000000  0.342414 
 0.120183  0.000000  0.879817  0.000000 
 0.000000  0.827621  0.000000  0.172379 
 0.067669  0.129483  0.060752  0.742095 
 0.000000  0.000000  1.000000  0.000000 
 0.100532  0.424592  0.016107  0.458770 
 0.000000  0.015695  0.890172  0.094133 
 0.255547  0.498403  0.024344  0.221706 

