MEME version 4

ALPHABET= ACGT

strands: + -

Background letter frequencies
A 0.250000 C 0.250000 G 0.250000 T 0.250000

MOTIF M04435_2.00 ZNF410 
letter-probability matrix: alength= 4 w= 14 nsites= 100 E= 0
 0.272693  0.167299  0.318458  0.241550 
 0.032244  0.096977  0.008454  0.862325 
 0.999725  0.000000  0.000213  0.000062 
 0.000913  0.010934  0.000000  0.988152 
 0.000000  0.001082  0.001171  0.997748 
 0.988039  0.010441  0.000948  0.000571 
 0.000354  0.048004  0.002447  0.949196 
 0.012346  0.000645  0.967953  0.019056 
 0.000036  0.000009  0.999884  0.000071 
 0.012740  0.006380  0.785412  0.195468 
 0.458928  0.184588  0.166127  0.190356 
 0.015730  0.005617  0.000304  0.978348 
 0.253751  0.004132  0.708720  0.033397 
 0.031659  0.212868  0.430216  0.325257 

