MEME version 4

ALPHABET= ACGT

strands: + -

Background letter frequencies
A 0.250000 C 0.250000 G 0.250000 T 0.250000

MOTIF M04489_2.00 KLF10 
letter-probability matrix: alength= 4 w= 22 nsites= 100 E= 0
 0.210765  0.108136  0.625544  0.055556 
 0.302063  0.576256  0.059156  0.062526 
 0.030382  0.941637  0.004704  0.023278 
 0.846814  0.075103  0.077812  0.000271 
 0.011721  0.980399  0.000148  0.007732 
 0.665517  0.000542  0.307184  0.026757 
 0.000050  0.999850  0.000100  0.000000 
 0.000000  1.000000  0.000000  0.000000 
 0.000000  0.897491  0.000000  0.102509 
 0.339544  0.513163  0.026416  0.120877 
 0.044274  0.621824  0.036500  0.297402 
 0.139385  0.159640  0.583646  0.117329 
 0.310165  0.479859  0.056938  0.153038 
 0.042389  0.924652  0.008240  0.024719 
 0.870762  0.071478  0.056522  0.001239 
 0.007976  0.978928  0.000000  0.013096 
 0.552606  0.003054  0.417693  0.026648 
 0.000600  0.998901  0.000450  0.000050 
 0.001297  0.998054  0.000299  0.000349 
 0.000450  0.849516  0.000450  0.149584 
 0.375509  0.469978  0.010507  0.144007 
 0.044249  0.791194  0.017249  0.147309 

