MEME version 4

ALPHABET= ACGT

strands: + -

Background letter frequencies
A 0.250000 C 0.250000 G 0.250000 T 0.250000

MOTIF M04446_2.00 OVOL2 
letter-probability matrix: alength= 4 w= 13 nsites= 100 E= 0
 0.384887  0.137672  0.200501  0.276940 
 0.286196  0.146212  0.172025  0.395567 
 0.456915  0.106075  0.103702  0.333309 
 0.038142  0.949352  0.012506  0.000000 
 0.006635  0.963869  0.006816  0.022680 
 0.000000  0.000000  0.999750  0.000250 
 0.000000  0.200180  0.000525  0.799295 
 0.001654  0.000687  0.000000  0.997659 
 0.951274  0.005358  0.034201  0.009168 
 0.125229  0.247330  0.194800  0.432641 
 0.276971  0.199186  0.225000  0.298842 
 0.207536  0.275214  0.086992  0.430258 
 0.281830  0.217935  0.246503  0.253731 

