MEME version 4

ALPHABET= ACGT

strands: + -

Background letter frequencies
A 0.250000 C 0.250000 G 0.250000 T 0.250000

MOTIF M04413_2.00 ZNF821 
letter-probability matrix: alength= 4 w= 15 nsites= 100 E= 0
 0.299169  0.317175  0.201177  0.182479 
 0.055305  0.484244  0.016077  0.444373 
 0.025522  0.001657  0.957242  0.015578 
 0.000000  0.000000  0.000000  1.000000 
 0.063248  0.886706  0.015659  0.034387 
 0.044678  0.704008  0.006242  0.245072 
 0.080214  0.000000  0.908462  0.011324 
 0.000000  0.000000  0.009262  0.990738 
 0.069767  0.763214  0.047304  0.119715 
 0.073421  0.240782  0.000641  0.685155 
 0.069537  0.059354  0.840268  0.030841 
 0.023083  0.123397  0.030493  0.823027 
 0.096558  0.842474  0.029172  0.031797 
 0.080407  0.715034  0.029883  0.174677 
 0.233726  0.216066  0.263158  0.287050 

