MEME version 4

ALPHABET= ACGT

strands: + -

Background letter frequencies
A 0.250000 C 0.250000 G 0.250000 T 0.250000

MOTIF M04454_2.00 BCL11B 
letter-probability matrix: alength= 4 w= 19 nsites= 100 E= 0
 0.000000  0.010076  0.989924  0.000000 
 0.000000  0.012563  0.000000  0.987437 
 0.000000  0.000000  1.000000  0.000000 
 0.994937  0.000000  0.000000  0.005063 
 1.000000  0.000000  0.000000  0.000000 
 0.000000  1.000000  0.000000  0.000000 
 0.147208  0.002538  0.850254  0.000000 
 0.119593  0.417303  0.167939  0.295165 
 0.216285  0.259542  0.150127  0.374046 
 0.348601  0.117048  0.284987  0.249364 
 0.324873  0.266497  0.175127  0.233503 
 0.314721  0.324873  0.101523  0.258883 
 0.274809  0.254453  0.366412  0.104326 
 0.000000  0.870558  0.000000  0.129442 
 0.064286  0.000000  0.000000  0.935714 
 1.000000  0.000000  0.000000  0.000000 
 0.000000  0.994937  0.000000  0.005063 
 0.997462  0.000000  0.002538  0.000000 
 0.019851  0.975186  0.000000  0.004963 

