MEME version 4

ALPHABET= ACGT

strands: + -

Background letter frequencies
A 0.250000 C 0.250000 G 0.250000 T 0.250000

MOTIF M04519_2.00 ZNF704 
letter-probability matrix: alength= 4 w= 12 nsites= 100 E= 0
 0.170213  0.373863  0.116329  0.339595 
 0.358795  0.032992  0.584036  0.024177 
 0.002232  0.979412  0.017272  0.001085 
 0.001845  0.995927  0.001421  0.000806 
 0.001438  0.001946  0.993231  0.003385 
 0.004860  0.027799  0.966847  0.000494 
 0.000124  0.966967  0.027699  0.005210 
 0.002752  0.993883  0.002201  0.001164 
 0.000868  0.001589  0.994472  0.003071 
 0.001480  0.018113  0.978656  0.001751 
 0.024712  0.581936  0.032702  0.360649 
 0.340958  0.114072  0.371563  0.173407 

