MEME version 4

ALPHABET= ACGT

strands: + -

Background letter frequencies
A 0.250000 C 0.250000 G 0.250000 T 0.250000

MOTIF M04511_2.00 KLF15 
letter-probability matrix: alength= 4 w= 12 nsites= 100 E= 0
 0.290396  0.253811  0.344893  0.110899 
 0.212916  0.529566  0.121695  0.135822 
 0.159457  0.659960  0.055332  0.125252 
 0.543609  0.347006  0.034390  0.074995 
 0.000000  0.968981  0.000000  0.031019 
 0.196352  0.231277  0.509119  0.063252 
 0.006652  0.969697  0.004065  0.019586 
 0.037970  0.931157  0.023776  0.007097 
 0.016328  0.874375  0.025325  0.083972 
 0.364374  0.487021  0.043478  0.105127 
 0.110315  0.649423  0.071985  0.168277 
 0.175305  0.483232  0.125381  0.216082 

