MEME version 4

ALPHABET= ACGT

strands: + -

Background letter frequencies
A 0.250000 C 0.250000 G 0.250000 T 0.250000

MOTIF M04514_2.00 KLF15 
letter-probability matrix: alength= 4 w= 12 nsites= 100 E= 0
 0.220614  0.000000  0.757569  0.021817 
 0.159576  0.815410  0.000000  0.025014 
 0.029704  0.878529  0.028720  0.063047 
 0.680475  0.319525  0.000000  0.000000 
 0.000000  1.000000  0.000000  0.000000 
 0.080193  0.000000  0.862995  0.056812 
 0.000000  1.000000  0.000000  0.000000 
 0.000000  1.000000  0.000000  0.000000 
 0.000000  0.936858  0.000000  0.063142 
 0.343078  0.616939  0.000000  0.039983 
 0.032099  0.757059  0.009018  0.201825 
 0.219548  0.340573  0.127407  0.312472 

