MEME version 4

ALPHABET= ACGT

strands: + -

Background letter frequencies
A 0.250000 C 0.250000 G 0.250000 T 0.250000

MOTIF M04531_2.00 ZNF597 
letter-probability matrix: alength= 4 w= 14 nsites= 100 E= 0
 0.192249  0.250351  0.393866  0.163534 
 0.128378  0.041980  0.606711  0.222931 
 0.210699  0.608879  0.103172  0.077250 
 0.045362  0.785363  0.167616  0.001660 
 0.004605  0.000000  0.990305  0.005090 
 0.002495  0.997170  0.000000  0.000335 
 0.000000  0.999573  0.000000  0.000427 
 0.998598  0.000853  0.000366  0.000183 
 0.001399  0.002189  0.000426  0.995987 
 0.059185  0.298010  0.044501  0.598303 
 0.004127  0.001214  0.001608  0.993051 
 0.002306  0.002366  0.001305  0.994023 
 0.060172  0.021742  0.852125  0.065962 
 0.269415  0.155107  0.285557  0.289921 

