MEME version 4

ALPHABET= ACGT

strands: + -

Background letter frequencies
A 0.250000 C 0.250000 G 0.250000 T 0.250000

MOTIF M04584_2.00 EGR3 
letter-probability matrix: alength= 4 w= 13 nsites= 100 E= 0
 0.296397  0.305978  0.135597  0.262029 
 0.410368  0.581371  0.000413  0.007848 
 0.000000  0.996472  0.001245  0.002283 
 0.017082  0.005426  0.965032  0.012460 
 0.002697  0.996059  0.000830  0.000415 
 0.000416  0.999584  0.000000  0.000000 
 0.001008  0.968145  0.001210  0.029637 
 0.972458  0.027339  0.000203  0.000000 
 0.002077  0.997507  0.000415  0.000000 
 0.186845  0.008330  0.689645  0.115180 
 0.003809  0.914492  0.031042  0.050657 
 0.694734  0.025318  0.256944  0.023003 
 0.301187  0.356176  0.077276  0.265361 

