MEME version 4

ALPHABET= ACGT

strands: + -

Background letter frequencies
A 0.250000 C 0.250000 G 0.250000 T 0.250000

MOTIF M04567_2.00 ZIC4 
letter-probability matrix: alength= 4 w= 15 nsites= 100 E= 0
 0.043540  0.241591  0.366080  0.348790 
 0.538777  0.147382  0.313840  0.000000 
 0.087421  0.868868  0.000000  0.043711 
 0.139961  0.786080  0.032309  0.041649 
 0.339278  0.474853  0.012437  0.173432 
 0.003762  0.995375  0.000862  0.000000 
 0.243180  0.746773  0.005190  0.004857 
 0.018471  0.474893  0.000000  0.506636 
 0.360506  0.000000  0.639494  0.000000 
 0.005055  0.723363  0.022943  0.248639 
 0.089909  0.193807  0.206617  0.509667 
 0.037710  0.000000  0.962290  0.000000 
 0.180367  0.083364  0.025933  0.710336 
 0.000925  0.098409  0.695215  0.205451 
 0.303261  0.425383  0.060511  0.210845 

