MEME version 4

ALPHABET= ACGT

strands: + -

Background letter frequencies
A 0.250000 C 0.250000 G 0.250000 T 0.250000

MOTIF M04528_2.00 ZNF23 
letter-probability matrix: alength= 4 w= 19 nsites= 100 E= 0
 0.393939  0.074242  0.183333  0.348485 
 0.000000  0.977745  0.000000  0.022255 
 0.540909  0.178788  0.121212  0.159091 
 0.036388  0.827493  0.078167  0.057951 
 0.000000  0.988024  0.011976  0.000000 
 0.029499  0.945428  0.008850  0.016224 
 0.850455  0.139142  0.000000  0.010403 
 0.001381  0.081492  0.006906  0.910221 
 0.009732  0.107056  0.753041  0.130170 
 0.000000  0.037821  0.839637  0.122542 
 0.003008  0.989474  0.007519  0.000000 
 0.006006  0.993994  0.000000  0.000000 
 0.034351  0.104326  0.846056  0.015267 
 0.011527  0.949568  0.004323  0.034582 
 0.068357  0.131202  0.646086  0.154355 
 0.375169  0.464238  0.012146  0.148448 
 0.190283  0.627530  0.098516  0.083671 
 0.172230  0.672897  0.128171  0.026702 
 0.256061  0.365152  0.251515  0.127273 

