MEME version 4

ALPHABET= ACGT

strands: + -

Background letter frequencies
A 0.250000 C 0.250000 G 0.250000 T 0.250000

MOTIF M04520_2.00 ZNF704 
letter-probability matrix: alength= 4 w= 12 nsites= 100 E= 0
 0.168477  0.397939  0.153439  0.280145 
 0.401667  0.035165  0.533733  0.029435 
 0.000000  0.956835  0.038902  0.004263 
 0.001668  0.998332  0.000000  0.000000 
 0.003883  0.000000  0.996117  0.000000 
 0.006862  0.045395  0.947743  0.000000 
 0.001068  0.959135  0.028579  0.011218 
 0.003054  0.996946  0.000000  0.000000 
 0.000000  0.000835  0.999165  0.000000 
 0.000000  0.030181  0.967664  0.002156 
 0.024776  0.519768  0.028730  0.426726 
 0.317182  0.139515  0.375104  0.168198 

