MEME version 4

ALPHABET= ACGT

strands: + -

Background letter frequencies
A 0.250000 C 0.250000 G 0.250000 T 0.250000

MOTIF M04517_2.00 SP8 
letter-probability matrix: alength= 4 w= 12 nsites= 100 E= 0
 0.343794  0.152327  0.374824  0.129055 
 0.204684  0.577597  0.094705  0.123014 
 0.082925  0.816585  0.009502  0.090988 
 0.699729  0.278559  0.005428  0.016284 
 0.001394  0.988153  0.002787  0.007666 
 0.076712  0.028615  0.863318  0.031355 
 0.002093  0.989187  0.000000  0.008720 
 0.002095  0.990223  0.006285  0.001397 
 0.000941  0.889586  0.011292  0.098181 
 0.446849  0.442458  0.006272  0.104421 
 0.071626  0.667384  0.056871  0.204119 
 0.224260  0.383639  0.096968  0.295134 

