MEME version 4

ALPHABET= ACGT

strands: + -

Background letter frequencies
A 0.250000 C 0.250000 G 0.250000 T 0.250000

MOTIF M04583_2.00 EGR3 
letter-probability matrix: alength= 4 w= 13 nsites= 100 E= 0
 0.266547  0.374878  0.119702  0.238873 
 0.528347  0.455584  0.001685  0.014384 
 0.000797  0.999203  0.000000  0.000000 
 0.054908  0.003195  0.924505  0.017392 
 0.000943  0.998172  0.000619  0.000265 
 0.001709  0.997614  0.000530  0.000147 
 0.000758  0.828379  0.000171  0.170691 
 0.928765  0.071070  0.000000  0.000165 
 0.002090  0.996674  0.000677  0.000559 
 0.040572  0.003314  0.935178  0.020935 
 0.001202  0.969118  0.000000  0.029680 
 0.628749  0.098676  0.171504  0.101071 
 0.263763  0.386503  0.117041  0.232693 

