MEME version 4

ALPHABET= ACGT

strands: + -

Background letter frequencies
A 0.250000 C 0.250000 G 0.250000 T 0.250000

MOTIF M04545_2.00 ZNF524 
letter-probability matrix: alength= 4 w= 12 nsites= 100 E= 0
 0.313443  0.267490  0.209191  0.209877 
 0.095315  0.626817  0.119548  0.158320 
 0.031481  0.068519  0.000000  0.900000 
 0.010101  0.866310  0.021390  0.102198 
 0.030227  0.039673  0.918136  0.011965 
 0.451303  0.217421  0.272977  0.058299 
 0.958580  0.030901  0.005917  0.004602 
 0.003394  0.989817  0.000000  0.006789 
 0.000000  0.983806  0.002024  0.014170 
 0.007270  0.963648  0.012558  0.016523 
 0.189553  0.196293  0.366891  0.247262 
 0.181881  0.192862  0.295127  0.330130 

