MEME version 4

ALPHABET= ACGT

strands: + -

Background letter frequencies
A 0.250000 C 0.250000 G 0.250000 T 0.250000

MOTIF M04676_2.00 ONECUT1 
letter-probability matrix: alength= 4 w= 12 nsites= 100 E= 0
 0.665642  0.072358  0.195555  0.066446 
 0.010666  0.556887  0.125889  0.306558 
 0.153862  0.326931  0.519208  0.000000 
 0.413535  0.000000  0.586465  0.000000 
 1.000000  0.000000  0.000000  0.000000 
 0.000943  0.000000  0.002122  0.996935 
 0.000000  1.000000  0.000000  0.000000 
 0.941242  0.000000  0.058090  0.000668 
 0.999055  0.000236  0.000236  0.000472 
 0.003063  0.000000  0.000471  0.996466 
 1.000000  0.000000  0.000000  0.000000 
 0.515961  0.401750  0.021045  0.061244 

