MEME version 4

ALPHABET= ACGT

strands: + -

Background letter frequencies
A 0.250000 C 0.250000 G 0.250000 T 0.250000

MOTIF M04686_2.00 DMRTC2 
letter-probability matrix: alength= 4 w= 12 nsites= 100 E= 0
 0.500573  0.175258  0.161512  0.162658 
 0.641912  0.058824  0.121324  0.177941 
 0.074037  0.040568  0.000000  0.885396 
 0.000000  0.002286  0.997714  0.000000 
 0.005656  0.000000  0.006787  0.987557 
 0.823585  0.006604  0.075472  0.094340 
 0.168192  0.001144  0.305492  0.525172 
 0.000000  0.986441  0.013559  0.000000 
 0.762445  0.117031  0.078603  0.041921 
 0.744881  0.030717  0.066553  0.157850 
 0.221154  0.102885  0.057692  0.618269 
 0.206994  0.078450  0.096408  0.618147 

