MEME version 4

ALPHABET= ACGT

strands: + -

Background letter frequencies
A 0.250000 C 0.250000 G 0.250000 T 0.250000

MOTIF M04604_2.00 ZBTB37 
letter-probability matrix: alength= 4 w= 17 nsites= 100 E= 0
 0.181423  0.179120  0.176561  0.462897 
 0.159692  0.504185  0.037004  0.299119 
 0.614886  0.067088  0.289860  0.028167 
 0.024965  0.904573  0.037564  0.032898 
 0.010572  0.679183  0.303864  0.006380 
 0.241215  0.030375  0.722057  0.006353 
 0.129173  0.565677  0.147123  0.158027 
 0.285191  0.115758  0.541927  0.057124 
 0.304582  0.321730  0.130279  0.243409 
 0.164363  0.183308  0.091910  0.560420 
 0.139576  0.562058  0.041519  0.256846 
 0.731001  0.030157  0.224970  0.013872 
 0.028626  0.928435  0.021231  0.021708 
 0.017776  0.875114  0.084093  0.023017 
 0.230988  0.023119  0.729264  0.016629 
 0.080758  0.639312  0.103396  0.176535 
 0.275661  0.167395  0.490735  0.066209 

