MEME version 4

ALPHABET= ACGT

strands: + -

Background letter frequencies
A 0.250000 C 0.250000 G 0.250000 T 0.250000

MOTIF M04635_2.00 ZBTB12 
letter-probability matrix: alength= 4 w= 14 nsites= 100 E= 0
 0.693978  0.043764  0.155972  0.106285 
 0.007085  0.002899  0.978744  0.011272 
 0.000000  1.000000  0.000000  0.000000 
 0.001304  0.002282  0.005867  0.990548 
 0.000000  0.000000  0.995414  0.004586 
 0.299112  0.007897  0.538335  0.154656 
 0.470550  0.000987  0.500823  0.027641 
 0.000000  0.998030  0.000000  0.001970 
 0.000000  1.000000  0.000000  0.000000 
 0.004260  0.000000  0.995740  0.000000 
 0.001314  0.998686  0.000000  0.000000 
 0.047712  0.100139  0.842996  0.009154 
 0.031431  0.315532  0.041501  0.611535 
 0.161184  0.391776  0.262171  0.184868 

