MEME version 4

ALPHABET= ACGT

strands: + -

Background letter frequencies
A 0.250000 C 0.250000 G 0.250000 T 0.250000

MOTIF M04684_2.00 DMRT1 
letter-probability matrix: alength= 4 w= 12 nsites= 100 E= 0
 0.328886  0.215477  0.264176  0.191461 
 0.576154  0.041923  0.213462  0.168462 
 0.010110  0.299632  0.001838  0.688419 
 0.000000  0.041587  0.958413  0.000000 
 0.031642  0.045827  0.105292  0.817239 
 0.590361  0.006311  0.134251  0.269076 
 0.231229  0.000000  0.528904  0.239867 
 0.000000  0.951715  0.000000  0.048285 
 0.351592  0.185861  0.349719  0.112828 
 0.474651  0.170786  0.129278  0.225285 
 0.219626  0.150868  0.169559  0.459947 
 0.234980  0.127503  0.198932  0.438585 

