MEME version 4

ALPHABET= ACGT

strands: + -

Background letter frequencies
A 0.250000 C 0.250000 G 0.250000 T 0.250000

MOTIF M04628_2.00 ZNF460 
letter-probability matrix: alength= 4 w= 13 nsites= 100 E= 0
 0.154613  0.478803  0.235661  0.130923 
 0.405896  0.248677  0.199546  0.145881 
 0.590674  0.239378  0.096373  0.073575 
 0.098522  0.789163  0.039409  0.072906 
 0.098480  0.206687  0.486930  0.207903 
 0.033595  0.896976  0.013438  0.055991 
 0.054176  0.904063  0.007901  0.033860 
 0.037820  0.890990  0.043382  0.027809 
 0.076426  0.862217  0.031216  0.030140 
 0.053531  0.912301  0.019362  0.014806 
 0.028153  0.902027  0.028153  0.041667 
 0.239674  0.269250  0.408465  0.082611 
 0.324594  0.349563  0.149813  0.176030 

