MEME version 4

ALPHABET= ACGT

strands: + -

Background letter frequencies
A 0.250000 C 0.250000 G 0.250000 T 0.250000

MOTIF M04621_2.00 ZNF140 
letter-probability matrix: alength= 4 w= 14 nsites= 100 E= 0
 0.406531  0.115239  0.132040  0.346190 
 0.334886  0.014439  0.649278  0.001397 
 0.000236  0.998582  0.000000  0.001181 
 0.970825  0.000459  0.001838  0.026878 
 0.969044  0.000459  0.030268  0.000229 
 0.000000  0.000000  0.000000  1.000000 
 0.000000  0.000000  0.000473  0.999527 
 0.002124  0.997404  0.000236  0.000236 
 0.005414  0.953305  0.000451  0.040830 
 0.013536  0.000233  0.986231  0.000000 
 0.010526  0.988538  0.000468  0.000468 
 0.002423  0.050441  0.016300  0.930837 
 0.000467  0.986922  0.000467  0.012144 
 0.426171  0.271888  0.167534  0.134406 

