MEME version 4

ALPHABET= ACGT

strands: + -

Background letter frequencies
A 0.250000 C 0.250000 G 0.250000 T 0.250000

MOTIF M04675_2.00 ONECUT1 
letter-probability matrix: alength= 4 w= 12 nsites= 100 E= 0
 0.215832  0.288232  0.256325  0.239611 
 0.240523  0.323027  0.284813  0.151637 
 0.000000  0.928410  0.071590  0.000000 
 0.183285  0.000000  0.816715  0.000000 
 1.000000  0.000000  0.000000  0.000000 
 0.000000  0.000000  0.000000  1.000000 
 0.000000  0.998862  0.000000  0.001138 
 0.000000  0.000000  1.000000  0.000000 
 0.999544  0.000000  0.000456  0.000000 
 0.000000  0.000000  0.000228  0.999772 
 0.733928  0.038584  0.136939  0.090549 
 0.263846  0.436527  0.133328  0.166299 

