MEME version 4

ALPHABET= ACGT

strands: + -

Background letter frequencies
A 0.250000 C 0.250000 G 0.250000 T 0.250000

MOTIF M04695_2.00 DMRTA1 
letter-probability matrix: alength= 4 w= 12 nsites= 100 E= 0
 0.629883  0.112674  0.135619  0.121825 
 0.567980  0.129064  0.055911  0.247044 
 0.092169  0.041963  0.001873  0.863994 
 0.001514  0.000000  0.997836  0.000649 
 0.007871  0.011061  0.000000  0.981068 
 0.779581  0.000507  0.034483  0.185429 
 0.442041  0.000000  0.220683  0.337276 
 0.001299  0.998268  0.000000  0.000433 
 0.629539  0.127355  0.161753  0.081354 
 0.578307  0.089028  0.139060  0.193605 
 0.225375  0.174109  0.082541  0.517975 
 0.227784  0.152384  0.117218  0.502614 

