MEME version 4

ALPHABET= ACGT

strands: + -

Background letter frequencies
A 0.250000 C 0.250000 G 0.250000 T 0.250000

MOTIF M04663_2.00 LIN28B 
letter-probability matrix: alength= 4 w= 15 nsites= 100 E= 0
 0.011146  0.988854  0.000000  0.000000 
 0.110000  0.000000  0.887143  0.002857 
 0.018957  0.981043  0.000000  0.000000 
 0.014881  0.000000  0.924107  0.061012 
 0.700113  0.000000  0.242390  0.057497 
 0.270531  0.016103  0.028986  0.684380 
 0.726688  0.000000  0.265273  0.008039 
 0.204509  0.122383  0.151369  0.521739 
 0.465378  0.091787  0.326892  0.115942 
 0.560386  0.140097  0.230274  0.069243 
 0.000000  0.953917  0.000000  0.046083 
 0.512799  0.066887  0.265070  0.155244 
 0.186104  0.024814  0.770471  0.018610 
 0.001555  0.965785  0.032659  0.000000 
 0.123342  0.019894  0.823607  0.033156 

