MEME version 4

ALPHABET= ACGT

strands: + -

Background letter frequencies
A 0.250000 C 0.250000 G 0.250000 T 0.250000

MOTIF M04682_2.00 DMRT3 
letter-probability matrix: alength= 4 w= 13 nsites= 100 E= 0
 0.772830  0.051537  0.100362  0.075271 
 0.760454  0.018906  0.026468  0.194173 
 0.103457  0.011610  0.002838  0.882095 
 0.000583  0.002330  0.995922  0.001165 
 0.004350  0.003190  0.000870  0.991589 
 0.939286  0.005220  0.010440  0.045055 
 0.294617  0.001463  0.125512  0.578408 
 0.004077  0.995632  0.000291  0.000000 
 0.585044  0.063997  0.316222  0.034736 
 0.861426  0.004535  0.042328  0.091711 
 0.244836  0.040209  0.018452  0.696502 
 0.212414  0.081150  0.049097  0.657339 
 0.124598  0.171688  0.083358  0.620357 

