MEME version 4

ALPHABET= ACGT

strands: + -

Background letter frequencies
A 0.250000 C 0.250000 G 0.250000 T 0.250000

MOTIF M04652_2.00 ZBTB22 
letter-probability matrix: alength= 4 w= 17 nsites= 100 E= 0
 0.268368  0.270650  0.051727  0.409255 
 0.010170  0.000832  0.301842  0.687157 
 0.000696  0.998824  0.000360  0.000120 
 0.990976  0.007738  0.000667  0.000619 
 0.000504  0.999184  0.000096  0.000216 
 0.208203  0.125215  0.043992  0.622590 
 0.996839  0.001533  0.000359  0.001269 
 0.000649  0.444597  0.055548  0.499207 
 0.434746  0.065158  0.067633  0.432464 
 0.492047  0.056244  0.450819  0.000889 
 0.002224  0.000407  0.002009  0.995361 
 0.626092  0.044962  0.118804  0.210142 
 0.000192  0.000120  0.998968  0.000720 
 0.000453  0.000619  0.007243  0.991685 
 0.000144  0.000264  0.999016  0.000576 
 0.686254  0.301547  0.000712  0.011487 
 0.405939  0.052616  0.272332  0.269112 

