MEME version 4

ALPHABET= ACGT

strands: + -

Background letter frequencies
A 0.250000 C 0.250000 G 0.250000 T 0.250000

MOTIF M04660_2.00 MBNL2 
letter-probability matrix: alength= 4 w= 12 nsites= 100 E= 0
 0.219945  0.155055  0.197404  0.427596 
 0.111684  0.360252  0.049828  0.478236 
 0.071542  0.074192  0.775835  0.078431 
 0.028909  0.863717  0.037758  0.069617 
 0.058148  0.400933  0.015434  0.525485 
 0.113674  0.053817  0.028556  0.803954 
 0.164088  0.427072  0.027072  0.381768 
 0.082118  0.079417  0.790924  0.047542 
 0.034545  0.887273  0.014545  0.063636 
 0.080659  0.273226  0.027872  0.618243 
 0.105263  0.106275  0.047571  0.740891 
 0.268443  0.354508  0.078552  0.298497 

