MEME version 4

ALPHABET= ACGT

strands: + -

Background letter frequencies
A 0.250000 C 0.250000 G 0.250000 T 0.250000

MOTIF M04653_2.00 ZNF345 
letter-probability matrix: alength= 4 w= 22 nsites= 100 E= 0
 0.239466  0.197329  0.373294  0.189911 
 0.132679  0.009551  0.818018  0.039752 
 0.094944  0.141615  0.085106  0.678334 
 0.560234  0.295036  0.087842  0.056888 
 0.006139  0.985092  0.007015  0.001754 
 0.263987  0.134752  0.556344  0.044917 
 0.000000  0.000297  0.999703  0.000000 
 0.003815  0.008509  0.005282  0.982394 
 0.081666  0.022445  0.053542  0.842347 
 0.045417  0.036662  0.908892  0.009029 
 0.084892  0.392401  0.049273  0.473434 
 0.175720  0.322054  0.203918  0.298308 
 0.114277  0.447611  0.163550  0.274562 
 0.424332  0.135608  0.366766  0.073294 
 0.068863  0.171861  0.260018  0.499258 
 0.000000  0.000297  0.999703  0.000000 
 0.000000  0.005900  0.000885  0.993215 
 0.006678  0.030197  0.000871  0.962253 
 0.000000  0.009870  0.938240  0.051889 
 0.000000  0.972109  0.000291  0.027600 
 0.738690  0.008900  0.097404  0.155006 
 0.796673  0.038289  0.134143  0.030895 

