MEME version 4

ALPHABET= ACGT

strands: + -

Background letter frequencies
A 0.250000 C 0.250000 G 0.250000 T 0.250000

MOTIF M04787_2.00 ELF3 
letter-probability matrix: alength= 4 w= 23 nsites= 100 E= 0
 0.940215  0.001986  0.001286  0.056513 
 0.128749  0.640212  0.115735  0.115304 
 0.270005  0.539034  0.190886  0.000075 
 0.978177  0.020545  0.001278  0.000000 
 0.000223  0.000030  0.999524  0.000223 
 0.000060  0.000000  0.999911  0.000030 
 0.999449  0.000402  0.000149  0.000000 
 0.998988  0.000134  0.000878  0.000000 
 0.230602  0.000076  0.769029  0.000292 
 0.004959  0.046415  0.010558  0.938069 
 0.617160  0.025925  0.285872  0.071044 
 0.471313  0.176517  0.228918  0.123252 
 0.364733  0.213309  0.166031  0.255926 
 0.286367  0.225344  0.211168  0.277120 
 0.269998  0.229376  0.251474  0.249151 
 0.284502  0.249166  0.247081  0.219251 
 0.339647  0.227623  0.216350  0.216380 
 0.442960  0.154970  0.166942  0.235128 
 0.513999  0.077349  0.102249  0.306404 
 0.571057  0.029282  0.040650  0.359010 
 0.657671  0.014115  0.012069  0.316146 
 0.628079  0.026540  0.018512  0.326869 
 0.433506  0.087349  0.062539  0.416606 

