MEME version 4

ALPHABET= ACGT

strands: + -

Background letter frequencies
A 0.250000 C 0.250000 G 0.250000 T 0.250000

MOTIF M04707_2.00 E2F4 
letter-probability matrix: alength= 4 w= 14 nsites= 100 E= 0
 0.392792  0.137128  0.163787  0.306293 
 0.579527  0.055764  0.059719  0.304990 
 0.527661  0.033397  0.127533  0.311409 
 0.122896  0.052123  0.222822  0.602160 
 0.031480  0.217851  0.749086  0.001582 
 0.000000  0.003788  0.996212  0.000000 
 0.001787  0.997070  0.000500  0.000643 
 0.000787  0.000143  0.997997  0.001073 
 0.000000  0.995714  0.003572  0.000714 
 0.001236  0.844671  0.134445  0.019648 
 0.817939  0.094859  0.029716  0.057487 
 0.674704  0.162917  0.025619  0.136760 
 0.706681  0.053231  0.050921  0.189167 
 0.561452  0.108839  0.063632  0.266077 

