MEME version 4

ALPHABET= ACGT

strands: + -

Background letter frequencies
A 0.250000 C 0.250000 G 0.250000 T 0.250000

MOTIF M04751_2.00 SPDEF 
letter-probability matrix: alength= 4 w= 12 nsites= 100 E= 0
 0.322679  0.129376  0.337900  0.210046 
 0.831646  0.020253  0.045570  0.102532 
 0.422040  0.347011  0.221571  0.009379 
 0.004317  0.945324  0.020144  0.030216 
 0.443619  0.556381  0.000000  0.000000 
 0.000000  0.001515  0.995455  0.003030 
 0.003109  0.000000  0.680829  0.316062 
 1.000000  0.000000  0.000000  0.000000 
 0.046095  0.112676  0.000000  0.841229 
 0.293951  0.067108  0.620983  0.017958 
 0.005365  0.273605  0.016094  0.704936 
 0.397260  0.068493  0.371385  0.162861 

