MEME version 4

ALPHABET= ACGT

strands: + -

Background letter frequencies
A 0.250000 C 0.250000 G 0.250000 T 0.250000

MOTIF M04736_2.00 ETV3 
letter-probability matrix: alength= 4 w= 16 nsites= 100 E= 0
 0.317578  0.254062  0.239291  0.189069 
 0.824818  0.019465  0.110706  0.045012 
 0.147274  0.551668  0.132628  0.168430 
 0.017366  0.981187  0.001447  0.000000 
 0.000000  0.002941  0.997059  0.000000 
 0.000000  0.000000  1.000000  0.000000 
 0.998527  0.000000  0.001473  0.000000 
 0.260549  0.024262  0.000000  0.715190 
 0.720510  0.000000  0.037194  0.242295 
 0.000000  0.000000  0.000000  1.000000 
 0.000000  1.000000  0.000000  0.000000 
 0.000000  0.998527  0.000000  0.001473 
 0.000000  0.001453  0.985465  0.013081 
 0.150165  0.121287  0.559406  0.169142 
 0.075964  0.143991  0.011338  0.768707 
 0.244838  0.213864  0.182891  0.358407 

