MEME version 4

ALPHABET= ACGT

strands: + -

Background letter frequencies
A 0.250000 C 0.250000 G 0.250000 T 0.250000

MOTIF M04715_2.00 ETV7 
letter-probability matrix: alength= 4 w= 13 nsites= 100 E= 0
 0.555630  0.057295  0.254497  0.132578 
 0.020425  0.498124  0.040850  0.440600 
 0.084802  0.006002  0.037173  0.872023 
 0.081367  0.005398  0.012795  0.900440 
 0.021604  0.963422  0.007273  0.007701 
 0.024846  0.956466  0.006795  0.011892 
 0.226909  0.277753  0.280861  0.214476 
 0.014255  0.006170  0.958298  0.021277 
 0.011337  0.009626  0.963422  0.015615 
 0.911741  0.009514  0.005870  0.072874 
 0.868325  0.040100  0.006748  0.084827 
 0.421229  0.036565  0.519850  0.022357 
 0.130802  0.246502  0.056851  0.565845 

