MEME version 4

ALPHABET= ACGT

strands: + -

Background letter frequencies
A 0.250000 C 0.250000 G 0.250000 T 0.250000

MOTIF M04725_2.00 ELF2 
letter-probability matrix: alength= 4 w= 12 nsites= 100 E= 0
 0.374902  0.105551  0.313917  0.205629 
 0.733085  0.013188  0.104931  0.148796 
 0.155432  0.259318  0.179699  0.405551 
 0.222606  0.258523  0.518872  0.000000 
 0.231825  0.746569  0.021606  0.000000 
 0.000000  0.000391  0.998828  0.000781 
 0.000000  0.000000  0.998828  0.001172 
 0.985356  0.004624  0.000771  0.009249 
 0.945287  0.010351  0.000000  0.044362 
 0.124163  0.020080  0.855756  0.000000 
 0.054337  0.108039  0.025103  0.812520 
 0.351837  0.098905  0.404222  0.145035 

