MEME version 4

ALPHABET= ACGT

strands: + -

Background letter frequencies
A 0.250000 C 0.250000 G 0.250000 T 0.250000

MOTIF M04734_2.00 ELK3 
letter-probability matrix: alength= 4 w= 12 nsites= 100 E= 0
 0.089900  0.743618  0.103219  0.063263 
 0.039179  0.069963  0.049440  0.841418 
 0.106046  0.893954  0.000000  0.000000 
 0.000000  0.000000  0.998893  0.001107 
 0.000000  0.001103  0.004410  0.994487 
 0.989035  0.000000  0.000000  0.010965 
 0.995585  0.000000  0.000000  0.004415 
 0.939583  0.006250  0.045833  0.008333 
 0.000000  0.004405  0.002203  0.993392 
 0.083969  0.042939  0.860687  0.012405 
 0.057674  0.881720  0.017595  0.043011 
 0.567627  0.134146  0.154102  0.144124 

