MEME version 4

ALPHABET= ACGT

strands: + -

Background letter frequencies
A 0.250000 C 0.250000 G 0.250000 T 0.250000

MOTIF M04719_2.00 ELF4 
letter-probability matrix: alength= 4 w= 12 nsites= 100 E= 0
 0.398682  0.135914  0.252059  0.213344 
 0.697701  0.024138  0.114368  0.163793 
 0.136000  0.298560  0.176960  0.388480 
 0.227036  0.244801  0.525997  0.002166 
 0.339862  0.642668  0.017470  0.000000 
 0.000000  0.004894  0.990212  0.004894 
 0.000823  0.000000  0.999177  0.000000 
 0.993453  0.001637  0.000000  0.004910 
 0.970424  0.003197  0.000000  0.026379 
 0.149798  0.031039  0.819163  0.000000 
 0.052117  0.119870  0.037134  0.790879 
 0.351730  0.112026  0.396211  0.140033 

