MEME version 4

ALPHABET= ACGT

strands: + -

Background letter frequencies
A 0.250000 C 0.250000 G 0.250000 T 0.250000

MOTIF M04765_2.00 FLI1 
letter-probability matrix: alength= 4 w= 16 nsites= 100 E= 0
 0.297019  0.199077  0.344038  0.159865 
 0.852154  0.005896  0.106878  0.035072 
 0.010061  0.977797  0.011969  0.000173 
 0.005293  0.994531  0.000176  0.000000 
 0.000177  0.000000  0.999823  0.000000 
 0.000177  0.000177  0.999645  0.000000 
 1.000000  0.000000  0.000000  0.000000 
 0.130984  0.001385  0.000000  0.867631 
 0.864571  0.000153  0.001380  0.133896 
 0.000177  0.000177  0.000177  0.999468 
 0.000177  0.999291  0.000000  0.000532 
 0.000177  0.999645  0.000177  0.000000 
 0.000177  0.000000  0.996993  0.002830 
 0.000347  0.007990  0.979156  0.012507 
 0.039976  0.106552  0.006312  0.847160 
 0.161107  0.340490  0.202626  0.295777 

