MEME version 4

ALPHABET= ACGT

strands: + -

Background letter frequencies
A 0.250000 C 0.250000 G 0.250000 T 0.250000

MOTIF M04750_2.00 SPDEF 
letter-probability matrix: alength= 4 w= 12 nsites= 100 E= 0
 0.262399  0.220794  0.277829  0.238979 
 0.632178  0.037334  0.074900  0.255588 
 0.383116  0.391224  0.186189  0.039471 
 0.031245  0.895247  0.069808  0.003700 
 0.133985  0.865776  0.000239  0.000000 
 0.000000  0.000000  1.000000  0.000000 
 0.000000  0.000358  0.975627  0.024014 
 0.998991  0.000918  0.000000  0.000092 
 0.148262  0.034232  0.000150  0.817356 
 0.261367  0.112701  0.601514  0.024419 
 0.019048  0.321131  0.011726  0.648095 
 0.292340  0.159809  0.316863  0.230988 

