MEME version 4

ALPHABET= ACGT

strands: + -

Background letter frequencies
A 0.250000 C 0.250000 G 0.250000 T 0.250000

MOTIF M04722_2.00 ELF2 
letter-probability matrix: alength= 4 w= 12 nsites= 100 E= 0
 0.313377  0.223684  0.207237  0.255702 
 0.566812  0.104413  0.100932  0.227843 
 0.307447  0.404255  0.109574  0.178723 
 0.127613  0.458199  0.414188  0.000000 
 0.116306  0.873731  0.009964  0.000000 
 0.001312  0.001312  0.997375  0.000000 
 0.002621  0.000000  0.996068  0.001311 
 0.997157  0.001749  0.001093  0.000000 
 0.966921  0.000000  0.000000  0.033079 
 0.066530  0.000000  0.933470  0.000000 
 0.034787  0.142437  0.033576  0.789200 
 0.334942  0.145865  0.373108  0.146085 

