MEME version 4

ALPHABET= ACGT

strands: + -

Background letter frequencies
A 0.250000 C 0.250000 G 0.250000 T 0.250000

MOTIF M04731_2.00 ELK3 
letter-probability matrix: alength= 4 w= 12 nsites= 100 E= 0
 0.083333  0.469697  0.348485  0.098485 
 0.115486  0.136483  0.055118  0.692913 
 0.000000  0.981413  0.000000  0.018587 
 0.000000  0.000000  1.000000  0.000000 
 0.028090  0.016854  0.213483  0.741573 
 0.939502  0.010676  0.028470  0.021352 
 0.960000  0.021818  0.018182  0.000000 
 1.000000  0.000000  0.000000  0.000000 
 0.000000  0.132931  0.069486  0.797583 
 0.185012  0.128806  0.618267  0.067916 
 0.096953  0.731302  0.077562  0.094183 
 0.575758  0.200758  0.090909  0.132576 

