MEME version 4

ALPHABET= ACGT

strands: + -

Background letter frequencies
A 0.250000 C 0.250000 G 0.250000 T 0.250000

MOTIF M04870_2.00 GATA5 
letter-probability matrix: alength= 4 w= 12 nsites= 100 E= 0
 0.515129  0.045756  0.012546  0.426568 
 0.004601  0.012270  0.978528  0.004601 
 0.975535  0.005352  0.004587  0.014526 
 0.002326  0.005426  0.003101  0.989147 
 0.846154  0.007294  0.006631  0.139920 
 0.795016  0.019315  0.134579  0.051090 
 0.131739  0.554783  0.208261  0.105217 
 0.219458  0.048093  0.705362  0.027087 
 0.934114  0.026354  0.013909  0.025622 
 0.037884  0.019299  0.030736  0.912080 
 0.041029  0.887344  0.028512  0.043115 
 0.202496  0.030630  0.043108  0.723766 

