MEME version 4

ALPHABET= ACGT

strands: + -

Background letter frequencies
A 0.250000 C 0.250000 G 0.250000 T 0.250000

MOTIF M04812_2.00 FOXP1 
letter-probability matrix: alength= 4 w= 30 nsites= 100 E= 0
 0.234787  0.198002  0.181199  0.386013 
 0.007692  0.097166  0.004049  0.891093 
 0.213495  0.000000  0.785791  0.000714 
 0.006693  0.010710  0.000446  0.982151 
 0.017289  0.014145  0.103733  0.864833 
 0.003349  0.007815  0.169706  0.819129 
 0.597062  0.005161  0.277094  0.120683 
 0.001817  0.532485  0.118128  0.347569 
 0.117674  0.442072  0.145388  0.294866 
 0.544959  0.027248  0.359219  0.068574 
 0.098137  0.120400  0.017265  0.764198 
 0.156676  0.326521  0.285649  0.231153 
 0.291686  0.252158  0.322126  0.134030 
 0.269877  0.270332  0.228078  0.231713 
 0.303498  0.220809  0.251249  0.224443 
 0.225806  0.300318  0.198546  0.275329 
 0.232622  0.280327  0.276238  0.210813 
 0.121253  0.372389  0.203906  0.302452 
 0.230804  0.346661  0.286688  0.135847 
 0.864607  0.006361  0.059518  0.069514 
 0.040891  0.436165  0.007724  0.515220 
 0.323636  0.122727  0.433182  0.120455 
 0.239328  0.375568  0.354223  0.030881 
 0.708421  0.047397  0.020736  0.223445 
 0.312061  0.672061  0.000611  0.015267 
 0.980838  0.004456  0.002228  0.012478 
 0.985670  0.006270  0.008061  0.000000 
 0.003747  0.824653  0.000000  0.171600 
 0.893989  0.008123  0.081235  0.016653 
 0.388283  0.226612  0.113987  0.271117 

