MEME version 4

ALPHABET= ACGT

strands: + -

Background letter frequencies
A 0.250000 C 0.250000 G 0.250000 T 0.250000

MOTIF M04832_2.00 FOXA3 
letter-probability matrix: alength= 4 w= 20 nsites= 100 E= 0
 0.161518  0.354275  0.111028  0.373178 
 0.296569  0.017797  0.001631  0.684002 
 0.664071  0.012518  0.302711  0.020700 
 0.446329  0.040738  0.120822  0.392111 
 0.194691  0.006069  0.774571  0.024669 
 0.001436  0.546080  0.003021  0.449463 
 0.831169  0.161943  0.000149  0.006739 
 0.991955  0.000642  0.001037  0.006367 
 0.982781  0.000342  0.000978  0.015899 
 0.000937  0.009020  0.000148  0.989896 
 0.968422  0.000533  0.030804  0.000242 
 0.004549  0.000692  0.001088  0.993671 
 0.002675  0.000000  0.001536  0.995789 
 0.002480  0.000942  0.378744  0.617834 
 0.866932  0.001747  0.129817  0.001504 
 0.006820  0.974388  0.003336  0.015456 
 0.547472  0.043790  0.004547  0.404191 
 0.061679  0.293225  0.030094  0.615002 
 0.676436  0.001838  0.014206  0.307520 
 0.400885  0.104711  0.346316  0.148087 

