MEME version 4

ALPHABET= ACGT

strands: + -

Background letter frequencies
A 0.250000 C 0.250000 G 0.250000 T 0.250000

MOTIF M04891_2.00 TFCP2 
letter-probability matrix: alength= 4 w= 18 nsites= 100 E= 0
 0.793103  0.103448  0.034483  0.068966 
 0.464286  0.035714  0.035714  0.464286 
 0.000000  0.961538  0.038462  0.000000 
 0.121212  0.636364  0.000000  0.242424 
 0.225806  0.032258  0.741935  0.000000 
 0.000000  0.000000  1.000000  0.000000 
 0.200000  0.000000  0.000000  0.800000 
 0.000000  0.037037  0.037037  0.925926 
 0.320000  0.240000  0.120000  0.320000 
 0.346154  0.230769  0.230769  0.192308 
 0.594595  0.000000  0.189189  0.216216 
 0.777778  0.000000  0.074074  0.148148 
 0.000000  1.000000  0.000000  0.000000 
 0.000000  0.840000  0.080000  0.080000 
 0.148148  0.000000  0.851852  0.000000 
 0.000000  0.142857  0.785714  0.071429 
 0.200000  0.000000  0.000000  0.800000 
 0.333333  0.055556  0.055556  0.555556 

