MEME version 4

ALPHABET= ACGT

strands: + -

Background letter frequencies
A 0.250000 C 0.250000 G 0.250000 T 0.250000

MOTIF M04806_2.00 SPIB 
letter-probability matrix: alength= 4 w= 13 nsites= 100 E= 0
 0.374494  0.070935  0.425465  0.129105 
 0.641177  0.018577  0.132705  0.207541 
 0.738480  0.002020  0.009464  0.250035 
 0.457692  0.034579  0.076585  0.431144 
 0.185814  0.087440  0.691392  0.035353 
 0.432305  0.086256  0.458629  0.022810 
 0.029704  0.000104  0.970017  0.000174 
 0.000000  0.000000  0.999677  0.000323 
 0.999892  0.000000  0.000000  0.000108 
 0.995289  0.000000  0.000000  0.004711 
 0.029606  0.090457  0.878362  0.001575 
 0.030124  0.086878  0.028377  0.854621 
 0.271254  0.101617  0.401807  0.225322 

