MEME version 4

ALPHABET= ACGT

strands: + -

Background letter frequencies
A 0.250000 C 0.250000 G 0.250000 T 0.250000

MOTIF M04886_2.00 TFCP2L1 
letter-probability matrix: alength= 4 w= 16 nsites= 100 E= 0
 0.559412  0.005123  0.189721  0.245745 
 0.000000  0.835738  0.164262  0.000000 
 0.101118  0.484374  0.039664  0.374845 
 0.397767  0.024960  0.466735  0.110538 
 0.000000  0.143132  0.856868  0.000000 
 0.256250  0.184046  0.000000  0.559704 
 0.197355  0.186446  0.087273  0.528926 
 0.160939  0.356246  0.152512  0.330304 
 0.334655  0.149893  0.338787  0.176665 
 0.506693  0.102462  0.198149  0.192695 
 0.590744  0.018512  0.161157  0.229587 
 0.000000  0.838447  0.161553  0.000000 
 0.098346  0.498326  0.032487  0.370841 
 0.360646  0.043146  0.482925  0.113282 
 0.001304  0.175772  0.822924  0.000000 
 0.265245  0.170881  0.001322  0.562552 

