MEME version 4

ALPHABET= ACGT

strands: + -

Background letter frequencies
A 0.250000 C 0.250000 G 0.250000 T 0.250000

MOTIF M04858_2.00 FOXR2 
letter-probability matrix: alength= 4 w= 17 nsites= 100 E= 0
 0.584032  0.073625  0.260019  0.082324 
 0.032040  0.475015  0.022046  0.470899 
 0.533213  0.028382  0.438406  0.000000 
 0.006257  0.078498  0.000000  0.915245 
 1.000000  0.000000  0.000000  0.000000 
 0.587510  0.012593  0.160370  0.239527 
 0.954047  0.000000  0.045953  0.000000 
 0.000000  0.956031  0.000000  0.043969 
 0.986814  0.003987  0.009200  0.000000 
 0.000311  0.000000  0.000000  0.999689 
 0.995360  0.000619  0.004021  0.000000 
 0.809967  0.042285  0.028442  0.119305 
 1.000000  0.000000  0.000000  0.000000 
 0.149056  0.108483  0.044261  0.698199 
 0.497670  0.041628  0.454489  0.006213 
 0.325979  0.233375  0.016159  0.424487 
 0.507922  0.071451  0.156260  0.264368 

