MEME version 4

ALPHABET= ACGT

strands: + -

Background letter frequencies
A 0.250000 C 0.250000 G 0.250000 T 0.250000

MOTIF M04892_2.00 TFCP2 
letter-probability matrix: alength= 4 w= 18 nsites= 100 E= 0
 0.852941  0.000000  0.000000  0.147059 
 0.728723  0.010638  0.000000  0.260638 
 0.000000  0.957895  0.042105  0.000000 
 0.045000  0.835000  0.025000  0.095000 
 0.189573  0.014218  0.796209  0.000000 
 0.015707  0.000000  0.979058  0.005236 
 0.233696  0.032609  0.000000  0.733696 
 0.050000  0.020000  0.030000  0.900000 
 0.155914  0.252688  0.129032  0.462366 
 0.397849  0.102151  0.317204  0.182796 
 0.824074  0.037037  0.046296  0.092593 
 0.659574  0.005319  0.037234  0.297872 
 0.000000  1.000000  0.000000  0.000000 
 0.009091  0.754545  0.027273  0.209091 
 0.128571  0.000000  0.847619  0.023810 
 0.005405  0.021622  0.972973  0.000000 
 0.230366  0.020942  0.000000  0.748691 
 0.079208  0.044554  0.019802  0.856436 

