MEME version 4

ALPHABET= ACGT

strands: + -

Background letter frequencies
A 0.250000 C 0.250000 G 0.250000 T 0.250000

MOTIF M04846_2.00 FOXE1 
letter-probability matrix: alength= 4 w= 15 nsites= 100 E= 0
 0.114367  0.559861  0.195967  0.129805 
 0.298681  0.410910  0.256427  0.033982 
 0.019219  0.537218  0.012508  0.431056 
 0.117990  0.000833  0.000000  0.881177 
 0.953439  0.000000  0.046561  0.000000 
 0.777179  0.069295  0.029138  0.124388 
 0.738140  0.015581  0.243256  0.003023 
 0.035205  0.477086  0.001517  0.486191 
 0.888081  0.111919  0.000000  0.000000 
 0.966210  0.020700  0.000000  0.013090 
 0.995921  0.004079  0.000000  0.000000 
 0.000000  0.994673  0.000000  0.005327 
 0.986327  0.000311  0.009944  0.003418 
 0.643460  0.142821  0.044791  0.168928 
 0.269146  0.293728  0.095808  0.341317 

