MEME version 4

ALPHABET= ACGT

strands: + -

Background letter frequencies
A 0.250000 C 0.250000 G 0.250000 T 0.250000

MOTIF M04855_2.00 FOXD3 
letter-probability matrix: alength= 4 w= 12 nsites= 100 E= 0
 0.281775  0.329736  0.284173  0.104317 
 0.140444  0.371556  0.117333  0.370667 
 0.326590  0.138728  0.057803  0.476879 
 0.575967  0.076657  0.281768  0.065608 
 0.154630  0.390741  0.072222  0.382407 
 0.355507  0.089422  0.555071  0.000000 
 0.000000  0.059752  0.000000  0.940248 
 0.804243  0.136933  0.035680  0.023144 
 0.673667  0.189015  0.028271  0.109047 
 0.739362  0.039007  0.150709  0.070922 
 0.000000  0.870564  0.009395  0.120042 
 0.504796  0.076739  0.110312  0.308153 

