MEME version 4

ALPHABET= ACGT

strands: + -

Background letter frequencies
A 0.250000 C 0.250000 G 0.250000 T 0.250000

MOTIF M04807_2.00 FOXP3 
letter-probability matrix: alength= 4 w= 17 nsites= 100 E= 0
 0.151024  0.351109  0.273464  0.224403 
 0.923822  0.001263  0.000000  0.074916 
 0.202686  0.000000  0.000420  0.796895 
 0.007395  0.000435  0.000435  0.991736 
 0.000000  0.126636  0.000000  0.873364 
 0.140955  0.001566  0.857478  0.000000 
 0.000000  0.000000  0.000000  1.000000 
 0.003037  0.994360  0.000434  0.002169 
 0.857506  0.000000  0.142494  0.000000 
 0.002546  0.000000  0.000000  0.997454 
 0.998294  0.000426  0.001279  0.000000 
 0.000000  0.999573  0.000000  0.000427 
 1.000000  0.000000  0.000000  0.000000 
 0.961045  0.000000  0.000856  0.038099 
 0.729672  0.000851  0.000000  0.269476 
 0.068528  0.005499  0.000000  0.925973 
 0.202559  0.312154  0.365032  0.120256 

