MEME version 4

ALPHABET= ACGT

strands: + -

Background letter frequencies
A 0.250000 C 0.250000 G 0.250000 T 0.250000

MOTIF M04872_2.00 GATA5 
letter-probability matrix: alength= 4 w= 12 nsites= 100 E= 0
 0.516949  0.122881  0.004237  0.355932 
 0.009434  0.009434  0.971698  0.009434 
 0.990385  0.000000  0.000000  0.009615 
 0.000000  0.009615  0.000000  0.990385 
 0.903509  0.004386  0.004386  0.087719 
 0.895652  0.008696  0.052174  0.043478 
 0.104972  0.569061  0.223757  0.102210 
 0.315951  0.046012  0.631902  0.006135 
 0.765799  0.089219  0.063197  0.081784 
 0.162712  0.077966  0.061017  0.698305 
 0.133333  0.686667  0.120000  0.060000 
 0.203297  0.082418  0.148352  0.565934 

