MEME version 4

ALPHABET= ACGT

strands: + -

Background letter frequencies
A 0.250000 C 0.250000 G 0.250000 T 0.250000

MOTIF M04865_2.00 GATA3 
letter-probability matrix: alength= 4 w= 12 nsites= 100 E= 0
 0.660744  0.013169  0.000000  0.326087 
 0.000846  0.000000  0.998097  0.001057 
 0.997886  0.000211  0.001057  0.000845 
 0.000000  0.000000  0.001481  0.998519 
 0.931347  0.002762  0.000000  0.065891 
 0.870712  0.000000  0.101992  0.027296 
 0.089475  0.658989  0.176717  0.074819 
 0.185688  0.032301  0.782011  0.000000 
 0.991390  0.003780  0.002520  0.002310 
 0.004810  0.005228  0.002719  0.987244 
 0.007470  0.979664  0.004565  0.008300 
 0.333894  0.000842  0.005891  0.659373 

