MEME version 4

ALPHABET= ACGT

strands: + -

Background letter frequencies
A 0.250000 C 0.250000 G 0.250000 T 0.250000

MOTIF M04821_2.00 FOXA1 
letter-probability matrix: alength= 4 w= 16 nsites= 100 E= 0
 0.118913  0.468856  0.165345  0.246886 
 0.200000  0.319811  0.411321  0.068868 
 0.064249  0.420725  0.018653  0.496373 
 0.153846  0.006816  0.006816  0.832522 
 0.775302  0.007428  0.183844  0.033426 
 0.588816  0.000000  0.075658  0.335526 
 0.082505  0.008946  0.878728  0.029821 
 0.000000  0.134897  0.000000  0.865103 
 0.934620  0.061093  0.004287  0.000000 
 0.949353  0.000000  0.002155  0.048491 
 0.985507  0.000000  0.002230  0.012263 
 0.000000  0.820000  0.000000  0.180000 
 0.950820  0.000000  0.041530  0.007650 
 0.727354  0.076233  0.067265  0.129148 
 0.576179  0.105182  0.094354  0.224285 
 0.219706  0.447339  0.223103  0.109853 

