MEME version 4

ALPHABET= ACGT

strands: + -

Background letter frequencies
A 0.250000 C 0.250000 G 0.250000 T 0.250000

MOTIF M04833_2.00 FOXA3 
letter-probability matrix: alength= 4 w= 16 nsites= 100 E= 0
 0.060920  0.669540  0.166092  0.103448 
 0.209759  0.454728  0.299799  0.035714 
 0.024658  0.354521  0.026301  0.594521 
 0.107692  0.015915  0.004244  0.872149 
 0.785782  0.011374  0.199526  0.003318 
 0.646088  0.033528  0.039915  0.280468 
 0.035793  0.008811  0.955396  0.000000 
 0.004233  0.079894  0.001587  0.914286 
 0.927807  0.068984  0.003209  0.000000 
 0.980834  0.015784  0.000000  0.003382 
 0.985269  0.000000  0.014731  0.000000 
 0.000000  0.897286  0.000532  0.102182 
 0.972159  0.000000  0.027841  0.000000 
 0.771469  0.041764  0.024871  0.161896 
 0.606328  0.080497  0.061274  0.251902 
 0.089707  0.462910  0.274871  0.172513 

