MEME version 4

ALPHABET= ACGT

strands: + -

Background letter frequencies
A 0.250000 C 0.250000 G 0.250000 T 0.250000

MOTIF M04827_2.00 FOXI1 
letter-probability matrix: alength= 4 w= 13 nsites= 100 E= 0
 0.264955  0.188214  0.306368  0.240463 
 0.308830  0.144882  0.168230  0.378059 
 0.436450  0.137815  0.154517  0.271218 
 0.367913  0.206144  0.283615  0.142327 
 0.173980  0.274604  0.179165  0.372252 
 0.293049  0.037934  0.669017  0.000000 
 0.038812  0.035680  0.008035  0.917472 
 0.710504  0.285805  0.001160  0.002531 
 0.815716  0.113573  0.002664  0.068047 
 0.954655  0.000567  0.025507  0.019272 
 0.000000  0.790821  0.000000  0.209179 
 0.954926  0.007512  0.017151  0.020411 
 0.339222  0.237530  0.172654  0.250594 

