MEME version 4

ALPHABET= ACGT

strands: + -

Background letter frequencies
A 0.250000 C 0.250000 G 0.250000 T 0.250000

MOTIF M04996_2.00 LHX6 
letter-probability matrix: alength= 4 w= 12 nsites= 100 E= 0
 0.027014  0.019296  0.003859  0.949831 
 0.522155  0.003525  0.468781  0.005539 
 0.965196  0.008824  0.020098  0.005882 
 0.017167  0.010968  0.032904  0.938960 
 0.008785  0.008297  0.021962  0.960957 
 0.079476  0.000000  0.920524  0.000000 
 0.001377  0.904040  0.005969  0.088613 
 0.960488  0.019024  0.019024  0.001463 
 0.965196  0.024020  0.008824  0.001961 
 0.006803  0.026725  0.009718  0.956754 
 0.001013  0.524316  0.001520  0.473151 
 0.934948  0.007123  0.015670  0.042260 

