MEME version 4

ALPHABET= ACGT

strands: + -

Background letter frequencies
A 0.250000 C 0.250000 G 0.250000 T 0.250000

MOTIF M04993_2.00 LHX6 
letter-probability matrix: alength= 4 w= 12 nsites= 100 E= 0
 0.030923  0.035016  0.006367  0.927694 
 0.534549  0.004798  0.444818  0.015835 
 0.979357  0.006721  0.009121  0.004801 
 0.009259  0.018519  0.027778  0.944444 
 0.006109  0.018797  0.016447  0.958647 
 0.096162  0.003970  0.899868  0.000000 
 0.000000  0.896309  0.006591  0.097100 
 0.947515  0.023223  0.017650  0.011612 
 0.955504  0.012646  0.022482  0.009368 
 0.001889  0.019839  0.014643  0.963628 
 0.004836  0.473404  0.008221  0.513540 
 0.906264  0.016437  0.035096  0.042203 

