MEME version 4

ALPHABET= ACGT

strands: + -

Background letter frequencies
A 0.250000 C 0.250000 G 0.250000 T 0.250000

MOTIF M04952_2.00 MEIS3 
letter-probability matrix: alength= 4 w= 12 nsites= 100 E= 0
 0.051850  0.265919  0.066101  0.616131 
 0.021983  0.112816  0.842804  0.022397 
 0.686718  0.022643  0.055424  0.235215 
 0.000000  0.929977  0.010526  0.059497 
 0.807310  0.002384  0.173619  0.016687 
 0.016732  0.353839  0.437008  0.192421 
 0.186516  0.454724  0.335138  0.023622 
 0.003811  0.219131  0.002668  0.774390 
 0.051002  0.001821  0.925319  0.021858 
 0.222081  0.108503  0.024746  0.644670 
 0.019409  0.857384  0.113080  0.010127 
 0.605844  0.051580  0.276386  0.066190 

