MEME version 4

ALPHABET= ACGT

strands: + -

Background letter frequencies
A 0.250000 C 0.250000 G 0.250000 T 0.250000

MOTIF M04951_2.00 MEIS3 
letter-probability matrix: alength= 4 w= 12 nsites= 100 E= 0
 0.085956  0.105768  0.041700  0.766576 
 0.021775  0.084702  0.885403  0.008120 
 0.666759  0.014869  0.060867  0.257504 
 0.018053  0.941523  0.008046  0.032378 
 0.909918  0.005120  0.070927  0.014034 
 0.030429  0.292205  0.489579  0.187787 
 0.176740  0.490204  0.299291  0.033764 
 0.010943  0.083585  0.000189  0.905283 
 0.028047  0.009086  0.947659  0.015208 
 0.262688  0.063337  0.024631  0.649344 
 0.022384  0.873157  0.085714  0.018744 
 0.767312  0.060291  0.087478  0.084919 

