MEME version 4

ALPHABET= ACGT

strands: + -

Background letter frequencies
A 0.250000 C 0.250000 G 0.250000 T 0.250000

MOTIF M05191_2.00 TGIF2LX 
letter-probability matrix: alength= 4 w= 12 nsites= 100 E= 0
 0.113891  0.091458  0.045729  0.748921 
 0.029367  0.069367  0.878987  0.022278 
 0.836224  0.034682  0.036127  0.092967 
 0.024678  0.931330  0.018777  0.025215 
 0.834214  0.018741  0.126862  0.020183 
 0.017857  0.209677  0.589286  0.183180 
 0.162442  0.627304  0.187788  0.022465 
 0.023952  0.100299  0.009481  0.866267 
 0.021322  0.027186  0.925373  0.026119 
 0.077708  0.050510  0.028655  0.843128 
 0.023761  0.877654  0.071790  0.026795 
 0.702550  0.060299  0.107244  0.129907 

