MEME version 4

ALPHABET= ACGT

strands: + -

Background letter frequencies
A 0.250000 C 0.250000 G 0.250000 T 0.250000

MOTIF M05194_2.00 TGIF2LX 
letter-probability matrix: alength= 4 w= 12 nsites= 100 E= 0
 0.037331  0.147881  0.015149  0.799639 
 0.007738  0.021552  0.962031  0.008679 
 0.922725  0.003746  0.013388  0.060142 
 0.004073  0.985114  0.002666  0.008146 
 0.952320  0.000716  0.043671  0.003293 
 0.005639  0.186227  0.653109  0.155026 
 0.159236  0.645365  0.189234  0.006165 
 0.004152  0.043307  0.000358  0.952183 
 0.007045  0.003040  0.986429  0.003485 
 0.057119  0.015458  0.005338  0.922085 
 0.006652  0.961753  0.022992  0.008604 
 0.801325  0.013614  0.150241  0.034819 

