MEME version 4

ALPHABET= ACGT

strands: + -

Background letter frequencies
A 0.250000 C 0.250000 G 0.250000 T 0.250000

MOTIF M05150_2.00 NKX2-8 
letter-probability matrix: alength= 4 w= 14 nsites= 100 E= 0
 0.070866  0.046682  0.730596  0.151856 
 0.026688  0.903715  0.026164  0.043433 
 0.810743  0.029618  0.119980  0.039659 
 0.516903  0.018539  0.452017  0.012541 
 0.008758  0.097975  0.009852  0.883415 
 0.994961  0.000000  0.005039  0.000000 
 0.998877  0.000000  0.001123  0.000000 
 0.000000  0.992737  0.004469  0.002793 
 0.000000  0.017748  0.979479  0.002773 
 0.996065  0.000000  0.000562  0.003373 
 0.000000  0.914826  0.007886  0.077287 
 0.891700  0.000000  0.047571  0.060729 
 0.035804  0.152295  0.009077  0.802824 
 0.073720  0.687113  0.140124  0.099043 

