MEME version 4

ALPHABET= ACGT

strands: + -

Background letter frequencies
A 0.250000 C 0.250000 G 0.250000 T 0.250000

MOTIF M05284_2.00 IRX1 
letter-probability matrix: alength= 4 w= 18 nsites= 100 E= 0
 0.323308  0.135338  0.233083  0.308271 
 0.487179  0.128205  0.245421  0.139194 
 0.085859  0.671717  0.126263  0.116162 
 0.321705  0.081395  0.515504  0.081395 
 0.174157  0.466292  0.073034  0.286517 
 0.292308  0.192308  0.341026  0.174359 
 0.186567  0.238806  0.171642  0.402985 
 0.238806  0.253731  0.253731  0.253731 
 0.308271  0.195489  0.240602  0.255639 
 0.265152  0.280303  0.181818  0.272727 
 0.225564  0.225564  0.218045  0.330827 
 0.323308  0.180451  0.345865  0.150376 
 0.164456  0.352785  0.201592  0.281167 
 0.274286  0.045714  0.491429  0.188571 
 0.110204  0.542857  0.048980  0.297959 
 0.135514  0.135514  0.621495  0.107477 
 0.135659  0.232558  0.116279  0.515504 
 0.323308  0.278195  0.135338  0.263158 

