MEME version 4

ALPHABET= ACGT

strands: + -

Background letter frequencies
A 0.250000 C 0.250000 G 0.250000 T 0.250000

MOTIF M05283_2.00 IRX1 
letter-probability matrix: alength= 4 w= 18 nsites= 100 E= 0
 0.325123  0.118227  0.216749  0.339901 
 0.576271  0.107345  0.163842  0.152542 
 0.082734  0.733813  0.075540  0.107914 
 0.608955  0.056716  0.262687  0.071642 
 0.177536  0.275362  0.086957  0.460145 
 0.218468  0.175676  0.459459  0.146396 
 0.231527  0.285714  0.162562  0.320197 
 0.292683  0.185366  0.243902  0.278049 
 0.325123  0.137931  0.251232  0.285714 
 0.334975  0.157635  0.157635  0.349754 
 0.279412  0.259804  0.196078  0.264706 
 0.313725  0.176471  0.215686  0.294118 
 0.144796  0.461538  0.176471  0.217195 
 0.449640  0.086331  0.280576  0.183453 
 0.089286  0.235119  0.068452  0.607143 
 0.123333  0.103333  0.680000  0.093333 
 0.145251  0.167598  0.117318  0.569832 
 0.397059  0.225490  0.107843  0.269608 

