MEME version 4

ALPHABET= ACGT

strands: + -

Background letter frequencies
A 0.250000 C 0.250000 G 0.250000 T 0.250000

MOTIF M05319_2.00 IRX3 
letter-probability matrix: alength= 4 w= 18 nsites= 100 E= 0
 0.286593  0.000158  0.180027  0.533223 
 0.991636  0.005706  0.000000  0.002658 
 0.001400  0.986546  0.000078  0.011976 
 0.999527  0.000000  0.000158  0.000315 
 0.194873  0.262859  0.001194  0.541073 
 0.138324  0.086728  0.756695  0.018252 
 0.474385  0.160624  0.146438  0.218553 
 0.457670  0.062352  0.069525  0.410452 
 0.456330  0.037206  0.036339  0.470125 
 0.486561  0.033656  0.037913  0.441870 
 0.414236  0.072206  0.066609  0.446949 
 0.233170  0.144411  0.162068  0.460350 
 0.022535  0.772641  0.081735  0.123089 
 0.545611  0.001032  0.260204  0.193153 
 0.000000  0.000158  0.000000  0.999842 
 0.011277  0.000389  0.986623  0.001711 
 0.002502  0.000000  0.005785  0.991714 
 0.536255  0.181510  0.001182  0.281053 

