MEME version 4

ALPHABET= ACGT

strands: + -

Background letter frequencies
A 0.250000 C 0.250000 G 0.250000 T 0.250000

MOTIF M05322_2.00 LBX2 
letter-probability matrix: alength= 4 w= 12 nsites= 100 E= 0
 0.205972  0.367726  0.245406  0.180896 
 0.026336  0.192267  0.064241  0.717156 
 0.781357  0.071273  0.094304  0.053066 
 0.723447  0.094893  0.181660  0.000000 
 0.002119  0.150310  0.010923  0.836648 
 0.000000  0.015451  0.000000  0.984549 
 0.990555  0.000000  0.009445  0.000000 
 0.860512  0.002174  0.134805  0.002509 
 0.000000  0.270302  0.055424  0.674274 
 0.036301  0.034112  0.251915  0.677672 
 0.566342  0.040323  0.343274  0.050061 
 0.025895  0.064651  0.869830  0.039625 

