MEME version 4

ALPHABET= ACGT

strands: + -

Background letter frequencies
A 0.250000 C 0.250000 G 0.250000 T 0.250000

MOTIF M05318_2.00 TGIF1 
letter-probability matrix: alength= 4 w= 12 nsites= 100 E= 0
 0.035466  0.084826  0.016453  0.863254 
 0.023506  0.021912  0.940637  0.013944 
 0.890271  0.014329  0.025641  0.069759 
 0.016840  0.946672  0.011628  0.024860 
 0.939141  0.008353  0.051710  0.000796 
 0.019483  0.160102  0.590851  0.229564 
 0.239204  0.579594  0.161727  0.019475 
 0.005969  0.046956  0.007561  0.939515 
 0.020715  0.003249  0.958976  0.017059 
 0.070965  0.014498  0.013735  0.900801 
 0.015764  0.954325  0.017785  0.012126 
 0.844119  0.016446  0.096532  0.042903 

