MEME version 4

ALPHABET= ACGT

strands: + -

Background letter frequencies
A 0.250000 C 0.250000 G 0.250000 T 0.250000

MOTIF M05470_2.00 POU4F1 
letter-probability matrix: alength= 4 w= 13 nsites= 100 E= 0
 0.552632  0.137427  0.154971  0.154971 
 0.000000  0.092965  0.050251  0.856784 
 0.212598  0.107087  0.537008  0.143307 
 0.318569  0.580920  0.022147  0.078365 
 0.846154  0.064516  0.089330  0.000000 
 0.057214  0.062189  0.032338  0.848259 
 0.451948  0.054545  0.057143  0.436364 
 0.934247  0.013699  0.013699  0.038356 
 0.058296  0.143498  0.033632  0.764574 
 0.117021  0.014184  0.604610  0.264184 
 0.127178  0.594077  0.094077  0.184669 
 0.854637  0.027569  0.082707  0.035088 
 0.169591  0.152047  0.146199  0.532164 

