MEME version 4

ALPHABET= ACGT

strands: + -

Background letter frequencies
A 0.250000 C 0.250000 G 0.250000 T 0.250000

MOTIF M05471_2.00 POU4F1 
letter-probability matrix: alength= 4 w= 13 nsites= 100 E= 0
 0.530000  0.137200  0.211200  0.121600 
 0.015254  0.085846  0.012061  0.886839 
 0.094138  0.015517  0.862069  0.028276 
 0.148333  0.833333  0.000000  0.018333 
 0.944465  0.015489  0.037779  0.002267 
 0.017761  0.016988  0.000000  0.965251 
 0.540441  0.070856  0.093583  0.295120 
 0.825355  0.053483  0.038296  0.082866 
 0.145474  0.076019  0.094887  0.683620 
 0.103958  0.077969  0.317473  0.500600 
 0.241297  0.301721  0.238896  0.218087 
 0.752106  0.087846  0.132371  0.027677 
 0.132453  0.175670  0.190876  0.501000 

