MEME version 4

ALPHABET= ACGT

strands: + -

Background letter frequencies
A 0.250000 C 0.250000 G 0.250000 T 0.250000

MOTIF M05455_2.00 POU1F1 
letter-probability matrix: alength= 4 w= 14 nsites= 100 E= 0
 0.315501  0.102010  0.247882  0.334607 
 0.096435  0.069300  0.033653  0.800612 
 0.991271  0.001318  0.007411  0.000000 
 0.004914  0.005733  0.003440  0.985913 
 0.002924  0.001625  0.977904  0.017547 
 0.015212  0.732506  0.070220  0.182062 
 0.596381  0.000000  0.000664  0.402955 
 0.970181  0.001128  0.022405  0.006286 
 0.997514  0.001657  0.000829  0.000000 
 0.013590  0.006310  0.006310  0.973791 
 0.065038  0.094906  0.422749  0.417306 
 0.835624  0.053450  0.049979  0.060947 
 0.147822  0.152929  0.602804  0.096445 
 0.156811  0.305980  0.326578  0.210631 

