MEME version 4

ALPHABET= ACGT

strands: + -

Background letter frequencies
A 0.250000 C 0.250000 G 0.250000 T 0.250000

MOTIF M05458_2.00 POU1F1 
letter-probability matrix: alength= 4 w= 14 nsites= 100 E= 0
 0.442218  0.030921  0.093108  0.433754 
 0.018909  0.013767  0.007132  0.960192 
 0.989234  0.002221  0.008544  0.000000 
 0.003917  0.008515  0.001703  0.985865 
 0.003768  0.004625  0.991607  0.000000 
 0.001622  0.853583  0.019906  0.124889 
 0.648817  0.000000  0.000000  0.351183 
 0.998620  0.001380  0.000000  0.000000 
 0.998448  0.000690  0.000862  0.000000 
 0.000000  0.000000  0.000000  1.000000 
 0.015690  0.028076  0.438481  0.517754 
 0.996214  0.000000  0.003786  0.000000 
 0.093178  0.054460  0.821018  0.031343 
 0.187392  0.318135  0.297064  0.197409 

