MEME version 4

ALPHABET= ACGT

strands: + -

Background letter frequencies
A 0.250000 C 0.250000 G 0.250000 T 0.250000

MOTIF M05496_2.00 POU3F4 
letter-probability matrix: alength= 4 w= 13 nsites= 100 E= 0
 0.281226  0.096156  0.287242  0.335376 
 0.087843  0.076984  0.042906  0.792266 
 0.988108  0.002092  0.008148  0.001652 
 0.000000  0.007191  0.000000  0.992809 
 0.000444  0.001776  0.996115  0.001665 
 0.012265  0.701039  0.103195  0.183501 
 0.490869  0.000334  0.000334  0.508463 
 0.971212  0.000541  0.011472  0.016775 
 0.999443  0.000000  0.000334  0.000223 
 0.003152  0.006195  0.015324  0.975329 
 0.042252  0.128051  0.472541  0.357156 
 0.638855  0.097672  0.144230  0.119243 
 0.141090  0.165051  0.606932  0.086927 

