MEME version 4

ALPHABET= ACGT

strands: + -

Background letter frequencies
A 0.250000 C 0.250000 G 0.250000 T 0.250000

MOTIF M05476_2.00 POU3F2 
letter-probability matrix: alength= 4 w= 13 nsites= 100 E= 0
 0.286299  0.074970  0.242954  0.395777 
 0.102902  0.076077  0.033128  0.787892 
 0.993714  0.000924  0.005361  0.000000 
 0.003755  0.009433  0.002290  0.984522 
 0.003613  0.000463  0.995924  0.000000 
 0.016510  0.739492  0.073949  0.170049 
 0.512837  0.000000  0.000000  0.487163 
 0.977273  0.002636  0.012455  0.007636 
 0.998885  0.000000  0.001115  0.000000 
 0.002204  0.002938  0.007805  0.987054 
 0.047548  0.108905  0.437583  0.405963 
 0.639310  0.109248  0.124888  0.126554 
 0.149209  0.159256  0.598977  0.092558 

