MEME version 4

ALPHABET= ACGT

strands: + -

Background letter frequencies
A 0.250000 C 0.250000 G 0.250000 T 0.250000

MOTIF M05444_2.00 POU2F2 
letter-probability matrix: alength= 4 w= 15 nsites= 100 E= 0
 0.170088  0.099707  0.307918  0.422287 
 0.202365  0.448095  0.250986  0.098555 
 0.654511  0.130518  0.214971  0.000000 
 0.056180  0.056180  0.121348  0.766292 
 0.050633  0.202532  0.027426  0.719409 
 0.687500  0.020161  0.022177  0.270161 
 0.052941  0.273529  0.344118  0.329412 
 0.017595  0.486804  0.431085  0.064516 
 0.416422  0.258065  0.161290  0.164223 
 0.225000  0.064583  0.000000  0.710417 
 0.789352  0.064815  0.064815  0.081019 
 0.852500  0.135000  0.000000  0.012500 
 0.035052  0.220619  0.041237  0.703093 
 0.099744  0.217391  0.436061  0.246803 
 0.327485  0.327485  0.210526  0.134503 

