MEME version 4

ALPHABET= ACGT

strands: + -

Background letter frequencies
A 0.250000 C 0.250000 G 0.250000 T 0.250000

MOTIF M05419_2.00 PAX7 
letter-probability matrix: alength= 4 w= 15 nsites= 100 E= 0
 0.164251  0.454106  0.178744  0.202899 
 0.302885  0.206731  0.427885  0.062500 
 0.726316  0.042105  0.136842  0.094737 
 0.044444  0.004444  0.031111  0.920000 
 0.021552  0.068966  0.017241  0.892241 
 0.483146  0.292135  0.164794  0.059925 
 0.044843  0.000000  0.928251  0.026906 
 0.037500  0.066667  0.033333  0.862500 
 0.062937  0.723776  0.024476  0.188811 
 0.739286  0.000000  0.242857  0.017857 
 0.028112  0.831325  0.012048  0.128514 
 0.050228  0.004566  0.945205  0.000000 
 0.000000  0.474178  0.497653  0.028169 
 0.127119  0.209040  0.079096  0.584746 
 0.256039  0.193237  0.202899  0.347826 

