MEME version 4

ALPHABET= ACGT

strands: + -

Background letter frequencies
A 0.250000 C 0.250000 G 0.250000 T 0.250000

MOTIF M05432_2.00 PAX4 
letter-probability matrix: alength= 4 w= 18 nsites= 100 E= 0
 0.206767  0.246241  0.131579  0.415414 
 0.119614  0.083601  0.112540  0.684244 
 0.106877  0.551781  0.011599  0.329743 
 0.791667  0.192708  0.012649  0.002976 
 0.000000  0.910959  0.000000  0.089041 
 0.032491  0.006318  0.960289  0.000903 
 0.000000  0.843106  0.149762  0.007132 
 0.446743  0.097318  0.087356  0.368582 
 0.035620  0.251979  0.010554  0.701847 
 0.030973  0.420354  0.521239  0.027434 
 0.725290  0.004772  0.265849  0.004090 
 0.330827  0.304511  0.230263  0.134398 
 0.083474  0.388702  0.019393  0.508432 
 0.150818  0.023016  0.644458  0.181708 
 0.245301  0.611842  0.102444  0.040414 
 0.383459  0.156955  0.355263  0.104323 
 0.056170  0.582128  0.038298  0.323404 
 0.374060  0.262218  0.163534  0.200188 

