MEME version 4

ALPHABET= ACGT

strands: + -

Background letter frequencies
A 0.250000 C 0.250000 G 0.250000 T 0.250000

MOTIF M05480_2.00 POU3F2 
letter-probability matrix: alength= 4 w= 12 nsites= 100 E= 0
 0.294715  0.088618  0.248374  0.368293 
 0.160803  0.140238  0.089445  0.609514 
 0.926903  0.000000  0.055011  0.018086 
 0.004660  0.034175  0.005825  0.955340 
 0.023985  0.000000  0.951644  0.024371 
 0.006599  0.954969  0.000776  0.037655 
 0.040125  0.000000  0.958317  0.001558 
 0.023922  0.964706  0.002353  0.009020 
 0.938931  0.018321  0.033206  0.009542 
 0.006523  0.038757  0.010744  0.943975 
 0.591773  0.083714  0.150349  0.174164 
 0.330488  0.299593  0.076016  0.293902 

