MEME version 4

ALPHABET= ACGT

strands: + -

Background letter frequencies
A 0.250000 C 0.250000 G 0.250000 T 0.250000

MOTIF M05541_2.00 IRF8 
letter-probability matrix: alength= 4 w= 15 nsites= 100 E= 0
 0.306897  0.227586  0.222198  0.243319 
 0.080873  0.662021  0.068219  0.188887 
 0.052766  0.018508  0.913566  0.015160 
 0.854040  0.067734  0.045647  0.032579 
 0.832586  0.012561  0.031401  0.123452 
 0.947132  0.014901  0.005715  0.032251 
 0.064897  0.617978  0.280899  0.036226 
 0.014076  0.659874  0.011134  0.314916 
 0.045798  0.001431  0.948681  0.004089 
 0.855931  0.087253  0.026010  0.030806 
 0.742757  0.017929  0.062590  0.176725 
 0.891279  0.025740  0.017288  0.065693 
 0.063208  0.690490  0.200961  0.045341 
 0.163993  0.329787  0.076596  0.429624 
 0.380388  0.176293  0.296552  0.146767 

