MEME version 4

ALPHABET= ACGT

strands: + -

Background letter frequencies
A 0.250000 C 0.250000 G 0.250000 T 0.250000

MOTIF M05500_2.00 POU3F4 
letter-probability matrix: alength= 4 w= 13 nsites= 100 E= 0
 0.307214  0.021902  0.118676  0.552208 
 0.002956  0.000000  0.000000  0.997044 
 1.000000  0.000000  0.000000  0.000000 
 0.000209  0.000501  0.000229  0.999061 
 0.000083  0.000250  0.999666  0.000000 
 0.000000  0.835759  0.023069  0.141172 
 0.538213  0.000417  0.000292  0.461078 
 1.000000  0.000000  0.000000  0.000000 
 0.999854  0.000042  0.000000  0.000104 
 0.000000  0.000000  0.000000  1.000000 
 0.007875  0.009966  0.536523  0.445636 
 1.000000  0.000000  0.000000  0.000000 
 0.082360  0.045556  0.860691  0.011393 

