MEME version 4

ALPHABET= ACGT

strands: + -

Background letter frequencies
A 0.250000 C 0.250000 G 0.250000 T 0.250000

MOTIF M05582_2.00 PPARD 
letter-probability matrix: alength= 4 w= 16 nsites= 100 E= 0
 0.505766  0.233937  0.097199  0.163097 
 0.457813  0.053125  0.439063  0.050000 
 0.591415  0.001590  0.364070  0.042925 
 0.043091  0.028232  0.897474  0.031204 
 0.016272  0.031065  0.846154  0.106509 
 0.006051  0.059002  0.031770  0.903177 
 0.032836  0.885075  0.034328  0.047761 
 0.929688  0.018750  0.029687  0.021875 
 0.015873  0.317460  0.025397  0.641270 
 0.042674  0.055477  0.847795  0.054054 
 0.751601  0.106274  0.089629  0.052497 
 0.120359  0.728553  0.089629  0.061460 
 0.060802  0.769728  0.120310  0.049159 
 0.048048  0.354354  0.049550  0.548048 
 0.107586  0.445517  0.102069  0.344828 
 0.240132  0.082237  0.212171  0.465461 

