MEME version 4

ALPHABET= ACGT

strands: + -

Background letter frequencies
A 0.250000 C 0.250000 G 0.250000 T 0.250000

MOTIF M05532_2.00 IRF3 
letter-probability matrix: alength= 4 w= 22 nsites= 100 E= 0
 0.018548  0.035912  0.662273  0.283268 
 0.011559  0.859183  0.000884  0.128374 
 0.251618  0.004893  0.315470  0.428019 
 0.063968  0.201688  0.699853  0.034491 
 0.034821  0.000077  0.000077  0.965026 
 0.021766  0.000232  0.000077  0.977925 
 0.000076  0.039858  0.000000  0.960067 
 0.000158  0.998975  0.000158  0.000710 
 0.068268  0.808297  0.074176  0.049258 
 0.374191  0.226440  0.007182  0.392186 
 0.017439  0.137526  0.802654  0.042380 
 0.018420  0.000077  0.980497  0.001006 
 0.998109  0.000000  0.001734  0.000158 
 0.993258  0.000000  0.000157  0.006585 
 0.971035  0.002619  0.000154  0.026192 
 0.178978  0.676008  0.132702  0.012311 
 0.193645  0.392853  0.128308  0.285194 
 0.327447  0.000070  0.672343  0.000140 
 0.733664  0.170032  0.094046  0.002258 
 0.669036  0.118845  0.002538  0.209581 
 0.834414  0.071290  0.003611  0.090684 
 0.163447  0.552491  0.218353  0.065709 

