MEME version 4

ALPHABET= ACGT

strands: + -

Background letter frequencies
A 0.250000 C 0.250000 G 0.250000 T 0.250000

MOTIF M05528_2.00 IRF6 
letter-probability matrix: alength= 4 w= 20 nsites= 100 E= 0
 0.667967  0.005934  0.316427  0.009672 
 0.001540  0.017265  0.980708  0.000486 
 0.000000  0.000571  0.000735  0.998694 
 0.558869  0.003178  0.000000  0.437953 
 0.000408  0.001957  0.000408  0.997227 
 0.000326  0.983641  0.001139  0.014894 
 0.071636  0.005232  0.777205  0.145927 
 0.220307  0.286228  0.336465  0.157000 
 0.253043  0.175120  0.123499  0.448338 
 0.320536  0.135517  0.190818  0.353129 
 0.398383  0.171541  0.143849  0.286228 
 0.347002  0.122284  0.174155  0.356559 
 0.222367  0.244179  0.398987  0.134466 
 0.065824  0.427205  0.002108  0.504864 
 0.006266  0.001709  0.991862  0.000163 
 0.997880  0.001468  0.000326  0.000326 
 0.449244  0.000407  0.003823  0.546527 
 0.998368  0.000653  0.000979  0.000000 
 0.000567  0.980813  0.017892  0.000729 
 0.008305  0.296776  0.004071  0.690848 

