MEME version 4

ALPHABET= ACGT

strands: + -

Background letter frequencies
A 0.250000 C 0.250000 G 0.250000 T 0.250000

MOTIF M05537_2.00 IRF5 
letter-probability matrix: alength= 4 w= 14 nsites= 100 E= 0
 0.208085  0.391423  0.191112  0.209381 
 0.041458  0.805674  0.014553  0.138315 
 0.040801  0.010929  0.937341  0.010929 
 0.914899  0.044210  0.021216  0.019675 
 0.772595  0.017616  0.035432  0.174357 
 0.997287  0.000517  0.001034  0.001163 
 0.010923  0.906624  0.067301  0.015152 
 0.016561  0.919695  0.003098  0.060646 
 0.040372  0.000495  0.955913  0.003220 
 0.956032  0.024771  0.013376  0.005821 
 0.750292  0.004860  0.048212  0.196637 
 0.991267  0.001156  0.001541  0.006036 
 0.017889  0.852363  0.116497  0.013251 
 0.100324  0.367279  0.066091  0.466307 

