MEME version 4

ALPHABET= ACGT

strands: + -

Background letter frequencies
A 0.250000 C 0.250000 G 0.250000 T 0.250000

MOTIF M05549_2.00 IRF9 
letter-probability matrix: alength= 4 w= 15 nsites= 100 E= 0
 0.351038  0.193917  0.213975  0.241070 
 0.069576  0.682725  0.072504  0.175194 
 0.028207  0.000680  0.969911  0.001202 
 0.990208  0.007477  0.002037  0.000278 
 0.971717  0.000000  0.000318  0.027965 
 0.990162  0.000139  0.000000  0.009699 
 0.055400  0.642321  0.283365  0.018914 
 0.024441  0.561965  0.004834  0.408760 
 0.030812  0.000000  0.969120  0.000068 
 0.977022  0.019757  0.001713  0.001508 
 0.884512  0.001096  0.007506  0.106886 
 0.959705  0.005654  0.000000  0.034641 
 0.026549  0.690365  0.265833  0.017253 
 0.140757  0.307127  0.065349  0.486767 
 0.336739  0.172344  0.261742  0.229176 

