MEME version 4

ALPHABET= ACGT

strands: + -

Background letter frequencies
A 0.250000 C 0.250000 G 0.250000 T 0.250000

MOTIF M05502_2.00 POU5F1 
letter-probability matrix: alength= 4 w= 12 nsites= 100 E= 0
 0.328287  0.054127  0.185193  0.432393 
 0.132963  0.046880  0.032506  0.787651 
 0.941429  0.017571  0.011519  0.029481 
 0.000409  0.011247  0.002249  0.986094 
 0.010951  0.002231  0.977895  0.008923 
 0.000414  0.998137  0.000621  0.000828 
 0.000828  0.000000  0.998550  0.000621 
 0.009941  0.978292  0.001623  0.010144 
 0.991977  0.000000  0.006789  0.001234 
 0.027527  0.011011  0.013370  0.948093 
 0.802329  0.026789  0.037604  0.133278 
 0.427742  0.179764  0.054323  0.338171 

