MEME version 4

ALPHABET= ACGT

strands: + -

Background letter frequencies
A 0.250000 C 0.250000 G 0.250000 T 0.250000

MOTIF M05515_2.00 HSFY1 
letter-probability matrix: alength= 4 w= 19 nsites= 100 E= 0
 0.330595  0.186431  0.195131  0.287843 
 0.304733  0.023825  0.196592  0.474850 
 0.083879  0.025417  0.025214  0.865490 
 0.170115  0.654584  0.175214  0.000087 
 0.000224  0.000224  0.999515  0.000037 
 0.999216  0.000075  0.000336  0.000373 
 0.954987  0.000000  0.033037  0.011977 
 0.002120  0.694184  0.004462  0.299234 
 0.030556  0.104216  0.813497  0.051732 
 0.166113  0.076245  0.099279  0.658363 
 0.168282  0.000000  0.006139  0.825579 
 0.007197  0.002189  0.000000  0.990614 
 0.088498  0.846016  0.065284  0.000203 
 0.000224  0.000224  0.999403  0.000149 
 0.998731  0.000000  0.000224  0.001045 
 0.972114  0.000480  0.019845  0.007562 
 0.001368  0.616201  0.012570  0.369861 
 0.058978  0.133406  0.720777  0.086838 
 0.114252  0.358922  0.190009  0.336818 

