MEME version 4

ALPHABET= ACGT

strands: + -

Background letter frequencies
A 0.250000 C 0.250000 G 0.250000 T 0.250000

MOTIF M05540_2.00 IRF4 
letter-probability matrix: alength= 4 w= 15 nsites= 100 E= 0
 0.319018  0.247013  0.250242  0.183726 
 0.102854  0.384760  0.063005  0.449381 
 0.072681  0.018948  0.875848  0.032523 
 0.812221  0.084710  0.076318  0.026751 
 0.735804  0.009266  0.059397  0.195533 
 0.967812  0.006250  0.005938  0.020000 
 0.081013  0.570745  0.300703  0.047539 
 0.036912  0.385727  0.010151  0.567210 
 0.063658  0.003288  0.925583  0.007472 
 0.875353  0.074336  0.030526  0.019785 
 0.670056  0.011900  0.105582  0.212462 
 0.958824  0.016099  0.001238  0.023839 
 0.123784  0.574507  0.239422  0.062286 
 0.173881  0.298851  0.068721  0.458547 
 0.391346  0.129803  0.295770  0.183080 

