MEME version 4

ALPHABET= ACGT

strands: + -

Background letter frequencies
A 0.250000 C 0.250000 G 0.250000 T 0.250000

MOTIF M05508_2.00 HSF2 
letter-probability matrix: alength= 4 w= 15 nsites= 100 E= 0
 0.366877  0.000634  0.604628  0.027861 
 0.001679  0.001539  0.993248  0.003533 
 0.965089  0.007886  0.000000  0.027024 
 0.840617  0.010363  0.025523  0.123497 
 0.118414  0.337489  0.272718  0.271379 
 0.216653  0.157022  0.512205  0.114121 
 0.147485  0.038910  0.023407  0.790197 
 0.098053  0.005697  0.183732  0.712518 
 0.004785  0.984500  0.004404  0.006311 
 0.003545  0.482943  0.000000  0.513513 
 0.402102  0.000000  0.586132  0.011765 
 0.015974  0.033597  0.918060  0.032369 
 0.697928  0.133853  0.051820  0.116399 
 0.617760  0.066343  0.124875  0.191022 
 0.197034  0.237646  0.351731  0.213589 

