MEME version 4

ALPHABET= ACGT

strands: + -

Background letter frequencies
A 0.250000 C 0.250000 G 0.250000 T 0.250000

MOTIF M05513_2.00 HSFY2 
letter-probability matrix: alength= 4 w= 19 nsites= 100 E= 0
 0.403921  0.166114  0.130121  0.299844 
 0.424047  0.012249  0.229753  0.333951 
 0.185566  0.128300  0.026704  0.659430 
 0.473830  0.027076  0.497855  0.001239 
 0.000292  0.001459  0.996692  0.001557 
 0.998733  0.000780  0.000487  0.000000 
 0.984834  0.000773  0.011689  0.002705 
 0.000000  0.284958  0.007105  0.707937 
 0.022870  0.153966  0.794576  0.028588 
 0.160653  0.058116  0.074269  0.706962 
 0.236348  0.001664  0.020845  0.741143 
 0.054952  0.029603  0.002082  0.913362 
 0.533918  0.038494  0.427210  0.000377 
 0.000000  0.001071  0.998636  0.000292 
 0.997955  0.000584  0.000876  0.000584 
 0.989341  0.000581  0.005911  0.004167 
 0.000621  0.253822  0.013812  0.731745 
 0.052772  0.123865  0.741231  0.082133 
 0.122622  0.364257  0.156960  0.356160 

