MEME version 4

ALPHABET= ACGT

strands: + -

Background letter frequencies
A 0.250000 C 0.250000 G 0.250000 T 0.250000

MOTIF M05628_2.00 NR6A1 
letter-probability matrix: alength= 4 w= 17 nsites= 100 E= 0
 0.150256  0.188292  0.428918  0.232533 
 0.093788  0.246999  0.103091  0.556122 
 0.029586  0.707387  0.218553  0.044474 
 0.972703  0.003150  0.017848  0.006299 
 0.930922  0.017584  0.030897  0.020598 
 0.008083  0.001043  0.966362  0.024511 
 0.008269  0.003201  0.475593  0.512937 
 0.002278  0.044557  0.014937  0.938228 
 0.000748  0.924190  0.029177  0.045885 
 0.985376  0.000000  0.003722  0.010901 
 0.904344  0.022206  0.029039  0.044412 
 0.006711  0.002323  0.956634  0.034331 
 0.014248  0.007916  0.620844  0.356992 
 0.033411  0.082366  0.222083  0.662140 
 0.009942  0.722417  0.078168  0.189474 
 0.552887  0.013874  0.418768  0.014471 
 0.266937  0.248583  0.239136  0.245344 

