MEME version 4

ALPHABET= ACGT

strands: + -

Background letter frequencies
A 0.250000 C 0.250000 G 0.250000 T 0.250000

MOTIF M05622_2.00 RORC 
letter-probability matrix: alength= 4 w= 20 nsites= 100 E= 0
 0.298061  0.165994  0.243942  0.292003 
 0.722049  0.068882  0.074074  0.134995 
 0.502623  0.037426  0.096537  0.363414 
 0.166061  0.280404  0.317576  0.235960 
 0.053333  0.129293  0.190303  0.627071 
 0.589874  0.027080  0.381868  0.001177 
 0.006519  0.001087  0.896777  0.095618 
 0.012186  0.001572  0.973270  0.012972 
 0.008187  0.048538  0.219298  0.723977 
 0.043636  0.643117  0.008052  0.305195 
 0.984885  0.000000  0.011535  0.003580 
 0.139742  0.251212  0.477383  0.131664 
 0.039984  0.100565  0.108643  0.750808 
 0.645620  0.019732  0.331492  0.003157 
 0.002522  0.007205  0.891931  0.098343 
 0.016129  0.003147  0.974036  0.006688 
 0.057232  0.058087  0.179670  0.705011 
 0.005814  0.899709  0.020349  0.074128 
 0.863621  0.003139  0.118591  0.014649 
 0.253635  0.287964  0.233037  0.225363 

