MEME version 4

ALPHABET= ACGT

strands: + -

Background letter frequencies
A 0.250000 C 0.250000 G 0.250000 T 0.250000

MOTIF M05624_2.00 RORC 
letter-probability matrix: alength= 4 w= 20 nsites= 100 E= 0
 0.299667  0.132595  0.230956  0.336782 
 0.874603  0.014981  0.021903  0.088514 
 0.555950  0.001274  0.033480  0.409297 
 0.139569  0.244558  0.359858  0.256015 
 0.020971  0.085619  0.136831  0.756579 
 0.624410  0.000798  0.374549  0.000243 
 0.000400  0.000000  0.961028  0.038572 
 0.001593  0.000000  0.997506  0.000900 
 0.000746  0.013518  0.189551  0.796185 
 0.003184  0.619624  0.000086  0.377106 
 0.999549  0.000069  0.000000  0.000382 
 0.080657  0.193118  0.678101  0.048123 
 0.001111  0.018853  0.020137  0.959899 
 0.761321  0.000208  0.238158  0.000312 
 0.000137  0.000787  0.985492  0.013584 
 0.000278  0.000035  0.999688  0.000000 
 0.011265  0.012382  0.057249  0.919105 
 0.000000  0.982567  0.000785  0.016648 
 0.823550  0.000057  0.176307  0.000086 
 0.281285  0.277014  0.214479  0.227222 

