MEME version 4

ALPHABET= ACGT

strands: + -

Background letter frequencies
A 0.250000 C 0.250000 G 0.250000 T 0.250000

MOTIF M05645_2.00 NR2F6 
letter-probability matrix: alength= 4 w= 15 nsites= 100 E= 0
 0.272059  0.144914  0.425245  0.157782 
 0.418799  0.052558  0.488598  0.040044 
 0.041635  0.031611  0.838602  0.088152 
 0.034019  0.007407  0.895199  0.063374 
 0.004858  0.059024  0.143551  0.792567 
 0.004978  0.812096  0.072424  0.110503 
 0.873628  0.008300  0.107898  0.010174 
 0.627983  0.042725  0.193418  0.135874 
 0.750115  0.022299  0.206667  0.020920 
 0.003547  0.006503  0.964529  0.025421 
 0.023349  0.003417  0.929100  0.044134 
 0.014897  0.042090  0.171435  0.771577 
 0.011982  0.685937  0.143578  0.158503 
 0.619871  0.030015  0.297872  0.052242 
 0.219908  0.235528  0.288208  0.256355 

