MEME version 4

ALPHABET= ACGT

strands: + -

Background letter frequencies
A 0.250000 C 0.250000 G 0.250000 T 0.250000

MOTIF M05694_2.00 NFATC3 
letter-probability matrix: alength= 4 w= 14 nsites= 100 E= 0
 0.154489  0.179541  0.292276  0.373695 
 0.100000  0.035294  0.160294  0.704412 
 0.009823  0.023576  0.025540  0.941061 
 0.006829  0.026341  0.032195  0.934634 
 0.001028  0.984584  0.009250  0.005139 
 0.007121  0.974568  0.011190  0.007121 
 0.859794  0.007216  0.127835  0.005155 
 0.003112  0.104772  0.003112  0.889004 
 0.000999  0.015984  0.957043  0.025974 
 0.010945  0.024876  0.953234  0.010945 
 0.923819  0.032787  0.027001  0.016393 
 0.957043  0.015984  0.018981  0.007992 
 0.705969  0.176124  0.019160  0.098747 
 0.331942  0.320459  0.159708  0.187891 

