MEME version 4

ALPHABET= ACGT

strands: + -

Background letter frequencies
A 0.250000 C 0.250000 G 0.250000 T 0.250000

MOTIF M05638_2.00 NR3C2 
letter-probability matrix: alength= 4 w= 15 nsites= 100 E= 0
 0.303712  0.176810  0.373360  0.146118 
 0.081020  0.024877  0.798575  0.095527 
 0.223374  0.177400  0.218324  0.380902 
 0.948495  0.003297  0.026748  0.021461 
 0.000000  0.979823  0.005076  0.015101 
 0.510031  0.010154  0.428308  0.051508 
 0.131624  0.310729  0.180942  0.376705 
 0.241687  0.244507  0.261297  0.252509 
 0.394281  0.173400  0.307385  0.124934 
 0.049102  0.433126  0.019665  0.498107 
 0.012797  0.001680  0.985522  0.000000 
 0.015271  0.030417  0.000000  0.954312 
 0.382542  0.224161  0.172941  0.220357 
 0.096150  0.797656  0.029870  0.076323 
 0.146970  0.365818  0.184549  0.302663 

