MEME version 4

ALPHABET= ACGT

strands: + -

Background letter frequencies
A 0.250000 C 0.250000 G 0.250000 T 0.250000

MOTIF M05695_2.00 NFATC3 
letter-probability matrix: alength= 4 w= 21 nsites= 100 E= 0
 0.469532  0.086915  0.299480  0.144072 
 0.094472  0.355611  0.032178  0.517739 
 0.000000  0.000471  0.998114  0.001414 
 0.004196  0.006061  0.986946  0.002797 
 0.942565  0.012021  0.041407  0.004007 
 0.971547  0.005507  0.015603  0.007343 
 0.707790  0.126045  0.043464  0.122701 
 0.322779  0.284026  0.188091  0.205104 
 0.362476  0.145558  0.146030  0.345936 
 0.248465  0.243269  0.225791  0.282475 
 0.259207  0.266761  0.231822  0.242210 
 0.301842  0.238545  0.212565  0.247048 
 0.343248  0.134561  0.174221  0.347970 
 0.186673  0.201796  0.278355  0.333176 
 0.127149  0.054168  0.132014  0.686669 
 0.008215  0.020539  0.005021  0.966225 
 0.008516  0.034514  0.008068  0.948902 
 0.008360  0.983279  0.005574  0.002787 
 0.004221  0.992964  0.001407  0.001407 
 0.539095  0.029218  0.332099  0.099588 
 0.158715  0.290033  0.087388  0.463864 

