MEME version 4

ALPHABET= ACGT

strands: + -

Background letter frequencies
A 0.250000 C 0.250000 G 0.250000 T 0.250000

MOTIF M05686_2.00 PAX8 
letter-probability matrix: alength= 4 w= 20 nsites= 100 E= 0
 0.223473  0.243832  0.199521  0.333174 
 0.360678  0.027956  0.596013  0.015353 
 0.311212  0.155007  0.206517  0.327264 
 0.004072  0.217485  0.343234  0.435210 
 0.019996  0.795087  0.004571  0.180347 
 0.434844  0.008874  0.540168  0.016114 
 0.209341  0.275928  0.305389  0.209341 
 0.001507  0.210586  0.001507  0.786400 
 0.004988  0.627553  0.364133  0.003325 
 0.807856  0.002128  0.180921  0.009094 
 0.463839  0.023754  0.090774  0.421633 
 0.000355  0.256615  0.741431  0.001598 
 0.000470  0.981891  0.001411  0.016228 
 0.131693  0.001240  0.863138  0.003928 
 0.010417  0.389441  0.000947  0.599195 
 0.149840  0.000798  0.833001  0.016361 
 0.852389  0.005921  0.022458  0.119232 
 0.089197  0.903875  0.003031  0.003897 
 0.141642  0.362784  0.361916  0.133657 
 0.341078  0.172455  0.299641  0.186826 

