MEME version 4

ALPHABET= ACGT

strands: + -

Background letter frequencies
A 0.250000 C 0.250000 G 0.250000 T 0.250000

MOTIF M05621_2.00 RORC 
letter-probability matrix: alength= 4 w= 14 nsites= 100 E= 0
 0.086270  0.131227  0.179830  0.602673 
 0.670103  0.038946  0.273769  0.017182 
 0.001087  0.022826  0.895652  0.080435 
 0.024221  0.010381  0.950404  0.014994 
 0.037823  0.092251  0.109779  0.760148 
 0.000000  0.944954  0.006881  0.048165 
 0.973995  0.003546  0.022459  0.000000 
 0.004819  0.333735  0.002410  0.659036 
 0.030100  0.025641  0.918618  0.025641 
 0.604106  0.199413  0.118035  0.078446 
 0.055914  0.886022  0.040860  0.017204 
 0.159962  0.789272  0.037356  0.013410 
 0.027586  0.255172  0.024138  0.693103 
 0.601942  0.167476  0.117718  0.112864 

