MEME version 4

ALPHABET= ACGT

strands: + -

Background letter frequencies
A 0.250000 C 0.250000 G 0.250000 T 0.250000

MOTIF M05652_2.00 RARG 
letter-probability matrix: alength= 4 w= 14 nsites= 100 E= 0
 0.455390  0.118340  0.295539  0.130731 
 0.720850  0.060885  0.206203  0.012062 
 0.022982  0.002946  0.951090  0.022982 
 0.000000  0.002316  0.747568  0.250116 
 0.048958  0.036458  0.073958  0.840625 
 0.001835  0.987156  0.000000  0.011009 
 0.723118  0.000000  0.275986  0.000896 
 0.003704  0.647531  0.000000  0.348765 
 0.013382  0.000000  0.981752  0.004866 
 0.759887  0.107345  0.057439  0.075330 
 0.245239  0.749652  0.000000  0.005109 
 0.037551  0.932409  0.013865  0.016176 
 0.005882  0.242941  0.044706  0.706471 
 0.116481  0.351921  0.100991  0.430607 

