MEME version 4

ALPHABET= ACGT

strands: + -

Background letter frequencies
A 0.250000 C 0.250000 G 0.250000 T 0.250000

MOTIF M05632_2.00 THRB 
letter-probability matrix: alength= 4 w= 16 nsites= 100 E= 0
 0.297297  0.257864  0.219761  0.225078 
 0.347695  0.191021  0.332329  0.128955 
 0.574902  0.015198  0.405124  0.004776 
 0.014131  0.003741  0.938071  0.044057 
 0.006465  0.004423  0.767948  0.221164 
 0.005497  0.023950  0.084413  0.886141 
 0.012159  0.831614  0.029845  0.126382 
 0.776669  0.005506  0.214384  0.003441 
 0.005697  0.657318  0.005259  0.331727 
 0.090246  0.031106  0.866743  0.011905 
 0.842164  0.125746  0.028731  0.003358 
 0.161479  0.826437  0.002197  0.009886 
 0.047659  0.935350  0.003730  0.013262 
 0.005682  0.446678  0.007867  0.539773 
 0.111074  0.401194  0.140584  0.347149 
 0.216755  0.246454  0.216755  0.320035 

