MEME version 4

ALPHABET= ACGT

strands: + -

Background letter frequencies
A 0.250000 C 0.250000 G 0.250000 T 0.250000

MOTIF M05634_2.00 THRB 
letter-probability matrix: alength= 4 w= 19 nsites= 100 E= 0
 0.000000  0.182716  0.019753  0.797531 
 0.463203  0.158009  0.378788  0.000000 
 0.977387  0.000000  0.022613  0.000000 
 0.009926  0.007444  0.965261  0.017370 
 0.005115  0.000000  0.994885  0.000000 
 0.176955  0.000000  0.022634  0.800412 
 0.007653  0.992347  0.000000  0.000000 
 0.984962  0.015038  0.000000  0.000000 
 0.000000  0.521628  0.218830  0.259542 
 0.139175  0.182990  0.569588  0.108247 
 0.023136  0.228792  0.071979  0.676093 
 0.388175  0.239075  0.344473  0.028278 
 0.755340  0.073786  0.145631  0.025243 
 0.042735  0.126068  0.831197  0.000000 
 0.041463  0.009756  0.948780  0.000000 
 0.143145  0.034274  0.038306  0.784274 
 0.081670  0.705989  0.161525  0.050817 
 0.979434  0.000000  0.020566  0.000000 
 0.210797  0.403599  0.079692  0.305913 

