MEME version 4

ALPHABET= ACGT

strands: + -

Background letter frequencies
A 0.250000 C 0.250000 G 0.250000 T 0.250000

MOTIF M05608_2.00 RARA 
letter-probability matrix: alength= 4 w= 14 nsites= 100 E= 0
 0.347059  0.154902  0.325490  0.172549 
 0.571429  0.175115  0.211982  0.041475 
 0.038591  0.046980  0.855705  0.058725 
 0.016556  0.000000  0.844371  0.139073 
 0.111250  0.082500  0.168750  0.637500 
 0.007273  0.927273  0.018182  0.047273 
 0.949721  0.001862  0.026071  0.022346 
 0.021113  0.466411  0.000000  0.512476 
 0.049505  0.085809  0.841584  0.023102 
 0.492754  0.220290  0.155556  0.131401 
 0.201183  0.754438  0.028107  0.016272 
 0.124810  0.776256  0.071537  0.027397 
 0.054054  0.280781  0.180180  0.484985 
 0.182353  0.370588  0.160784  0.286275 

