MEME version 4

ALPHABET= ACGT

strands: + -

Background letter frequencies
A 0.250000 C 0.250000 G 0.250000 T 0.250000

MOTIF M05646_2.00 NR2F6 
letter-probability matrix: alength= 4 w= 15 nsites= 100 E= 0
 0.364006  0.146758  0.352192  0.137044 
 0.549474  0.035294  0.393808  0.021424 
 0.022378  0.009907  0.887762  0.079953 
 0.010167  0.007155  0.956069  0.026610 
 0.003512  0.030793  0.073879  0.891816 
 0.001245  0.862432  0.066576  0.069746 
 0.823192  0.041824  0.121150  0.013833 
 0.199711  0.298582  0.290441  0.211266 
 0.009004  0.430691  0.024857  0.535447 
 0.058414  0.085149  0.855650  0.000786 
 0.856613  0.107175  0.028790  0.007422 
 0.060096  0.915505  0.000000  0.024399 
 0.084759  0.880782  0.010523  0.023936 
 0.012290  0.398044  0.032481  0.557186 
 0.121176  0.386898  0.123408  0.368518 

