MEME version 4

ALPHABET= ACGT

strands: + -

Background letter frequencies
A 0.250000 C 0.250000 G 0.250000 T 0.250000

MOTIF M05739_2.00 SKOR2 
letter-probability matrix: alength= 4 w= 14 nsites= 100 E= 0
 0.233925  0.406025  0.225832  0.134218 
 0.071359  0.000000  0.138097  0.790545 
 0.000000  0.000000  0.000000  1.000000 
 1.000000  0.000000  0.000000  0.000000 
 1.000000  0.000000  0.000000  0.000000 
 0.000000  0.000000  0.000000  1.000000 
 0.000000  0.000000  0.000000  1.000000 
 1.000000  0.000000  0.000000  0.000000 
 0.242455  0.752068  0.000000  0.005477 
 0.491401  0.358590  0.066883  0.083126 
 0.113072  0.181185  0.546926  0.158818 
 0.191547  0.301259  0.151529  0.355665 
 0.203439  0.103183  0.082967  0.610410 
 0.322167  0.234487  0.232464  0.210881 

