MEME version 4

ALPHABET= ACGT

strands: + -

Background letter frequencies
A 0.250000 C 0.250000 G 0.250000 T 0.250000

MOTIF M05709_2.00 NFAT5 
letter-probability matrix: alength= 4 w= 13 nsites= 100 E= 0
 0.190476  0.295518  0.261905  0.252101 
 0.000000  0.102886  0.895859  0.001255 
 0.000000  0.020970  0.043250  0.935780 
 0.786344  0.002203  0.156388  0.055066 
 0.286115  0.422160  0.131837  0.159888 
 0.151261  0.354342  0.179272  0.315126 
 0.196574  0.132137  0.088907  0.582382 
 0.007692  0.026923  0.050000  0.915385 
 0.041855  0.076923  0.073529  0.807692 
 0.006916  0.987552  0.005533  0.000000 
 0.000000  1.000000  0.000000  0.000000 
 0.555317  0.102041  0.211600  0.131042 
 0.061625  0.459384  0.095238  0.383754 

