MEME version 4

ALPHABET= ACGT

strands: + -

Background letter frequencies
A 0.250000 C 0.250000 G 0.250000 T 0.250000

MOTIF M05727_2.00 RFX5 
letter-probability matrix: alength= 4 w= 19 nsites= 100 E= 0
 0.082509  0.322585  0.359717  0.235190 
 0.039704  0.013312  0.936740  0.010244 
 0.015601  0.020992  0.039518  0.923889 
 0.128678  0.205585  0.024277  0.641460 
 0.195098  0.021984  0.691426  0.091492 
 0.045418  0.576071  0.113672  0.264839 
 0.019221  0.355558  0.058518  0.566703 
 0.516041  0.023523  0.385217  0.075218 
 0.157924  0.152733  0.356763  0.332580 
 0.057591  0.097533  0.801820  0.043056 
 0.026017  0.462563  0.290094  0.221326 
 0.057989  0.001680  0.936566  0.003765 
 0.008148  0.009526  0.006710  0.975616 
 0.068456  0.178477  0.007408  0.745658 
 0.186534  0.013408  0.730329  0.069730 
 0.020271  0.618168  0.075872  0.285689 
 0.019890  0.432743  0.056392  0.490975 
 0.464362  0.041082  0.426984  0.067572 
 0.148885  0.146809  0.385405  0.318901 

