MEME version 4

ALPHABET= ACGT

strands: + -

Background letter frequencies
A 0.250000 C 0.250000 G 0.250000 T 0.250000

MOTIF M05716_2.00 RFX3 
letter-probability matrix: alength= 4 w= 15 nsites= 100 E= 0
 0.051849  0.445975  0.343727  0.158448 
 0.002168  0.001445  0.996387  0.000000 
 0.001080  0.005760  0.000360  0.992801 
 0.003864  0.027397  0.000000  0.968739 
 0.014968  0.001426  0.982894  0.000713 
 0.000000  0.999638  0.000000  0.000362 
 0.002392  0.049197  0.006150  0.942262 
 0.941664  0.003241  0.003601  0.051494 
 0.348947  0.026894  0.618108  0.006051 
 0.001087  0.000000  0.998913  0.000000 
 0.008245  0.947441  0.000687  0.043628 
 0.961311  0.001394  0.031370  0.005925 
 0.997108  0.000723  0.001446  0.000723 
 0.000000  1.000000  0.000000  0.000000 
 0.121827  0.259971  0.579043  0.039159 

