MEME version 4

ALPHABET= ACGT

strands: + -

Background letter frequencies
A 0.250000 C 0.250000 G 0.250000 T 0.250000

MOTIF M05722_2.00 RFX4 
letter-probability matrix: alength= 4 w= 16 nsites= 100 E= 0
 0.085780  0.473928  0.242659  0.197633 
 0.000000  0.000000  1.000000  0.000000 
 0.000000  0.000000  0.000000  1.000000 
 0.262470  0.067005  0.000000  0.670525 
 0.281981  0.001461  0.630195  0.086364 
 0.000000  0.729077  0.000000  0.270923 
 0.000000  0.842808  0.000000  0.157192 
 0.915296  0.000000  0.084704  0.000000 
 0.000000  0.081488  0.000000  0.918512 
 0.146480  0.000152  0.853368  0.000000 
 0.278413  0.000000  0.721587  0.000000 
 0.087168  0.619167  0.002430  0.291235 
 0.664420  0.000000  0.076386  0.259194 
 1.000000  0.000000  0.000000  0.000000 
 0.000000  1.000000  0.000000  0.000000 
 0.191671  0.238477  0.479801  0.090052 

