MEME version 4

ALPHABET= ACGT

strands: + -

Background letter frequencies
A 0.250000 C 0.250000 G 0.250000 T 0.250000

MOTIF M05756_2.00 TCF7 
letter-probability matrix: alength= 4 w= 15 nsites= 100 E= 0
 0.412281  0.057018  0.057749  0.472953 
 0.039159  0.898477  0.013778  0.048586 
 0.642670  0.135471  0.036649  0.185209 
 0.012628  0.117859  0.665063  0.204450 
 0.005547  0.979398  0.000000  0.015055 
 0.003003  0.066817  0.929429  0.000751 
 0.049317  0.350531  0.067527  0.532625 
 0.000000  0.998384  0.001616  0.000000 
 0.064976  0.511094  0.000000  0.423930 
 0.000000  0.925787  0.069715  0.004498 
 0.007949  0.003975  0.984102  0.003975 
 0.651775  0.017136  0.007956  0.323133 
 0.033381  0.039062  0.049716  0.877841 
 0.071532  0.010838  0.892341  0.025289 
 0.188321  0.100000  0.035766  0.675912 

