MEME version 4

ALPHABET= ACGT

strands: + -

Background letter frequencies
A 0.250000 C 0.250000 G 0.250000 T 0.250000

MOTIF M05710_2.00 NFAT5 
letter-probability matrix: alength= 4 w= 13 nsites= 100 E= 0
 0.178990  0.326872  0.248863  0.245274 
 0.005143  0.016830  0.976858  0.001169 
 0.037552  0.010581  0.084855  0.867012 
 0.649014  0.013046  0.237149  0.100792 
 0.305097  0.350084  0.160325  0.184494 
 0.174444  0.262264  0.153865  0.409428 
 0.186689  0.093344  0.033196  0.686771 
 0.004422  0.011869  0.011171  0.972539 
 0.016751  0.006884  0.017439  0.958926 
 0.002129  0.988411  0.009461  0.000000 
 0.000000  0.999283  0.000000  0.000717 
 0.457055  0.025613  0.465666  0.051667 
 0.065805  0.326394  0.072505  0.535296 

