MEME version 4

ALPHABET= ACGT

strands: + -

Background letter frequencies
A 0.250000 C 0.250000 G 0.250000 T 0.250000

MOTIF M05788_2.00 SOX7 
letter-probability matrix: alength= 4 w= 13 nsites= 100 E= 0
 0.844852  0.038186  0.049558  0.067404 
 0.000513  0.991479  0.001129  0.006878 
 0.957136  0.019376  0.000000  0.023489 
 0.894254  0.073568  0.023473  0.008704 
 0.004583  0.000154  0.000669  0.994593 
 0.242286  0.074032  0.442638  0.241044 
 0.263267  0.235154  0.234999  0.266580 
 0.227595  0.462542  0.073673  0.236189 
 0.996492  0.000568  0.000052  0.002889 
 0.006441  0.022129  0.082812  0.888618 
 0.024360  0.000644  0.018666  0.956330 
 0.008823  0.000000  0.990818  0.000359 
 0.070687  0.044919  0.037951  0.846444 

