MEME version 4

ALPHABET= ACGT

strands: + -

Background letter frequencies
A 0.250000 C 0.250000 G 0.250000 T 0.250000

MOTIF M05742_2.00 NFIX 
letter-probability matrix: alength= 4 w= 17 nsites= 100 E= 0
 0.169834  0.274392  0.375701  0.180073 
 0.120497  0.140226  0.105138  0.634139 
 0.007296  0.000000  0.140892  0.851811 
 0.000492  0.000000  0.998918  0.000590 
 0.000000  0.000197  0.999803  0.000000 
 0.135397  0.863837  0.000000  0.000765 
 0.419177  0.093916  0.346623  0.140284 
 0.199567  0.341242  0.202225  0.256966 
 0.189112  0.265505  0.332841  0.212542 
 0.180843  0.140382  0.465151  0.213625 
 0.046153  0.134026  0.043707  0.776114 
 0.000000  0.000000  0.958298  0.041702 
 0.000000  1.000000  0.000000  0.000000 
 0.000000  1.000000  0.000000  0.000000 
 0.884756  0.108362  0.000000  0.006882 
 0.443671  0.075051  0.388529  0.092749 
 0.171015  0.289160  0.372551  0.167274 

