MEME version 4

ALPHABET= ACGT

strands: + -

Background letter frequencies
A 0.250000 C 0.250000 G 0.250000 T 0.250000

MOTIF M05804_2.00 TBX19 
letter-probability matrix: alength= 4 w= 21 nsites= 100 E= 0
 0.329529  0.154585  0.244142  0.271744 
 0.794860  0.041187  0.083586  0.080368 
 0.163091  0.350217  0.242770  0.243923 
 0.102041  0.025510  0.811650  0.060799 
 0.000606  0.105306  0.003584  0.890504 
 0.005194  0.000109  0.993548  0.001148 
 0.065870  0.245479  0.018041  0.670610 
 0.018249  0.077033  0.516945  0.387773 
 0.972752  0.002257  0.021229  0.003762 
 0.444359  0.243635  0.077645  0.234361 
 0.475717  0.041321  0.035120  0.447841 
 0.241440  0.086095  0.243635  0.428830 
 0.003350  0.060397  0.003978  0.932276 
 0.291539  0.397992  0.245500  0.064969 
 0.644984  0.026777  0.239995  0.088244 
 0.001092  0.992522  0.001310  0.005076 
 0.891724  0.005720  0.101443  0.001114 
 0.038721  0.889939  0.013858  0.057482 
 0.124761  0.619137  0.178857  0.077245 
 0.086109  0.089941  0.034434  0.789515 
 0.261099  0.253855  0.132086  0.352961 

