MEME version 4

ALPHABET= ACGT

strands: + -

Background letter frequencies
A 0.250000 C 0.250000 G 0.250000 T 0.250000

MOTIF M05850_2.00 ZNF415 
letter-probability matrix: alength= 4 w= 16 nsites= 100 E= 0
 0.258000  0.326000  0.312000  0.104000 
 0.068000  0.096000  0.069000  0.766000 
 0.653000  0.030000  0.292000  0.025000 
 0.046000  0.859000  0.050000  0.045000 
 0.567000  0.180000  0.205000  0.048000 
 0.015000  0.840000  0.013000  0.131000 
 0.204000  0.239000  0.513000  0.044000 
 0.614000  0.217000  0.083000  0.086000 
 0.006000  0.048000  0.017000  0.928000 
 0.007000  0.112000  0.221000  0.660000 
 0.684000  0.133000  0.175000  0.007000 
 0.535000  0.085000  0.307000  0.072000 
 0.113000  0.181000  0.339000  0.367000 
 0.834000  0.040000  0.098000  0.028000 
 0.006000  0.074000  0.052000  0.868000 
 0.042000  0.902000  0.021000  0.036000 

