MEME version 4

ALPHABET= ACGT

strands: + -

Background letter frequencies
A 0.250000 C 0.250000 G 0.250000 T 0.250000

MOTIF M05820_2.00 TBX20 
letter-probability matrix: alength= 4 w= 18 nsites= 100 E= 0
 0.127674  0.067513  0.088235  0.716578 
 0.000000  0.002663  0.000000  0.997337 
 0.246493  0.655979  0.091516  0.006012 
 0.965426  0.000000  0.013298  0.021277 
 0.005298  0.990728  0.001987  0.001987 
 0.690000  0.001333  0.306667  0.002000 
 0.002626  0.958634  0.036770  0.001970 
 0.000000  0.923729  0.005867  0.070404 
 0.093317  0.019546  0.000000  0.887137 
 0.919428  0.012995  0.012346  0.055231 
 0.450234  0.142953  0.333333  0.073480 
 0.002661  0.001331  0.993347  0.002661 
 0.002618  0.036649  0.009162  0.951571 
 0.001984  0.002646  0.990079  0.005291 
 0.012187  0.053239  0.000000  0.934573 
 0.013566  0.059432  0.849483  0.077519 
 0.982816  0.008592  0.002644  0.005948 
 0.799465  0.063503  0.040775  0.096257 

