MEME version 4

ALPHABET= ACGT

strands: + -

Background letter frequencies
A 0.250000 C 0.250000 G 0.250000 T 0.250000

MOTIF M05856_2.00 ZKSCAN7 
letter-probability matrix: alength= 4 w= 17 nsites= 100 E= 0
 0.471000  0.225000  0.233000  0.071000 
 0.122000  0.533000  0.050000  0.295000 
 0.707000  0.116000  0.027000  0.150000 
 0.584000  0.186000  0.064000  0.166000 
 0.900000  0.068000  0.026000  0.006000 
 0.009000  0.952000  0.025000  0.015000 
 0.124000  0.014000  0.019000  0.844000 
 0.123000  0.083000  0.549000  0.244000 
 0.084000  0.020000  0.113000  0.783000 
 0.465000  0.165000  0.188000  0.182000 
 0.449000  0.014000  0.517000  0.020000 
 0.725000  0.044000  0.096000  0.135000 
 0.024000  0.008000  0.949000  0.019000 
 0.086000  0.299000  0.122000  0.493000 
 0.119000  0.124000  0.631000  0.126000 
 0.133000  0.624000  0.137000  0.107000 
 0.171000  0.257000  0.227000  0.346000 

