MEME version 4

ALPHABET= ACGT

strands: + -

Background letter frequencies
A 0.250000 C 0.250000 G 0.250000 T 0.250000

MOTIF M07587_2.00 ZNF304 
letter-probability matrix: alength= 4 w= 24 nsites= 100 E= 0
 0.111213  0.511949  0.170037  0.206801 
 0.136949  0.504596  0.151654  0.206801 
 0.063419  0.670037  0.129596  0.136949 
 0.078125  0.868566  0.037684  0.015625 
 0.114890  0.511949  0.140625  0.232537 
 0.107537  0.008272  0.431066  0.453125 
 0.000919  0.964154  0.034007  0.000919 
 0.008272  0.982537  0.000919  0.008272 
 0.140625  0.776654  0.037684  0.045037 
 0.000919  0.997243  0.000919  0.000919 
 0.526654  0.048713  0.397978  0.026654 
 0.206801  0.364890  0.409007  0.019301 
 0.052390  0.184743  0.089154  0.673713 
 0.000919  0.942096  0.000919  0.056066 
 0.026654  0.298713  0.511949  0.162684 
 0.478860  0.085478  0.390625  0.045037 
 0.125919  0.151654  0.611213  0.111213 
 0.052390  0.581801  0.103860  0.261949 
 0.085478  0.721507  0.059743  0.133272 
 0.074449  0.460478  0.151654  0.313419 
 0.074449  0.442096  0.206801  0.276654 
 0.129596  0.471507  0.261949  0.136949 
 0.217831  0.302390  0.328125  0.151654 
 0.125919  0.383272  0.346507  0.144301 

