MEME version 4

ALPHABET= ACGT

strands: + -

Background letter frequencies
A 0.250000 C 0.250000 G 0.250000 T 0.250000

MOTIF M07567_2.00 ZNF671 
letter-probability matrix: alength= 4 w= 12 nsites= 100 E= 0
 0.104962  0.392494  0.163486  0.339059 
 0.079517  0.400127  0.130407  0.389949 
 0.341603  0.303435  0.336514  0.018448 
 0.344148  0.440840  0.008270  0.206743 
 0.000636  0.000636  0.000636  0.998092 
 0.000636  0.998092  0.000636  0.000636 
 0.000636  0.998092  0.000636  0.000636 
 0.850509  0.000636  0.110051  0.038804 
 0.280534  0.580789  0.110051  0.028626 
 0.000636  0.028626  0.000636  0.970102 
 0.000636  0.799618  0.000636  0.199109 
 0.341603  0.300891  0.158397  0.199109 

