MEME version 4

ALPHABET= ACGT

strands: + -

Background letter frequencies
A 0.250000 C 0.250000 G 0.250000 T 0.250000

MOTIF M07613_2.00 ZNF3 
letter-probability matrix: alength= 4 w= 15 nsites= 100 E= 0
 0.088095  0.011905  0.002381  0.897619 
 0.002381  0.754762  0.002381  0.240476 
 0.545238  0.078571  0.059524  0.316667 
 0.202381  0.297619  0.240476  0.259524 
 0.097619  0.050000  0.107143  0.745238 
 0.069048  0.440476  0.050000  0.440476 
 0.773810  0.002381  0.078571  0.145238 
 0.011905  0.002381  0.526190  0.459524 
 0.002381  0.030952  0.011905  0.954762 
 0.030952  0.821429  0.002381  0.145238 
 0.869048  0.011905  0.002381  0.116667 
 0.250000  0.059524  0.297619  0.392857 
 0.002381  0.050000  0.002381  0.945238 
 0.002381  0.764286  0.002381  0.230952 
 0.754762  0.021429  0.040476  0.183333 

