MEME version 4

ALPHABET= ACGT

strands: + -

Background letter frequencies
A 0.250000 C 0.250000 G 0.250000 T 0.250000

MOTIF M07621_2.00 ZNF30 
letter-probability matrix: alength= 4 w= 15 nsites= 100 E= 0
 0.001645  0.988487  0.008224  0.001645 
 0.771382  0.172697  0.054276  0.001645 
 0.008224  0.014803  0.955592  0.021382 
 0.001645  0.975329  0.001645  0.021382 
 0.021382  0.935855  0.014803  0.027960 
 0.067434  0.041118  0.889803  0.001645 
 0.001645  0.995066  0.001645  0.001645 
 0.001645  0.975329  0.021382  0.001645 
 0.001645  0.856908  0.106908  0.034540 
 0.014803  0.942434  0.027960  0.014803 
 0.093750  0.120066  0.758224  0.027960 
 0.008224  0.060855  0.172697  0.758224 
 0.001645  0.988487  0.008224  0.001645 
 0.001645  0.909539  0.001645  0.087171 
 0.034540  0.100329  0.856908  0.008224 

