MEME version 4

ALPHABET= ACGT

strands: + -

Background letter frequencies
A 0.250000 C 0.250000 G 0.250000 T 0.250000

MOTIF M07649_2.00 ZNF619 
letter-probability matrix: alength= 4 w= 23 nsites= 100 E= 0
 0.000000  0.730769  0.192308  0.076923 
 0.076923  0.538462  0.269231  0.115385 
 0.153846  0.461538  0.192308  0.192308 
 0.038462  0.384615  0.384615  0.192308 
 0.076923  0.730769  0.153846  0.038462 
 0.076923  0.769231  0.076923  0.076923 
 0.000000  1.000000  0.000000  0.000000 
 0.038462  0.884615  0.000000  0.076923 
 0.115385  0.461538  0.153846  0.269231 
 0.230769  0.576923  0.038462  0.153846 
 0.000000  1.000000  0.000000  0.000000 
 0.000000  1.000000  0.000000  0.000000 
 0.115385  0.230769  0.269231  0.384615 
 0.076923  0.615385  0.038462  0.269231 
 0.615385  0.192308  0.000000  0.192308 
 0.000000  0.000000  1.000000  0.000000 
 0.000000  0.076923  0.923077  0.000000 
 1.000000  0.000000  0.000000  0.000000 
 0.923077  0.000000  0.076923  0.000000 
 0.000000  0.192308  0.000000  0.807692 
 0.000000  0.192308  0.538462  0.269231 
 0.076923  0.576923  0.076923  0.269231 
 0.076923  0.538462  0.384615  0.000000 

