MEME version 4

ALPHABET= ACGT

strands: + -

Background letter frequencies
A 0.250000 C 0.250000 G 0.250000 T 0.250000

MOTIF M07691_2.00 ZNF548 
letter-probability matrix: alength= 4 w= 21 nsites= 100 E= 0
 0.019068  0.747881  0.163136  0.069915 
 0.002119  0.993644  0.002119  0.002119 
 0.078390  0.078390  0.078390  0.764831 
 0.027542  0.154661  0.807203  0.010593 
 0.002119  0.993644  0.002119  0.002119 
 0.332627  0.290254  0.112288  0.264831 
 0.154661  0.010593  0.832627  0.002119 
 0.205508  0.510593  0.281780  0.002119 
 0.086864  0.781780  0.002119  0.129237 
 0.459746  0.154661  0.290254  0.095339 
 0.002119  0.866525  0.120763  0.010593 
 0.069915  0.722458  0.010593  0.197034 
 0.036017  0.315678  0.281780  0.366525 
 0.044492  0.298729  0.205508  0.451271 
 0.044492  0.230932  0.620763  0.103814 
 0.307203  0.273305  0.315678  0.103814 
 0.095339  0.493644  0.061441  0.349576 
 0.078390  0.637712  0.112288  0.171610 
 0.044492  0.349576  0.163136  0.442797 
 0.019068  0.273305  0.256356  0.451271 
 0.002119  0.188559  0.739407  0.069915 

