MEME version 4

ALPHABET= ACGT

strands: + -

Background letter frequencies
A 0.250000 C 0.250000 G 0.250000 T 0.250000

MOTIF M07642_2.00 ZNF519 
letter-probability matrix: alength= 4 w= 15 nsites= 100 E= 0
 0.064167  0.667500  0.187500  0.080833 
 0.150833  0.487500  0.264167  0.097500 
 0.104167  0.120833  0.650833  0.124167 
 0.077500  0.800833  0.087500  0.034167 
 0.117500  0.424167  0.254167  0.204167 
 0.034167  0.074167  0.850833  0.040833 
 0.000833  0.997500  0.000833  0.000833 
 0.290833  0.460833  0.077500  0.170833 
 0.027500  0.064167  0.864167  0.044167 
 0.000833  0.997500  0.000833  0.000833 
 0.000833  0.810833  0.004167  0.184167 
 0.024167  0.000833  0.754167  0.220833 
 0.000833  0.997500  0.000833  0.000833 
 0.000833  0.994167  0.004167  0.000833 
 0.010833  0.864167  0.110833  0.014167 

