MEME version 4

ALPHABET= ACGT

strands: + -

Background letter frequencies
A 0.250000 C 0.250000 G 0.250000 T 0.250000

MOTIF M07676_2.00 ZNF267 
letter-probability matrix: alength= 4 w= 21 nsites= 100 E= 0
 0.025000  0.748810  0.139286  0.086905 
 0.201190  0.520238  0.067857  0.210714 
 0.067857  0.205952  0.272619  0.453571 
 0.010714  0.977381  0.001190  0.010714 
 0.029762  0.396429  0.086905  0.486905 
 0.029762  0.358333  0.425000  0.186905 
 0.001190  0.982143  0.001190  0.015476 
 0.596429  0.158333  0.177381  0.067857 
 0.010714  0.810714  0.144048  0.034524 
 0.510714  0.348810  0.029762  0.110714 
 0.144048  0.158333  0.382143  0.315476 
 0.096429  0.091667  0.810714  0.001190 
 0.001190  0.958333  0.039286  0.001190 
 0.010714  0.982143  0.001190  0.005952 
 0.082143  0.225000  0.439286  0.253571 
 0.044048  0.239286  0.386905  0.329762 
 0.148810  0.482143  0.158333  0.210714 
 0.482143  0.110714  0.320238  0.086905 
 0.010714  0.215476  0.629762  0.144048 
 0.053571  0.296429  0.477381  0.172619 
 0.286905  0.282143  0.282143  0.148810 

