MEME version 4

ALPHABET= ACGT

strands: + -

Background letter frequencies
A 0.250000 C 0.250000 G 0.250000 T 0.250000

MOTIF M07678_2.00 ZNF529 
letter-probability matrix: alength= 4 w= 27 nsites= 100 E= 0
 0.000000  0.470588  0.117647  0.411765 
 0.058824  0.470588  0.176471  0.294118 
 0.176471  0.352941  0.176471  0.294118 
 0.000000  0.352941  0.470588  0.176471 
 0.000000  0.470588  0.470588  0.058824 
 0.000000  0.588235  0.117647  0.294118 
 0.176471  0.352941  0.117647  0.352941 
 0.058824  0.823529  0.117647  0.000000 
 0.058824  0.470588  0.117647  0.352941 
 0.117647  0.000000  0.235294  0.647059 
 0.000000  0.823529  0.000000  0.176471 
 0.294118  0.470588  0.235294  0.000000 
 0.000000  0.117647  0.000000  0.882353 
 0.000000  0.705882  0.294118  0.000000 
 0.000000  0.764706  0.000000  0.235294 
 0.117647  0.823529  0.000000  0.058824 
 0.117647  0.470588  0.352941  0.058824 
 0.000000  0.941176  0.058824  0.000000 
 0.176471  0.176471  0.000000  0.647059 
 0.058824  0.294118  0.176471  0.470588 
 0.000000  0.882353  0.117647  0.000000 
 0.058824  0.882353  0.000000  0.058824 
 0.000000  0.941176  0.058824  0.000000 
 0.470588  0.294118  0.058824  0.176471 
 0.176471  0.764706  0.000000  0.058824 
 0.000000  0.588235  0.352941  0.058824 
 0.000000  0.705882  0.117647  0.176471 

