MEME version 4

ALPHABET= ACGT

strands: + -

Background letter frequencies
A 0.250000 C 0.250000 G 0.250000 T 0.250000

MOTIF M07602_2.00 ZNF18 
letter-probability matrix: alength= 4 w= 15 nsites= 100 E= 0
 0.360494  0.012346  0.471605  0.155556 
 0.022222  0.046914  0.930864  0.000000 
 0.012346  0.000000  0.000000  0.987654 
 0.000000  0.000000  1.000000  0.000000 
 0.051852  0.004938  0.177778  0.765432 
 0.000000  0.000000  1.000000  0.000000 
 0.901235  0.024691  0.007407  0.066667 
 0.666667  0.041975  0.276543  0.014815 
 0.004938  0.520988  0.229630  0.244444 
 0.269136  0.244444  0.162963  0.323457 
 0.118519  0.266667  0.486420  0.128395 
 0.130864  0.204938  0.459259  0.204938 
 0.204938  0.269136  0.313580  0.212346 
 0.148148  0.195062  0.432099  0.224691 
 0.180247  0.217284  0.335802  0.266667 

