MEME version 4

ALPHABET= ACGT

strands: + -

Background letter frequencies
A 0.250000 C 0.250000 G 0.250000 T 0.250000

MOTIF M07697_2.00 ZNF79 
letter-probability matrix: alength= 4 w= 18 nsites= 100 E= 0
 0.004496  0.011691  0.011691  0.972122 
 0.000899  0.008094  0.015288  0.975719 
 0.803058  0.101619  0.000899  0.094424 
 0.051259  0.076439  0.828237  0.044065 
 0.745504  0.022482  0.126799  0.105216 
 0.148381  0.180755  0.450540  0.220324 
 0.810252  0.062050  0.044065  0.083633 
 0.044065  0.065647  0.137590  0.752698 
 0.018885  0.072842  0.105216  0.803058 
 0.382194  0.403777  0.047662  0.166367 
 0.490108  0.083633  0.011691  0.414568 
 0.008094  0.213129  0.040468  0.738309 
 0.008094  0.018885  0.022482  0.950540 
 0.022482  0.267086  0.040468  0.669964 
 0.029676  0.605216  0.166367  0.198741 
 0.126799  0.033273  0.008094  0.831835 
 0.044065  0.029676  0.036871  0.889388 
 0.080036  0.112410  0.119604  0.687950 

