MEME version 4

ALPHABET= ACGT

strands: + -

Background letter frequencies
A 0.250000 C 0.250000 G 0.250000 T 0.250000

MOTIF M07619_2.00 ZNF283 
letter-probability matrix: alength= 4 w= 24 nsites= 100 E= 0
 0.323785  0.261285  0.344618  0.070312 
 0.243924  0.052951  0.594618  0.108507 
 0.129340  0.289063  0.539062  0.042535 
 0.077257  0.799479  0.087674  0.035590 
 0.056424  0.875868  0.021701  0.046007 
 0.396701  0.285590  0.212674  0.105035 
 0.257812  0.042535  0.639757  0.059896 
 0.039062  0.296007  0.608507  0.056424 
 0.028646  0.917535  0.025174  0.028646 
 0.271701  0.639757  0.004340  0.084201 
 0.486979  0.233507  0.146701  0.132813 
 0.000868  0.361979  0.608507  0.028646 
 0.605035  0.153646  0.191840  0.049479 
 0.059896  0.407118  0.042535  0.490451 
 0.032118  0.851562  0.098090  0.018229 
 0.632812  0.084201  0.198785  0.084201 
 0.125868  0.143229  0.698785  0.032118 
 0.000868  0.966146  0.032118  0.000868 
 0.160590  0.736979  0.025174  0.077257 
 0.195312  0.219618  0.358507  0.226563 
 0.417535  0.143229  0.382812  0.056424 
 0.115451  0.309896  0.462674  0.111979 
 0.188368  0.542535  0.132812  0.136285 
 0.105035  0.584201  0.223090  0.087674 

