MEME version 4

ALPHABET= ACGT

strands: + -

Background letter frequencies
A 0.250000 C 0.250000 G 0.250000 T 0.250000

MOTIF M07663_2.00 ZNF101 
letter-probability matrix: alength= 4 w= 15 nsites= 100 E= 0
 0.234827  0.061416  0.286850  0.416908 
 0.018064  0.018064  0.876445  0.087428 
 0.685694  0.075867  0.217486  0.020954 
 0.055636  0.515173  0.084538  0.344653 
 0.778179  0.038295  0.133671  0.049855 
 0.000723  0.992052  0.000723  0.006503 
 0.408237  0.015173  0.171243  0.405347 
 0.009393  0.000723  0.986272  0.003613 
 0.003613  0.003613  0.983382  0.009393 
 0.217486  0.000723  0.737717  0.044075 
 0.041185  0.006503  0.942919  0.009393 
 0.000723  0.951590  0.009393  0.038295 
 0.341763  0.483382  0.026734  0.148121 
 0.604769  0.041185  0.220376  0.133671 
 0.015173  0.792630  0.061416  0.130780 

