MEME version 4

ALPHABET= ACGT

strands: + -

Background letter frequencies
A 0.250000 C 0.250000 G 0.250000 T 0.250000

MOTIF M07606_2.00 ZNF714 
letter-probability matrix: alength= 4 w= 12 nsites= 100 E= 0
 0.092630  0.100598  0.622510  0.184263 
 0.275896  0.618526  0.032869  0.072709 
 0.419323  0.172311  0.383466  0.024900 
 0.000996  0.000996  0.554781  0.443227 
 0.000996  0.000996  0.020916  0.977092 
 0.040837  0.224104  0.694223  0.040837 
 0.000996  0.997012  0.000996  0.000996 
 0.000996  0.000996  0.000996  0.997012 
 0.012948  0.000996  0.925299  0.060757 
 0.000996  0.993028  0.000996  0.004980 
 0.000996  0.124502  0.020916  0.853586 
 0.112550  0.427291  0.311753  0.148406 

