MEME version 4

ALPHABET= ACGT

strands: + -

Background letter frequencies
A 0.250000 C 0.250000 G 0.250000 T 0.250000

MOTIF M07759_2.00 ZNF611 
letter-probability matrix: alength= 4 w= 18 nsites= 100 E= 0
 0.067121  0.032101  0.888132  0.012646 
 0.078794  0.028210  0.888132  0.004864 
 0.880350  0.008755  0.102140  0.008755 
 0.000973  0.008755  0.989300  0.000973 
 0.218872  0.650778  0.071012  0.059339 
 0.016537  0.012646  0.919261  0.051556 
 0.028210  0.880350  0.078794  0.012646 
 0.000973  0.907588  0.020428  0.071012 
 0.000973  0.386187  0.226654  0.386187 
 0.156615  0.518482  0.323930  0.000973 
 0.164397  0.316148  0.183852  0.335603 
 0.117704  0.063230  0.751946  0.067121 
 0.207198  0.514591  0.234436  0.043774 
 0.176070  0.592412  0.168288  0.063230 
 0.133268  0.393969  0.343385  0.129377 
 0.144942  0.195525  0.518482  0.141051 
 0.055447  0.425097  0.506809  0.012646 
 0.125486  0.650778  0.129377  0.094358 

