MEME version 4

ALPHABET= ACGT

strands: + -

Background letter frequencies
A 0.250000 C 0.250000 G 0.250000 T 0.250000

MOTIF M07788_2.00 USF2 
letter-probability matrix: alength= 4 w= 13 nsites= 100 E= 0
 0.227642  0.132114  0.514228  0.126016 
 0.126016  0.016260  0.857724  0.000000 
 0.018293  0.018293  0.042683  0.920731 
 0.000000  1.000000  0.000000  0.000000 
 1.000000  0.000000  0.000000  0.000000 
 0.000000  0.963415  0.012195  0.024390 
 0.085366  0.000000  0.914634  0.000000 
 0.006098  0.000000  0.000000  0.993902 
 0.000000  0.000000  1.000000  0.000000 
 0.451220  0.117886  0.373984  0.056911 
 0.046748  0.457317  0.270325  0.225610 
 0.103659  0.451220  0.390244  0.054878 
 0.262195  0.323171  0.321138  0.093496 

