MEME version 4

ALPHABET= ACGT

strands: + -

Background letter frequencies
A 0.250000 C 0.250000 G 0.250000 T 0.250000

MOTIF M07783_2.00 TFAP2C 
letter-probability matrix: alength= 4 w= 15 nsites= 100 E= 0
 0.311159  0.167382  0.233906  0.287554 
 0.012876  0.300429  0.686695  0.000000 
 0.000000  1.000000  0.000000  0.000000 
 0.000000  0.987124  0.000000  0.012876 
 0.045064  0.326180  0.027897  0.600859 
 0.077253  0.452790  0.429185  0.040773 
 0.624463  0.055794  0.289700  0.030043 
 0.111588  0.000000  0.888412  0.000000 
 0.000000  0.000000  1.000000  0.000000 
 0.047210  0.354077  0.572962  0.025751 
 0.126609  0.667382  0.109442  0.096567 
 0.682404  0.100858  0.047210  0.169528 
 0.180258  0.238197  0.259657  0.321888 
 0.238197  0.115880  0.409871  0.236052 
 0.135193  0.255365  0.394850  0.214592 

