MEME version 4

ALPHABET= ACGT

strands: + -

Background letter frequencies
A 0.250000 C 0.250000 G 0.250000 T 0.250000

MOTIF M07736_2.00 ZNF84 
letter-probability matrix: alength= 4 w= 21 nsites= 100 E= 0
 0.038265  0.327381  0.150510  0.483844 
 0.041667  0.153912  0.085884  0.718537 
 0.062075  0.062075  0.426020  0.449830 
 0.004252  0.919218  0.017857  0.058674 
 0.000850  0.840986  0.000850  0.157313 
 0.024660  0.058674  0.157313  0.759354 
 0.092687  0.062075  0.728741  0.116497 
 0.000850  0.014456  0.004252  0.980442 
 0.007653  0.011054  0.130102  0.851190 
 0.004252  0.932823  0.000850  0.062075 
 0.300170  0.378401  0.017857  0.303571 
 0.079082  0.279762  0.126701  0.514456 
 0.198129  0.147109  0.385204  0.269558 
 0.096088  0.528061  0.208333  0.167517 
 0.153912  0.300170  0.170918  0.375000 
 0.167517  0.259354  0.235544  0.337585 
 0.102891  0.368197  0.147109  0.381803 
 0.041667  0.235544  0.028061  0.694728 
 0.045068  0.409014  0.068878  0.477041 
 0.113095  0.334184  0.153912  0.398810 
 0.055272  0.701531  0.038265  0.204932 

