MEME version 4

ALPHABET= ACGT

strands: + -

Background letter frequencies
A 0.250000 C 0.250000 G 0.250000 T 0.250000

MOTIF M07701_2.00 ZNF765 
letter-probability matrix: alength= 4 w= 18 nsites= 100 E= 0
 0.117823  0.567803  0.196711  0.117663 
 0.035228  0.787902  0.072905  0.103966 
 0.035228  0.083266  0.114248  0.767258 
 0.086759  0.255132  0.485325  0.172785 
 0.073006  0.000859  0.890907  0.035228 
 0.000859  0.000859  0.980238  0.018044 
 0.066132  0.846146  0.024889  0.062833 
 0.238004  0.289560  0.069546  0.402890 
 0.488956  0.182929  0.244793  0.083322 
 0.189831  0.255275  0.382218  0.172675 
 0.024917  0.004296  0.963054  0.007733 
 0.138416  0.736223  0.083316  0.042045 
 0.361675  0.440834  0.169136  0.028354 
 0.035228  0.856594  0.093571  0.014607 
 0.231183  0.062666  0.148567  0.557583 
 0.007733  0.000859  0.921839  0.069569 
 0.134869  0.371963  0.392661  0.100506 
 0.028354  0.681176  0.182986  0.107484 

