MEME version 4

ALPHABET= ACGT

strands: + -

Background letter frequencies
A 0.250000 C 0.250000 G 0.250000 T 0.250000

MOTIF M07708_2.00 ZNF136 
letter-probability matrix: alength= 4 w= 27 nsites= 100 E= 0
 0.261677  0.036624  0.416667  0.285032 
 0.045117  0.257431  0.068471  0.628981 
 0.045117  0.079087  0.028132  0.847665 
 0.015393  0.023885  0.015393  0.945329 
 0.004777  0.066348  0.002654  0.926221 
 0.104565  0.017516  0.815817  0.062102 
 0.015393  0.868896  0.028132  0.087580 
 0.021762  0.049363  0.006900  0.921975 
 0.062102  0.004777  0.898620  0.034501 
 0.115180  0.030255  0.832803  0.021762 
 0.537686  0.023885  0.416667  0.021762 
 0.015393  0.113057  0.017516  0.854034 
 0.926221  0.009023  0.049363  0.015393 
 0.074841  0.208599  0.011147  0.705414 
 0.943206  0.004777  0.042994  0.009023 
 0.142781  0.032378  0.811571  0.013270 
 0.423036  0.042994  0.096072  0.437898 
 0.962314  0.013270  0.021762  0.002654 
 0.015393  0.017516  0.015393  0.951699 
 0.011147  0.034501  0.021762  0.932590 
 0.013270  0.875265  0.015393  0.096072 
 0.017516  0.049363  0.017516  0.915605 
 0.151274  0.070595  0.132166  0.645966 
 0.159766  0.004777  0.788217  0.047240 
 0.019639  0.000531  0.970807  0.009023 
 0.062102  0.127919  0.009023  0.800955 
 0.023885  0.028132  0.030255  0.917728 

