MEME version 4

ALPHABET= ACGT

strands: + -

Background letter frequencies
A 0.250000 C 0.250000 G 0.250000 T 0.250000

MOTIF M07742_2.00 ZNF442 
letter-probability matrix: alength= 4 w= 29 nsites= 100 E= 0
 0.971429  0.000000  0.028571  0.000000 
 0.171429  0.771429  0.000000  0.057143 
 0.142857  0.028571  0.057143  0.771429 
 0.028571  0.885714  0.057143  0.028571 
 0.057143  0.057143  0.000000  0.885714 
 0.000000  0.000000  0.000000  1.000000 
 0.000000  0.000000  0.000000  1.000000 
 0.000000  1.000000  0.000000  0.000000 
 0.028571  0.085714  0.000000  0.885714 
 0.000000  0.714286  0.000000  0.285714 
 0.000000  0.028571  0.000000  0.971429 
 0.314286  0.028571  0.657143  0.000000 
 0.000000  0.942857  0.000000  0.057143 
 0.028571  0.028571  0.000000  0.942857 
 0.028571  0.000000  0.971429  0.000000 
 0.000000  0.942857  0.000000  0.057143 
 1.000000  0.000000  0.000000  0.000000 
 0.914286  0.000000  0.085714  0.000000 
 0.028571  0.600000  0.000000  0.371429 
 0.800000  0.000000  0.028571  0.171429 
 0.000000  0.942857  0.000000  0.057143 
 0.028571  0.828571  0.000000  0.142857 
 0.085714  0.057143  0.114286  0.742857 
 0.000000  0.200000  0.714286  0.085714 
 0.000000  0.742857  0.028571  0.228571 
 0.114286  0.028571  0.142857  0.714286 
 0.114286  0.000000  0.657143  0.228571 
 0.000000  0.142857  0.000000  0.857143 
 0.000000  0.371429  0.000000  0.628571 

