MEME version 4

ALPHABET= ACGT

strands: + -

Background letter frequencies
A 0.250000 C 0.250000 G 0.250000 T 0.250000

MOTIF M07762_2.00 ZNF891 
letter-probability matrix: alength= 4 w= 21 nsites= 100 E= 0
 0.231971  0.275240  0.308894  0.183894 
 0.135817  0.453125  0.236779  0.174279 
 0.275240  0.284856  0.246394  0.193510 
 0.102163  0.198317  0.558894  0.140625 
 0.169471  0.433894  0.179087  0.217548 
 0.131010  0.265625  0.308894  0.294471 
 0.207933  0.515625  0.150240  0.126202 
 0.304087  0.256010  0.299279  0.140625 
 0.097356  0.481971  0.289663  0.131010 
 0.381010  0.260817  0.203125  0.155048 
 0.222356  0.015625  0.731971  0.030048 
 0.150240  0.102163  0.631010  0.116587 
 0.010817  0.895433  0.015625  0.078125 
 0.198317  0.044471  0.097356  0.659856 
 0.001202  0.111779  0.203125  0.683894 
 0.010817  0.818510  0.155048  0.015625 
 0.006010  0.462740  0.015625  0.515625 
 0.953125  0.001202  0.030048  0.015625 
 0.001202  0.006010  0.991587  0.001202 
 0.020433  0.933894  0.020433  0.025240 
 0.049279  0.871394  0.030048  0.049279 

