MEME version 4

ALPHABET= ACGT

strands: + -

Background letter frequencies
A 0.250000 C 0.250000 G 0.250000 T 0.250000

MOTIF M07794_2.00 MAX 
letter-probability matrix: alength= 4 w= 13 nsites= 100 E= 0
 0.246220  0.209503  0.401728  0.142549 
 0.300216  0.116631  0.496760  0.086393 
 0.354212  0.053996  0.589632  0.002160 
 0.088553  0.228942  0.172786  0.509719 
 0.000000  1.000000  0.000000  0.000000 
 1.000000  0.000000  0.000000  0.000000 
 0.000000  1.000000  0.000000  0.000000 
 0.041037  0.000000  0.958963  0.000000 
 0.000000  0.000000  0.000000  1.000000 
 0.000000  0.000000  1.000000  0.000000 
 0.183585  0.203024  0.533477  0.079914 
 0.133909  0.336933  0.319654  0.209503 
 0.095032  0.425486  0.377970  0.101512 

