MEME version 4

ALPHABET= ACGT

strands: + -

Background letter frequencies
A 0.250000 C 0.250000 G 0.250000 T 0.250000

MOTIF M07726_2.00 ZNF433 
letter-probability matrix: alength= 4 w= 15 nsites= 100 E= 0
 0.982781  0.000638  0.008291  0.008291 
 0.000638  0.980230  0.008291  0.010842 
 0.013393  0.408801  0.000638  0.577168 
 0.640944  0.041454  0.286352  0.031250 
 0.115434  0.434311  0.339923  0.110332 
 0.194515  0.033801  0.054209  0.717474 
 0.143495  0.000638  0.822066  0.033801 
 0.031250  0.255740  0.031250  0.681760 
 0.419005  0.000638  0.559311  0.021046 
 0.390944  0.003189  0.592474  0.013393 
 0.008291  0.000638  0.003189  0.987883 
 0.544005  0.347577  0.026148  0.082270 
 0.852679  0.028699  0.087372  0.031250 
 0.003189  0.304209  0.000638  0.691964 
 0.000638  0.161352  0.005740  0.832270 

