MEME version 4

ALPHABET= ACGT

strands: + -

Background letter frequencies
A 0.250000 C 0.250000 G 0.250000 T 0.250000

MOTIF M07718_2.00 ZNF682 
letter-probability matrix: alength= 4 w= 21 nsites= 100 E= 0
 0.258464  0.362630  0.268880  0.110026 
 0.302734  0.323568  0.261068  0.112630 
 0.125651  0.586589  0.195964  0.091797 
 0.133464  0.602214  0.143880  0.120443 
 0.138672  0.581380  0.133464  0.146484 
 0.172526  0.388672  0.136068  0.302734 
 0.146484  0.513672  0.167318  0.172526 
 0.169922  0.391276  0.310547  0.128255 
 0.232422  0.485026  0.182943  0.099609 
 0.315755  0.193359  0.328776  0.162109 
 0.070963  0.073568  0.794922  0.060547 
 0.276693  0.055338  0.633464  0.034505 
 0.188151  0.550130  0.146484  0.115234 
 0.151693  0.425130  0.182943  0.240234 
 0.612630  0.318359  0.060547  0.008464 
 0.953776  0.024088  0.016276  0.005859 
 0.000651  0.005859  0.990234  0.003255 
 0.003255  0.964193  0.024088  0.008464 
 0.000651  0.985026  0.000651  0.013672 
 0.005859  0.987630  0.000651  0.005859 
 0.190755  0.521484  0.083984  0.203776 

