MEME version 4

ALPHABET= ACGT

strands: + -

Background letter frequencies
A 0.250000 C 0.250000 G 0.250000 T 0.250000

MOTIF M07753_2.00 ZNF805 
letter-probability matrix: alength= 4 w= 18 nsites= 100 E= 0
 0.123984  0.091463  0.367886  0.416667 
 0.140244  0.034553  0.774390  0.050813 
 0.026423  0.432927  0.180894  0.359756 
 0.376016  0.083333  0.319106  0.221545 
 0.018293  0.075203  0.205285  0.701220 
 0.099594  0.132114  0.205285  0.563008 
 0.010163  0.571138  0.189024  0.229675 
 0.115854  0.619919  0.140244  0.123984 
 0.026423  0.018293  0.205285  0.750000 
 0.042683  0.026423  0.254065  0.676829 
 0.018293  0.010163  0.790650  0.180894 
 0.002033  0.002033  0.993902  0.002033 
 0.042683  0.611789  0.042683  0.302846 
 0.026423  0.042683  0.286585  0.644309 
 0.026423  0.123984  0.058943  0.790650 
 0.050813  0.099594  0.839431  0.010163 
 0.010163  0.091463  0.042683  0.855691 
 0.083333  0.002033  0.880081  0.034553 

