MEME version 4

ALPHABET= ACGT

strands: + -

Background letter frequencies
A 0.250000 C 0.250000 G 0.250000 T 0.250000

MOTIF M07887_2.00 CTCF 
letter-probability matrix: alength= 4 w= 18 nsites= 100 E= 0
 0.379098  0.067623  0.440574  0.112705 
 0.038934  0.356557  0.543034  0.061475 
 0.020492  0.569672  0.012295  0.397541 
 0.075820  0.018443  0.793032  0.112705 
 0.061475  0.805328  0.045082  0.088115 
 0.006148  0.981557  0.000000  0.012295 
 0.340164  0.608606  0.018443  0.032787 
 0.006148  0.563524  0.006148  0.424180 
 0.004098  0.995902  0.000000  0.000000 
 0.030738  0.053279  0.020492  0.895491 
 0.293033  0.057377  0.487705  0.161885 
 0.010246  0.317623  0.635246  0.036885 
 0.081967  0.155738  0.014344  0.747951 
 0.000000  0.000000  0.997951  0.002049 
 0.059426  0.045082  0.836066  0.059426 
 0.135246  0.616803  0.057377  0.190574 
 0.202869  0.467213  0.186475  0.143443 
 0.442623  0.131148  0.360656  0.065574 

