MEME version 4

ALPHABET= ACGT

strands: + -

Background letter frequencies
A 0.250000 C 0.250000 G 0.250000 T 0.250000

MOTIF M07818_2.00 JUND 
letter-probability matrix: alength= 4 w= 15 nsites= 100 E= 0
 0.117647  0.269777  0.281947  0.330629 
 0.168357  0.058824  0.584178  0.188641 
 0.667343  0.056795  0.275862  0.000000 
 0.000000  0.000000  0.000000  1.000000 
 0.002028  0.008114  0.989858  0.000000 
 0.985802  0.000000  0.002028  0.012170 
 0.000000  0.900609  0.077079  0.022312 
 0.050710  0.008114  0.482759  0.458418 
 0.006085  0.456389  0.000000  0.537526 
 0.486815  0.498986  0.004057  0.010142 
 0.545639  0.152130  0.010142  0.292089 
 0.056795  0.427992  0.150101  0.365112 
 0.131846  0.490872  0.135903  0.241379 
 0.156187  0.330629  0.131846  0.381339 
 0.146045  0.330629  0.146045  0.377282 

