MEME version 4

ALPHABET= ACGT

strands: + -

Background letter frequencies
A 0.250000 C 0.250000 G 0.250000 T 0.250000

MOTIF M07859_2.00 YY1 
letter-probability matrix: alength= 4 w= 15 nsites= 100 E= 0
 0.111354  0.220524  0.576419  0.091703 
 0.117904  0.408297  0.327511  0.146288 
 0.128821  0.388646  0.375546  0.106987 
 0.061135  0.043668  0.818778  0.076419 
 0.041485  0.775109  0.102620  0.080786 
 0.111354  0.676856  0.183406  0.028384 
 0.017467  0.000000  0.967249  0.015284 
 0.004367  0.995633  0.000000  0.000000 
 0.000000  1.000000  0.000000  0.000000 
 0.991267  0.006550  0.002183  0.000000 
 0.000000  0.000000  0.000000  1.000000 
 0.017467  0.561136  0.216157  0.205240 
 0.056769  0.030568  0.032751  0.879912 
 0.006550  0.069869  0.002183  0.921398 
 0.113537  0.080786  0.624454  0.181223 

