MEME version 4

ALPHABET= ACGT

strands: + -

Background letter frequencies
A 0.250000 C 0.250000 G 0.250000 T 0.250000

MOTIF M07812_2.00 FOSL2 
letter-probability matrix: alength= 4 w= 14 nsites= 100 E= 0
 0.246316  0.107368  0.370526  0.275789 
 0.391579  0.151579  0.454737  0.002105 
 0.000000  0.000000  0.000000  1.000000 
 0.000000  0.000000  0.995789  0.004211 
 1.000000  0.000000  0.000000  0.000000 
 0.002105  0.494737  0.461053  0.042105 
 0.000000  0.000000  0.002105  0.997895 
 0.010526  0.989474  0.000000  0.000000 
 0.997895  0.000000  0.002105  0.000000 
 0.025263  0.273684  0.107368  0.593685 
 0.044211  0.515789  0.212632  0.227368 
 0.130526  0.604211  0.073684  0.191579 
 0.216842  0.229474  0.136842  0.416842 
 0.092632  0.320000  0.326316  0.261053 

