MEME version 4

ALPHABET= ACGT

strands: + -

Background letter frequencies
A 0.250000 C 0.250000 G 0.250000 T 0.250000

MOTIF M07847_2.00 REST 
letter-probability matrix: alength= 4 w= 15 nsites= 100 E= 0
 0.087805  0.063415  0.756097  0.092683 
 0.000000  0.982927  0.002439  0.014634 
 0.000000  0.000000  0.000000  1.000000 
 0.036585  0.114634  0.848781  0.000000 
 0.014634  0.002439  0.043902  0.939025 
 0.000000  0.992683  0.000000  0.007317 
 0.000000  0.992683  0.000000  0.007317 
 0.514634  0.070732  0.302439  0.112195 
 0.173171  0.139024  0.090244  0.597561 
 0.036585  0.007317  0.943903  0.012195 
 0.000000  0.000000  1.000000  0.000000 
 0.007317  0.000000  0.000000  0.992683 
 0.078049  0.143902  0.726829  0.051220 
 0.002439  0.982927  0.000000  0.014634 
 0.000000  0.014634  0.000000  0.985366 

