MEME version 4

ALPHABET= ACGT

strands: + -

Background letter frequencies
A 0.250000 C 0.250000 G 0.250000 T 0.250000

MOTIF M07896_2.00 CTCF 
letter-probability matrix: alength= 4 w= 15 nsites= 100 E= 0
 0.435223  0.097166  0.352227  0.115385 
 0.056680  0.295547  0.580971  0.066802 
 0.030364  0.580972  0.016194  0.372470 
 0.056680  0.010121  0.856276  0.076923 
 0.062753  0.892713  0.014170  0.030364 
 0.008097  0.983806  0.002024  0.006073 
 0.352227  0.605263  0.012146  0.030364 
 0.000000  0.601215  0.000000  0.398785 
 0.000000  1.000000  0.000000  0.000000 
 0.022267  0.050607  0.016194  0.910932 
 0.251012  0.074899  0.552632  0.121457 
 0.018219  0.350202  0.601215  0.030364 
 0.117409  0.176113  0.022267  0.684211 
 0.000000  0.000000  1.000000  0.000000 
 0.060729  0.062753  0.783401  0.093117 

