MEME version 4

ALPHABET= ACGT

strands: + -

Background letter frequencies
A 0.250000 C 0.250000 G 0.250000 T 0.250000

MOTIF M07883_2.00 CTCF 
letter-probability matrix: alength= 4 w= 17 nsites= 100 E= 0
 0.026915  0.291925  0.302277  0.378882 
 0.329193  0.120083  0.453416  0.097308 
 0.037267  0.316770  0.577640  0.068323 
 0.022774  0.631470  0.004141  0.341615 
 0.070393  0.022774  0.842651  0.064182 
 0.055901  0.755693  0.047619  0.140787 
 0.000000  0.987577  0.004141  0.008282 
 0.308489  0.608695  0.051760  0.031056 
 0.014493  0.573498  0.008282  0.403727 
 0.000000  1.000000  0.000000  0.000000 
 0.018634  0.047619  0.014493  0.919254 
 0.281573  0.060041  0.567289  0.091097 
 0.004141  0.304348  0.664596  0.026915 
 0.068323  0.175983  0.022774  0.732920 
 0.000000  0.000000  1.000000  0.000000 
 0.039337  0.024845  0.869565  0.066253 
 0.105590  0.604555  0.060041  0.229814 

