MEME version 4

ALPHABET= ACGT

strands: + -

Background letter frequencies
A 0.250000 C 0.250000 G 0.250000 T 0.250000

MOTIF M07821_2.00 BATF 
letter-probability matrix: alength= 4 w= 15 nsites= 100 E= 0
 0.178000  0.098000  0.014000  0.710000 
 0.038000  0.194000  0.612000  0.156000 
 0.964000  0.000000  0.008000  0.028000 
 0.030000  0.358000  0.554000  0.058000 
 0.024000  0.008000  0.000000  0.968000 
 0.068000  0.902000  0.030000  0.000000 
 1.000000  0.000000  0.000000  0.000000 
 0.236000  0.030000  0.122000  0.612000 
 0.576000  0.088000  0.010000  0.326000 
 0.312000  0.178000  0.128000  0.382000 
 0.122000  0.474000  0.106000  0.298000 
 0.258000  0.118000  0.444000  0.180000 
 0.500000  0.078000  0.302000  0.120000 
 0.388000  0.064000  0.426000  0.122000 
 0.820000  0.122000  0.024000  0.034000 

