MEME version 4

ALPHABET= ACGT

strands: + -

Background letter frequencies
A 0.250000 C 0.250000 G 0.250000 T 0.250000

MOTIF M07844_2.00 ZNF263 
letter-probability matrix: alength= 4 w= 15 nsites= 100 E= 0
 0.125843  0.573034  0.132584  0.168539 
 0.085393  0.582022  0.125843  0.206742 
 0.121348  0.323596  0.103371  0.451685 
 0.089888  0.644943  0.170787  0.094382 
 0.150562  0.294382  0.175281  0.379775 
 0.040449  0.456180  0.193258  0.310112 
 0.195506  0.595505  0.123596  0.085393 
 0.035955  0.552809  0.312360  0.098876 
 0.013483  0.062921  0.000000  0.923596 
 0.002247  0.786517  0.193258  0.017978 
 0.022472  0.973034  0.000000  0.004494 
 0.000000  0.000000  0.000000  1.000000 
 0.000000  0.955056  0.006742  0.038202 
 0.017978  0.955055  0.006742  0.020225 
 0.069663  0.696629  0.017978  0.215730 

