MEME version 4

ALPHABET= ACGT

strands: + -

Background letter frequencies
A 0.250000 C 0.250000 G 0.250000 T 0.250000

MOTIF M07849_2.00 REST 
letter-probability matrix: alength= 4 w= 15 nsites= 100 E= 0
 0.016588  0.016588  0.016588  0.950236 
 0.023697  0.109005  0.860189  0.007109 
 0.033175  0.016588  0.068720  0.881517 
 0.000000  0.988152  0.000000  0.011848 
 0.002370  0.978673  0.000000  0.018957 
 0.424171  0.106635  0.379147  0.090047 
 0.161137  0.180095  0.109005  0.549763 
 0.018957  0.009479  0.966825  0.004739 
 0.000000  0.000000  1.000000  0.000000 
 0.009479  0.002370  0.000000  0.988151 
 0.049763  0.137441  0.755924  0.056872 
 0.000000  0.992891  0.000000  0.007109 
 0.004739  0.021327  0.000000  0.973934 
 0.030806  0.016588  0.950236  0.002370 
 0.800948  0.073460  0.118483  0.007109 

