MEME version 4

ALPHABET= ACGT

strands: + -

Background letter frequencies
A 0.250000 C 0.250000 G 0.250000 T 0.250000

MOTIF M07890_2.00 CTCF 
letter-probability matrix: alength= 4 w= 13 nsites= 100 E= 0
 0.024540  0.537832  0.008180  0.429448 
 0.130879  0.022495  0.736197  0.110429 
 0.053170  0.754601  0.051125  0.141104 
 0.004090  0.983640  0.000000  0.012270 
 0.408998  0.539877  0.028630  0.022495 
 0.006135  0.482618  0.006135  0.505112 
 0.002045  0.995910  0.000000  0.002045 
 0.030675  0.055215  0.022495  0.891615 
 0.368098  0.055215  0.429448  0.147239 
 0.014315  0.300613  0.648262  0.036810 
 0.059305  0.106339  0.020450  0.813906 
 0.002045  0.000000  0.997955  0.000000 
 0.042945  0.049080  0.834355  0.073620 

