MEME version 4

ALPHABET= ACGT

strands: + -

Background letter frequencies
A 0.250000 C 0.250000 G 0.250000 T 0.250000

MOTIF M07979_2.00 MEF2A 
letter-probability matrix: alength= 4 w= 15 nsites= 100 E= 0
 0.310573  0.154185  0.306167  0.229075 
 0.310573  0.105727  0.270925  0.312775 
 0.160793  0.101322  0.385463  0.352423 
 0.149780  0.640969  0.057269  0.151982 
 0.000000  0.506608  0.000000  0.493392 
 0.711454  0.129956  0.024229  0.134361 
 0.704846  0.019824  0.114537  0.160793 
 0.938326  0.000000  0.044053  0.017621 
 0.905286  0.004405  0.002203  0.088106 
 0.925110  0.000000  0.000000  0.074890 
 0.033040  0.000000  0.000000  0.966960 
 0.958150  0.000000  0.041850  0.000000 
 0.209251  0.052863  0.702644  0.035242 
 0.416300  0.354626  0.090308  0.138767 
 0.387665  0.262115  0.070485  0.279736 

