MEME version 4

ALPHABET= ACGT

strands: + -

Background letter frequencies
A 0.250000 C 0.250000 G 0.250000 T 0.250000

MOTIF M07996_2.00 PAX5 
letter-probability matrix: alength= 4 w= 15 nsites= 100 E= 0
 0.000000  0.230530  0.479751  0.289720 
 0.000000  0.922118  0.000000  0.077882 
 0.847351  0.031153  0.068536  0.052960 
 0.105919  0.171340  0.613707  0.109034 
 0.031153  0.601246  0.127726  0.239875 
 0.146417  0.454829  0.361371  0.037383 
 0.570094  0.024922  0.404984  0.000000 
 0.529595  0.037383  0.208723  0.224299 
 0.000000  0.283489  0.716511  0.000000 
 0.031153  0.769470  0.021807  0.177570 
 0.295950  0.021807  0.647975  0.034268 
 0.090343  0.012461  0.190031  0.707165 
 0.252336  0.021807  0.725857  0.000000 
 0.688473  0.056075  0.165109  0.090343 
 0.165109  0.763240  0.059190  0.012461 

