MEME version 4

ALPHABET= ACGT

strands: + -

Background letter frequencies
A 0.250000 C 0.250000 G 0.250000 T 0.250000

MOTIF M07937_2.00 ZBTB7A 
letter-probability matrix: alength= 4 w= 15 nsites= 100 E= 0
 0.052000  0.616000  0.238000  0.094000 
 0.192000  0.370000  0.264000  0.174000 
 0.174000  0.274000  0.498000  0.054000 
 0.410000  0.336000  0.212000  0.042000 
 0.020000  0.000000  0.960000  0.020000 
 0.566000  0.434000  0.000000  0.000000 
 0.000000  0.988000  0.000000  0.012000 
 0.004000  0.992000  0.000000  0.004000 
 0.050000  0.924000  0.000000  0.026000 
 0.000000  0.658000  0.004000  0.338000 
 0.130000  0.370000  0.130000  0.370000 
 0.142000  0.364000  0.366000  0.128000 
 0.082000  0.578000  0.202000  0.138000 
 0.064000  0.558000  0.230000  0.148000 
 0.108000  0.524000  0.242000  0.126000 

