MEME version 4

ALPHABET= ACGT

strands: + -

Background letter frequencies
A 0.250000 C 0.250000 G 0.250000 T 0.250000

MOTIF M07975_2.00 POU2F2 
letter-probability matrix: alength= 4 w= 13 nsites= 100 E= 0
 0.441799  0.129630  0.177249  0.251323 
 0.132275  0.238095  0.042328  0.587302 
 1.000000  0.000000  0.000000  0.000000 
 0.000000  0.002646  0.010582  0.986772 
 0.002646  0.000000  0.965608  0.031746 
 0.000000  0.931217  0.000000  0.068783 
 0.968254  0.000000  0.000000  0.031746 
 0.838624  0.000000  0.042328  0.119048 
 0.989418  0.000000  0.010582  0.000000 
 0.092593  0.079365  0.095238  0.732804 
 0.211640  0.214286  0.333333  0.240741 
 0.391534  0.227513  0.164021  0.216931 
 0.253968  0.195767  0.396825  0.153439 

