MEME version 4

ALPHABET= ACGT

strands: + -

Background letter frequencies
A 0.250000 C 0.250000 G 0.250000 T 0.250000

MOTIF M07956_2.00 GABPA 
letter-probability matrix: alength= 4 w= 13 nsites= 100 E= 0
 0.128692  0.299578  0.453586  0.118143 
 0.160338  0.276371  0.493671  0.069620 
 0.314346  0.310127  0.255274  0.120253 
 0.419831  0.156118  0.392405  0.031646 
 0.054852  0.789030  0.156118  0.000000 
 0.082278  0.917722  0.000000  0.000000 
 0.008439  0.000000  0.991561  0.000000 
 0.004219  0.000000  0.995781  0.000000 
 1.000000  0.000000  0.000000  0.000000 
 1.000000  0.000000  0.000000  0.000000 
 0.088608  0.014768  0.896624  0.000000 
 0.033755  0.181435  0.056962  0.727848 
 0.132911  0.170886  0.548524  0.147679 

