MEME version 4

ALPHABET= ACGT

strands: + -

Background letter frequencies
A 0.250000 C 0.250000 G 0.250000 T 0.250000

MOTIF M07988_2.00 ESRRA 
letter-probability matrix: alength= 4 w= 15 nsites= 100 E= 0
 0.549738  0.068063  0.324607  0.057592 
 0.078534  0.000000  0.821990  0.099476 
 0.039267  0.000000  0.952880  0.007853 
 0.057592  0.068063  0.206806  0.667539 
 0.000000  0.850785  0.065445  0.083770 
 0.790575  0.018325  0.120419  0.070681 
 0.115183  0.494764  0.282723  0.107330 
 0.463351  0.536649  0.000000  0.000000 
 0.295812  0.253927  0.298429  0.151832 
 0.117801  0.117801  0.028796  0.735602 
 0.065445  0.020942  0.913613  0.000000 
 0.628273  0.243455  0.054974  0.073298 
 0.031414  0.879581  0.013089  0.075916 
 0.075916  0.845550  0.000000  0.078534 
 0.073298  0.350785  0.039267  0.536650 

