MEME version 4

ALPHABET= ACGT

strands: + -

Background letter frequencies
A 0.250000 C 0.250000 G 0.250000 T 0.250000

MOTIF M07977_2.00 HSF1 
letter-probability matrix: alength= 4 w= 18 nsites= 100 E= 0
 0.142132  0.055838  0.796954  0.005076 
 0.162437  0.055838  0.172589  0.609136 
 0.010152  0.802031  0.005076  0.182741 
 0.005076  0.598985  0.390863  0.005076 
 0.106599  0.538071  0.055838  0.299492 
 0.030457  0.086294  0.766498  0.116751 
 0.106599  0.000000  0.873096  0.020305 
 0.000000  0.005076  0.994924  0.000000 
 0.055838  0.000000  0.005076  0.939086 
 0.000000  0.000000  0.000000  1.000000 
 0.000000  0.989848  0.000000  0.010152 
 0.299492  0.000000  0.700508  0.000000 
 1.000000  0.000000  0.000000  0.000000 
 0.426396  0.055838  0.203046  0.314721 
 0.091371  0.279188  0.010152  0.619289 
 0.000000  0.994924  0.000000  0.005076 
 0.020305  0.868020  0.005076  0.106599 
 0.071066  0.771573  0.126904  0.030457 

