MEME version 4

ALPHABET= ACGT

strands: + -

Background letter frequencies
A 0.250000 C 0.250000 G 0.250000 T 0.250000

MOTIF M07919_2.00 CTCF 
letter-probability matrix: alength= 4 w= 15 nsites= 100 E= 0
 0.401674  0.085774  0.395397  0.117155 
 0.031381  0.338912  0.573222  0.056485 
 0.002092  0.596235  0.012552  0.389121 
 0.085774  0.016736  0.824268  0.073222 
 0.048117  0.809624  0.048117  0.094142 
 0.000000  0.989540  0.000000  0.010460 
 0.349372  0.575314  0.037657  0.037657 
 0.006276  0.562762  0.006276  0.424686 
 0.000000  1.000000  0.000000  0.000000 
 0.029289  0.056485  0.023013  0.891213 
 0.322176  0.060669  0.504184  0.112971 
 0.012552  0.328452  0.621339  0.037657 
 0.081590  0.184100  0.020921  0.713389 
 0.002092  0.000000  0.997908  0.000000 
 0.052301  0.046025  0.828452  0.073222 

