MEME version 4

ALPHABET= ACGT

strands: + -

Background letter frequencies
A 0.250000 C 0.250000 G 0.250000 T 0.250000

MOTIF M07904_2.00 CTCF 
letter-probability matrix: alength= 4 w= 15 nsites= 100 E= 0
 0.047619  0.339545  0.538302  0.074534 
 0.022774  0.619048  0.010352  0.347826 
 0.084886  0.012422  0.811595  0.091097 
 0.033126  0.795031  0.045549  0.126294 
 0.002070  0.989648  0.004141  0.004141 
 0.310559  0.633540  0.026915  0.028986 
 0.006211  0.546584  0.004141  0.443064 
 0.000000  1.000000  0.000000  0.000000 
 0.020704  0.045549  0.012422  0.921325 
 0.289855  0.066253  0.527950  0.115942 
 0.004141  0.320911  0.643892  0.031056 
 0.068323  0.175983  0.016563  0.739131 
 0.000000  0.000000  1.000000  0.000000 
 0.043478  0.037267  0.857143  0.062112 
 0.134576  0.604554  0.057971  0.202899 

