MEME version 4

ALPHABET= ACGT

strands: + -

Background letter frequencies
A 0.250000 C 0.250000 G 0.250000 T 0.250000

MOTIF M07934_2.00 ZNF274 
letter-probability matrix: alength= 4 w= 15 nsites= 100 E= 0
 0.057034  0.007605  0.923954  0.011407 
 0.034221  0.007605  0.958174  0.000000 
 0.000000  0.171103  0.011407  0.817490 
 0.000000  0.083650  0.007605  0.908745 
 0.000000  0.015209  0.011407  0.973384 
 0.022814  0.695817  0.022814  0.258555 
 0.011407  0.011407  0.007605  0.969581 
 0.000000  0.954373  0.015209  0.030418 
 0.163498  0.087452  0.019011  0.730039 
 0.022814  0.912548  0.019011  0.045627 
 0.007605  0.961977  0.003802  0.026616 
 0.768060  0.015209  0.034221  0.182510 
 0.007605  0.030418  0.958175  0.003802 
 0.019011  0.022814  0.003802  0.954373 
 0.692015  0.003802  0.304183  0.000000 

