MEME version 4

ALPHABET= ACGT

strands: + -

Background letter frequencies
A 0.250000 C 0.250000 G 0.250000 T 0.250000

MOTIF M07944_2.00 SPI1 
letter-probability matrix: alength= 4 w= 19 nsites= 100 E= 0
 0.347561  0.211382  0.274390  0.166667 
 0.504065  0.083333  0.304878  0.107724 
 0.727643  0.042683  0.083333  0.146341 
 0.735773  0.028455  0.121951  0.113821 
 0.674797  0.008130  0.081301  0.235772 
 0.113821  0.048780  0.823171  0.014228 
 0.636179  0.073171  0.290650  0.000000 
 0.087398  0.000000  0.912602  0.000000 
 0.002033  0.000000  0.997967  0.000000 
 1.000000  0.000000  0.000000  0.000000 
 0.987804  0.002033  0.000000  0.010163 
 0.020325  0.325203  0.654472  0.000000 
 0.026423  0.000000  0.004065  0.969512 
 0.004065  0.018293  0.977642  0.000000 
 0.689024  0.069106  0.217480  0.024390 
 0.514228  0.073171  0.313008  0.099593 
 0.729675  0.105691  0.083333  0.081301 
 0.231707  0.367886  0.268293  0.132114 
 0.245935  0.274390  0.142276  0.337398 

