MEME version 4

ALPHABET= ACGT

strands: + -

Background letter frequencies
A 0.250000 C 0.250000 G 0.250000 T 0.250000

MOTIF M07903_2.00 CTCF 
letter-probability matrix: alength= 4 w= 13 nsites= 100 E= 0
 0.028630  0.554192  0.014315  0.402863 
 0.122699  0.024540  0.723927  0.128834 
 0.055215  0.742331  0.053170  0.149284 
 0.000000  0.993865  0.000000  0.006135 
 0.402863  0.548057  0.026585  0.022495 
 0.008180  0.496933  0.014315  0.480573 
 0.000000  0.993865  0.000000  0.006135 
 0.032720  0.038855  0.020450  0.907975 
 0.355828  0.057260  0.435583  0.151329 
 0.014315  0.300613  0.638037  0.047035 
 0.053170  0.106339  0.006135  0.834356 
 0.000000  0.000000  1.000000  0.000000 
 0.040900  0.028630  0.844580  0.085890 

