MEME version 4

ALPHABET= ACGT

strands: + -

Background letter frequencies
A 0.250000 C 0.250000 G 0.250000 T 0.250000

MOTIF M07960_2.00 FOXA1 
letter-probability matrix: alength= 4 w= 15 nsites= 100 E= 0
 0.174636  0.313929  0.280665  0.230769 
 0.286902  0.313929  0.243243  0.155925 
 0.103950  0.573805  0.122661  0.199584 
 0.432432  0.018711  0.010395  0.538462 
 0.503119  0.085239  0.359667  0.051975 
 0.494802  0.000000  0.149688  0.355509 
 0.133056  0.008316  0.848233  0.010395 
 0.002079  0.268191  0.000000  0.729730 
 0.896050  0.103950  0.000000  0.000000 
 0.956341  0.043659  0.000000  0.000000 
 0.993763  0.000000  0.002079  0.004158 
 0.000000  0.783784  0.002079  0.214137 
 0.977131  0.004158  0.008316  0.010395 
 0.380457  0.195426  0.241164  0.182952 
 0.336798  0.220374  0.295218  0.147609 

