MEME version 4

ALPHABET= ACGT

strands: + -

Background letter frequencies
A 0.250000 C 0.250000 G 0.250000 T 0.250000

MOTIF M08013_2.00 STAT1 
letter-probability matrix: alength= 4 w= 21 nsites= 100 E= 0
 0.214953  0.373832  0.182243  0.228972 
 0.063084  0.469626  0.165888  0.301402 
 0.109813  0.584112  0.151869  0.154206 
 0.401869  0.264019  0.182243  0.151869 
 0.116822  0.212617  0.130841  0.539720 
 0.014019  0.000000  0.000000  0.985981 
 0.000000  0.000000  0.014019  0.985981 
 0.065421  0.922897  0.000000  0.011682 
 0.007009  0.871496  0.000000  0.121495 
 0.186916  0.387850  0.119159  0.306075 
 0.310748  0.018692  0.642523  0.028037 
 0.014019  0.016355  0.859813  0.109813 
 0.918224  0.077103  0.004673  0.000000 
 1.000000  0.000000  0.000000  0.000000 
 0.483645  0.121495  0.266355  0.128505 
 0.228972  0.301402  0.130841  0.338785 
 0.130841  0.521029  0.257009  0.091121 
 0.275701  0.313084  0.102804  0.308411 
 0.128505  0.492991  0.177570  0.200935 
 0.301402  0.273364  0.252336  0.172897 
 0.149533  0.233645  0.250000  0.366822 

