MEME version 4

ALPHABET= ACGT

strands: + -

Background letter frequencies
A 0.250000 C 0.250000 G 0.250000 T 0.250000

MOTIF M08035_2.00 TP73 
letter-probability matrix: alength= 4 w= 15 nsites= 100 E= 0
 0.564103  0.000000  0.350427  0.085470 
 0.000000  0.948718  0.051282  0.000000 
 0.837607  0.059829  0.051282  0.051282 
 0.333333  0.008547  0.213675  0.444444 
 0.000000  0.025641  0.957265  0.017094 
 0.042735  0.598291  0.025641  0.333333 
 0.170940  0.461538  0.017094  0.350427 
 0.076923  0.615385  0.264957  0.042735 
 0.512821  0.000000  0.179487  0.307692 
 0.136752  0.025641  0.837607  0.000000 
 0.555556  0.000000  0.401709  0.042735 
 0.034188  0.957265  0.008547  0.000000 
 0.632479  0.094017  0.000000  0.273504 
 0.145299  0.111111  0.222222  0.521368 
 0.111111  0.034188  0.854701  0.000000 

