MEME version 4

ALPHABET= ACGT

strands: + -

Background letter frequencies
A 0.250000 C 0.250000 G 0.250000 T 0.250000

MOTIF M08199_2.00 FOXA1 
letter-probability matrix: alength= 4 w= 13 nsites= 100 E= 0
 0.108247  0.561856  0.139175  0.190722 
 0.402062  0.005155  0.010309  0.582474 
 0.515464  0.077320  0.371134  0.036082 
 0.525773  0.000000  0.175258  0.298969 
 0.108247  0.010309  0.876289  0.005155 
 0.000000  0.242268  0.005155  0.752577 
 0.896907  0.092784  0.010309  0.000000 
 0.969072  0.025773  0.005155  0.000000 
 0.979381  0.000000  0.015464  0.005155 
 0.000000  0.773196  0.010309  0.216495 
 0.994845  0.000000  0.005155  0.000000 
 0.324742  0.221649  0.288660  0.164948 
 0.262887  0.268041  0.319588  0.149485 

