MEME version 4

ALPHABET= ACGT

strands: + -

Background letter frequencies
A 0.250000 C 0.250000 G 0.250000 T 0.250000

MOTIF M08238_2.00 CTCF 
letter-probability matrix: alength= 4 w= 15 nsites= 100 E= 0
 0.030369  0.162690  0.780911  0.026030 
 0.004338  0.835141  0.000000  0.160521 
 0.008677  0.004338  0.958785  0.028200 
 0.026030  0.941432  0.004338  0.028200 
 0.000000  1.000000  0.000000  0.000000 
 0.132321  0.828633  0.032538  0.006508 
 0.000000  0.726681  0.002169  0.271150 
 0.000000  1.000000  0.000000  0.000000 
 0.008677  0.023861  0.013015  0.954447 
 0.169197  0.043384  0.744035  0.043384 
 0.000000  0.442516  0.529284  0.028200 
 0.080260  0.223427  0.013015  0.683297 
 0.000000  0.000000  0.995662  0.004338 
 0.002169  0.013015  0.952278  0.032538 
 0.104121  0.620390  0.095445  0.180043 

