MEME version 4

ALPHABET= ACGT

strands: + -

Background letter frequencies
A 0.250000 C 0.250000 G 0.250000 T 0.250000

MOTIF M08237_2.00 YY1 
letter-probability matrix: alength= 4 w= 15 nsites= 100 E= 0
 0.139186  0.226981  0.516060  0.117773 
 0.175589  0.310493  0.346895  0.167024 
 0.203426  0.289079  0.394004  0.113490 
 0.092077  0.047109  0.792291  0.068522 
 0.098501  0.702355  0.104925  0.094218 
 0.214133  0.539615  0.188437  0.057816 
 0.021413  0.000000  0.957173  0.021413 
 0.006424  0.991435  0.002141  0.000000 
 0.000000  1.000000  0.000000  0.000000 
 0.991435  0.008565  0.000000  0.000000 
 0.000000  0.000000  0.000000  1.000000 
 0.062099  0.419700  0.280514  0.237687 
 0.113490  0.053533  0.072805  0.760171 
 0.000000  0.137045  0.025696  0.837259 
 0.169165  0.085653  0.496788  0.248394 

