MEME version 4

ALPHABET= ACGT

strands: + -

Background letter frequencies
A 0.250000 C 0.250000 G 0.250000 T 0.250000

MOTIF M08248_2.00 ZNF653 
letter-probability matrix: alength= 4 w= 24 nsites= 100 E= 0
 0.481481  0.129630  0.166667  0.222222 
 0.314815  0.055556  0.055556  0.574074 
 0.185185  0.092593  0.000000  0.722222 
 0.185185  0.074074  0.000000  0.740741 
 0.314815  0.203704  0.074074  0.407407 
 0.222222  0.222222  0.185185  0.370370 
 0.129630  0.203704  0.037037  0.629630 
 0.333333  0.074074  0.388889  0.203704 
 0.222222  0.129630  0.111111  0.537037 
 0.037037  0.833333  0.111111  0.018519 
 0.166667  0.555556  0.000000  0.277778 
 0.000000  0.018519  0.574074  0.407407 
 0.000000  1.000000  0.000000  0.000000 
 0.092593  0.907407  0.000000  0.000000 
 0.000000  0.018519  0.944444  0.037037 
 0.870370  0.000000  0.037037  0.092593 
 0.000000  0.833333  0.000000  0.166667 
 0.518519  0.148148  0.037037  0.296296 
 0.240741  0.277778  0.129630  0.351852 
 0.259259  0.166667  0.055556  0.518519 
 0.500000  0.018519  0.074074  0.407407 
 0.777778  0.055556  0.037037  0.129630 
 0.444444  0.129630  0.074074  0.351852 
 0.203704  0.074074  0.407407  0.314815 

