MEME version 4

ALPHABET= ACGT

strands: + -

Background letter frequencies
A 0.250000 C 0.250000 G 0.250000 T 0.250000

MOTIF M08249_2.00 ZNF528 
letter-probability matrix: alength= 4 w= 14 nsites= 100 E= 0
 0.142212  0.577878  0.232506  0.047404 
 0.884876  0.000000  0.112867  0.002257 
 0.038375  0.000000  0.961625  0.000000 
 0.756208  0.047404  0.191874  0.004515 
 0.869074  0.004515  0.126411  0.000000 
 0.934537  0.004515  0.051919  0.009029 
 0.000000  0.020316  0.000000  0.979684 
 0.011287  0.002257  0.945824  0.040632 
 0.320542  0.069977  0.562077  0.047404 
 0.000000  0.997743  0.000000  0.002257 
 0.002257  0.033860  0.006772  0.957111 
 0.000000  0.000000  0.000000  1.000000 
 0.000000  0.945824  0.002257  0.051919 
 0.002257  0.977427  0.000000  0.020316 

