MEME version 4

ALPHABET= ACGT

strands: + -

Background letter frequencies
A 0.250000 C 0.250000 G 0.250000 T 0.250000

MOTIF M08293_2.00 KLF1 
letter-probability matrix: alength= 4 w= 15 nsites= 100 E= 0
 0.150000  0.446000  0.216000  0.188000 
 0.142000  0.544000  0.208000  0.106000 
 0.220000  0.454000  0.176000  0.150000 
 0.170000  0.430000  0.234000  0.166000 
 0.216000  0.168000  0.462000  0.154000 
 0.154000  0.142000  0.640000  0.064000 
 0.094000  0.808000  0.058000  0.040000 
 0.052000  0.862000  0.002000  0.084000 
 0.468000  0.516000  0.016000  0.000000 
 0.000000  1.000000  0.000000  0.000000 
 0.406000  0.000000  0.518000  0.076000 
 0.000000  1.000000  0.000000  0.000000 
 0.000000  1.000000  0.000000  0.000000 
 0.000000  0.986000  0.000000  0.014000 
 0.368000  0.276000  0.084000  0.272000 

