MEME version 4

ALPHABET= ACGT

strands: + -

Background letter frequencies
A 0.250000 C 0.250000 G 0.250000 T 0.250000

MOTIF M08271_2.00 ZSCAN29 
letter-probability matrix: alength= 4 w= 12 nsites= 100 E= 0
 0.068452  0.497024  0.124008  0.310516 
 0.020833  0.000992  0.977183  0.000992 
 0.000992  0.016865  0.004960  0.977183 
 0.004960  0.993056  0.000992  0.000992 
 0.000992  0.048611  0.000992  0.949405 
 0.989087  0.004960  0.000992  0.004960 
 0.004960  0.838294  0.000992  0.155754 
 0.647817  0.000992  0.350198  0.000992 
 0.000992  0.961310  0.024802  0.012897 
 0.306548  0.207341  0.310516  0.175595 
 0.127976  0.040675  0.786706  0.044643 
 0.199405  0.294643  0.326389  0.179563 

