MEME version 4

ALPHABET= ACGT

strands: + -

Background letter frequencies
A 0.250000 C 0.250000 G 0.250000 T 0.250000

MOTIF M08358_2.00 ZNF467 
letter-probability matrix: alength= 4 w= 12 nsites= 100 E= 0
 0.011126  0.744110  0.042539  0.202225 
 0.008508  0.877618  0.000654  0.113220 
 0.000654  0.998037  0.000654  0.000654 
 0.000654  0.000654  0.008508  0.990183 
 0.000654  0.856675  0.034686  0.107984 
 0.013744  0.935209  0.000654  0.050393 
 0.000654  0.893325  0.011126  0.094895 
 0.000654  0.843586  0.000654  0.155105 
 0.013744  0.736257  0.016361  0.233639 
 0.186518  0.348822  0.102749  0.361911 
 0.029450  0.796466  0.050393  0.123691 
 0.000654  0.927356  0.000654  0.071335 

