MEME version 4

ALPHABET= ACGT

strands: + -

Background letter frequencies
A 0.250000 C 0.250000 G 0.250000 T 0.250000

MOTIF M08376_2.00 ZNF418 
letter-probability matrix: alength= 4 w= 15 nsites= 100 E= 0
 0.020142  0.005924  0.024882  0.949052 
 0.053317  0.001185  0.911137  0.034360 
 0.039100  0.792654  0.005924  0.162322 
 0.010663  0.086493  0.001185  0.901659 
 0.001185  0.010663  0.005924  0.982227 
 0.034360  0.058057  0.181280  0.726303 
 0.048578  0.077014  0.029621  0.844787 
 0.707346  0.005924  0.219194  0.067535 
 0.001185  0.015403  0.911137  0.072275 
 0.024882  0.863744  0.005924  0.105450 
 0.005924  0.683649  0.010663  0.299763 
 0.242891  0.058057  0.091232  0.607820 
 0.020142  0.896919  0.005924  0.077014 
 0.238152  0.328199  0.015403  0.418246 
 0.053317  0.171801  0.299763  0.475118 

