MEME version 4

ALPHABET= ACGT

strands: + -

Background letter frequencies
A 0.250000 C 0.250000 G 0.250000 T 0.250000

MOTIF M08384_2.00 ZNF121 
letter-probability matrix: alength= 4 w= 24 nsites= 100 E= 0
 0.286074  0.416946  0.276007  0.020973 
 0.044463  0.816275  0.071309  0.067953 
 0.222315  0.057886  0.450503  0.269295 
 0.014262  0.007550  0.957215  0.020973 
 0.037752  0.114933  0.826342  0.020973 
 0.255872  0.373322  0.359899  0.010906 
 0.000839  0.980705  0.017617  0.000839 
 0.567953  0.359899  0.007550  0.064597 
 0.413591  0.091443  0.413591  0.081376 
 0.198826  0.282718  0.416946  0.101510 
 0.272651  0.118289  0.450503  0.158557 
 0.067953  0.500839  0.151846  0.279362 
 0.645134  0.051174  0.067953  0.235738 
 0.017617  0.041107  0.826342  0.114933 
 0.094799  0.628356  0.074664  0.202181 
 0.299497  0.286074  0.339765  0.074664 
 0.500839  0.215604  0.145134  0.138423 
 0.044463  0.034396  0.873322  0.047819 
 0.588087  0.017617  0.316275  0.078020 
 0.020973  0.631711  0.078020  0.269295 
 0.054530  0.755872  0.098154  0.091443 
 0.037752  0.863255  0.031040  0.067953 
 0.175336  0.567953  0.034396  0.222315 
 0.329698  0.222315  0.296141  0.151846 

