MEME version 4

ALPHABET= ACGT

strands: + -

Background letter frequencies
A 0.250000 C 0.250000 G 0.250000 T 0.250000

MOTIF M08353_2.00 ZNF816 
letter-probability matrix: alength= 4 w= 18 nsites= 100 E= 0
 0.207386  0.486932  0.059659  0.246023 
 0.166477  0.198295  0.239205  0.396023 
 0.205114  0.066477  0.546023  0.182386 
 0.066477  0.811932  0.043750  0.077841 
 0.632386  0.207386  0.102841  0.057386 
 0.080114  0.116477  0.207386  0.596023 
 0.005114  0.075568  0.852841  0.066477 
 0.000568  0.000568  0.000568  0.998295 
 0.000568  0.980114  0.002841  0.016477 
 0.000568  0.998295  0.000568  0.000568 
 0.000568  0.991477  0.000568  0.007386 
 0.007386  0.964205  0.000568  0.027841 
 0.366477  0.421023  0.043750  0.168750 
 0.105114  0.243750  0.111932  0.539205 
 0.125568  0.243750  0.136932  0.493750 
 0.180114  0.305114  0.132386  0.382386 
 0.123295  0.259659  0.168750  0.448295 
 0.077841  0.193750  0.152841  0.575568 

