MEME version 4

ALPHABET= ACGT

strands: + -

Background letter frequencies
A 0.250000 C 0.250000 G 0.250000 T 0.250000

MOTIF M08347_2.00 ZNF543 
letter-probability matrix: alength= 4 w= 12 nsites= 100 E= 0
 0.001563  0.314063  0.589063  0.095312 
 0.082812  0.489063  0.426563  0.001563 
 0.182812  0.389063  0.370313  0.057813 
 0.001563  0.764063  0.232812  0.001563 
 0.257812  0.001563  0.001563  0.739062 
 0.001563  0.001563  0.995313  0.001563 
 0.001563  0.001563  0.995313  0.001563 
 0.201562  0.282813  0.445312  0.070312 
 0.001563  0.995313  0.001563  0.001563 
 0.620313  0.170313  0.082812  0.126563 
 0.001563  0.207812  0.770312  0.020313 
 0.001563  0.432813  0.414062  0.151562 

