MEME version 4

ALPHABET= ACGT

strands: + -

Background letter frequencies
A 0.250000 C 0.250000 G 0.250000 T 0.250000

MOTIF M08365_2.00 ZSCAN30 
letter-probability matrix: alength= 4 w= 15 nsites= 100 E= 0
 0.060662  0.156250  0.634191  0.148897 
 0.134191  0.744485  0.119485  0.001838 
 0.045956  0.950368  0.001838  0.001838 
 0.443015  0.053309  0.075368  0.428309 
 0.009191  0.001838  0.987132  0.001838 
 0.001838  0.619485  0.318015  0.060662 
 0.531250  0.023897  0.443015  0.001838 
 0.031250  0.001838  0.965074  0.001838 
 0.001838  0.876838  0.045956  0.075368 
 0.001838  0.979779  0.009191  0.009191 
 0.354779  0.251838  0.053309  0.340074 
 0.031250  0.273897  0.332721  0.362132 
 0.023897  0.597426  0.325368  0.053309 
 0.406250  0.295956  0.200368  0.097426 
 0.068015  0.354779  0.472426  0.104779 

