MEME version 4

ALPHABET= ACGT

strands: + -

Background letter frequencies
A 0.250000 C 0.250000 G 0.250000 T 0.250000

MOTIF M08323_2.00 KLF15 
letter-probability matrix: alength= 4 w= 15 nsites= 100 E= 0
 0.054217  0.652610  0.164659  0.128514 
 0.038153  0.640562  0.178715  0.142570 
 0.064257  0.708835  0.054217  0.172691 
 0.136546  0.624498  0.088353  0.150602 
 0.162651  0.230924  0.361446  0.244980 
 0.096386  0.248996  0.461847  0.192771 
 0.026104  0.853414  0.000000  0.120482 
 0.094378  0.475904  0.012048  0.417671 
 0.082329  0.887550  0.030120  0.000000 
 0.000000  1.000000  0.000000  0.000000 
 0.188755  0.000000  0.588353  0.222892 
 0.000000  0.991968  0.002008  0.006024 
 0.000000  1.000000  0.000000  0.000000 
 0.000000  0.708835  0.008032  0.283133 
 0.106426  0.690763  0.032129  0.170683 

