MEME version 4

ALPHABET= ACGT

strands: + -

Background letter frequencies
A 0.250000 C 0.250000 G 0.250000 T 0.250000

MOTIF M08366_2.00 ZNF490 
letter-probability matrix: alength= 4 w= 15 nsites= 100 E= 0
 0.202000  0.016000  0.658000  0.124000 
 0.012000  0.094000  0.114000  0.780000 
 0.140000  0.198000  0.168000  0.494000 
 0.014000  0.002000  0.004000  0.980000 
 0.000000  0.000000  0.934000  0.066000 
 0.000000  0.842000  0.004000  0.154000 
 0.008000  0.066000  0.004000  0.922000 
 0.000000  0.006000  0.982000  0.012000 
 0.030000  0.774000  0.054000  0.142000 
 0.042000  0.320000  0.016000  0.622000 
 0.146000  0.050000  0.228000  0.576000 
 0.308000  0.250000  0.250000  0.192000 
 0.090000  0.710000  0.084000  0.116000 
 0.438000  0.360000  0.042000  0.160000 
 0.476000  0.100000  0.164000  0.260000 

