MEME version 4

ALPHABET= ACGT

strands: + -

Background letter frequencies
A 0.250000 C 0.250000 G 0.250000 T 0.250000

MOTIF M08375_2.00 ZNF502 
letter-probability matrix: alength= 4 w= 27 nsites= 100 E= 0
 0.212441  0.198357  0.245305  0.343897 
 0.151408  0.231221  0.292254  0.325117 
 0.226526  0.311033  0.259390  0.203052 
 0.188967  0.353286  0.250000  0.207746 
 0.184272  0.419014  0.184272  0.212441 
 0.245305  0.273474  0.264085  0.217136 
 0.362676  0.212441  0.245305  0.179577 
 0.179577  0.287559  0.217136  0.315728 
 0.268779  0.048122  0.240610  0.442488 
 0.268779  0.001174  0.433099  0.296948 
 0.198357  0.080986  0.649061  0.071596 
 0.095070  0.771127  0.080986  0.052817 
 0.010563  0.095070  0.066901  0.827465 
 0.700704  0.076291  0.118545  0.104460 
 0.001174  0.940141  0.005869  0.052817 
 0.019953  0.001174  0.001174  0.977700 
 0.052817  0.010563  0.930751  0.005869 
 0.001174  0.977700  0.001174  0.019953 
 0.827465  0.034038  0.005869  0.132629 
 0.264085  0.470657  0.207746  0.057512 
 0.207746  0.357981  0.080986  0.353286 
 0.414319  0.043427  0.475352  0.066901 
 0.095070  0.024648  0.879108  0.001174 
 0.038732  0.127934  0.038732  0.794601 
 0.071596  0.902582  0.001174  0.024648 
 0.010563  0.789906  0.010563  0.188967 
 0.254695  0.203052  0.151408  0.390845 

