MEME version 4

ALPHABET= ACGT

strands: + -

Background letter frequencies
A 0.250000 C 0.250000 G 0.250000 T 0.250000

MOTIF M08341_2.00 ZNF554 
letter-probability matrix: alength= 4 w= 21 nsites= 100 E= 0
 0.056882  0.863062  0.031601  0.048455 
 0.410815  0.160815  0.087781  0.340590 
 0.042837  0.087781  0.820927  0.048455 
 0.548455  0.014747  0.416433  0.020365 
 0.065309  0.025983  0.902388  0.006320 
 0.017556  0.613062  0.048455  0.320927 
 0.014747  0.972612  0.000702  0.011938 
 0.702949  0.099017  0.135534  0.062500 
 0.132725  0.281601  0.354635  0.231039 
 0.172051  0.208567  0.422051  0.197331 
 0.054073  0.194522  0.127107  0.624298 
 0.438904  0.000702  0.461376  0.099017 
 0.045646  0.031601  0.882725  0.040028 
 0.186096  0.014747  0.565309  0.233848 
 0.143961  0.059691  0.422051  0.374298 
 0.138343  0.113062  0.278792  0.469803 
 0.391152  0.070927  0.444522  0.093399 
 0.056882  0.792837  0.073736  0.076545 
 0.191713  0.155197  0.099017  0.554073 
 0.261938  0.180478  0.422051  0.135534 
 0.152388  0.264747  0.332163  0.250702 

