MEME version 4

ALPHABET= ACGT

strands: + -

Background letter frequencies
A 0.250000 C 0.250000 G 0.250000 T 0.250000

MOTIF M08329_2.00 ZNF146 
letter-probability matrix: alength= 4 w= 15 nsites= 100 E= 0
 0.063397  0.139952  0.738038  0.058612 
 0.034689  0.733254  0.125598  0.106459 
 0.139952  0.139952  0.034689  0.685407 
 0.149522  0.101675  0.690191  0.058612 
 0.163876  0.441388  0.029904  0.364833 
 0.489234  0.216507  0.264354  0.029904 
 0.068182  0.029904  0.029904  0.872010 
 0.809809  0.058612  0.068182  0.063397 
 0.379187  0.135167  0.436603  0.049043 
 0.015550  0.101675  0.072967  0.809809 
 0.690191  0.039474  0.144737  0.125598 
 0.010766  0.216507  0.082536  0.690191 
 0.005981  0.025120  0.020335  0.948565 
 0.001196  0.828947  0.001196  0.168660 
 0.005981  0.910287  0.001196  0.082536 

