MEME version 4

ALPHABET= ACGT

strands: + -

Background letter frequencies
A 0.250000 C 0.250000 G 0.250000 T 0.250000

MOTIF M08307_2.00 FEZF1 
letter-probability matrix: alength= 4 w= 15 nsites= 100 E= 0
 0.202724  0.308494  0.276442  0.212340 
 0.343750  0.135417  0.250801  0.270032 
 0.096955  0.475160  0.167468  0.260417 
 0.090545  0.004006  0.020032  0.885417 
 0.000801  0.000801  0.997596  0.000801 
 0.000801  0.683494  0.119391  0.196314 
 0.000801  0.539263  0.016827  0.443109 
 0.080930  0.571314  0.000801  0.346955 
 0.132212  0.096955  0.000801  0.770032 
 0.004006  0.000801  0.000801  0.994391 
 0.000801  0.023237  0.000801  0.975160 
 0.036058  0.154647  0.129006  0.680288 
 0.145032  0.308494  0.202724  0.343750 
 0.205929  0.276442  0.180288  0.337340 
 0.161058  0.263622  0.257212  0.318109 

