MEME version 4

ALPHABET= ACGT

strands: + -

Background letter frequencies
A 0.250000 C 0.250000 G 0.250000 T 0.250000

MOTIF M08371_2.00 ZNF34 
letter-probability matrix: alength= 4 w= 15 nsites= 100 E= 0
 0.150000  0.464286  0.100000  0.285714 
 0.071429  0.800000  0.000000  0.128571 
 0.771429  0.000000  0.000000  0.228571 
 0.064286  0.000000  0.935714  0.000000 
 0.500000  0.071429  0.321429  0.107143 
 0.000000  0.928571  0.000000  0.071429 
 0.000000  0.064286  0.000000  0.935714 
 0.000000  0.028571  0.000000  0.971429 
 0.035714  0.164286  0.414286  0.385714 
 0.064286  0.071429  0.121429  0.742857 
 0.042857  0.928571  0.021429  0.007143 
 0.078571  0.514286  0.021429  0.385714 
 0.064286  0.121429  0.107143  0.707143 
 0.035714  0.528571  0.150000  0.285714 
 0.228571  0.171429  0.092857  0.507143 

