MEME version 4

ALPHABET= ACGT

strands: + -

Background letter frequencies
A 0.250000 C 0.250000 G 0.250000 T 0.250000

MOTIF M08373_2.00 ZNF774 
letter-probability matrix: alength= 4 w= 18 nsites= 100 E= 0
 0.278533  0.322011  0.197011  0.202446 
 0.137228  0.474185  0.115489  0.273098 
 0.028533  0.675272  0.055706  0.240489 
 0.126359  0.441576  0.001359  0.430707 
 0.001359  0.876359  0.012228  0.110054 
 0.300272  0.262228  0.039402  0.398098 
 0.175272  0.033967  0.468750  0.322011 
 0.082880  0.316576  0.370924  0.229620 
 0.175272  0.794837  0.017663  0.012228 
 0.023098  0.126359  0.001359  0.849185 
 0.001359  0.849185  0.023098  0.126359 
 0.110054  0.338315  0.001359  0.550272 
 0.110054  0.180707  0.169837  0.539402 
 0.001359  0.707880  0.044837  0.245924 
 0.082880  0.577446  0.006793  0.332880 
 0.055706  0.245924  0.001359  0.697011 
 0.001359  0.822011  0.099185  0.077446 
 0.197011  0.360054  0.012228  0.430707 

