MEME version 4

ALPHABET= ACGT

strands: + -

Background letter frequencies
A 0.250000 C 0.250000 G 0.250000 T 0.250000

MOTIF M08356_2.00 ZFP82 
letter-probability matrix: alength= 4 w= 21 nsites= 100 E= 0
 0.888968  0.009312  0.086676  0.015043 
 0.152579  0.037966  0.794413  0.015043 
 0.866046  0.020774  0.092407  0.020774 
 0.894699  0.029370  0.052292  0.023639 
 0.049427  0.043696  0.006447  0.900430 
 0.040831  0.172636  0.020774  0.765759 
 0.780086  0.029370  0.106734  0.083811 
 0.192693  0.060888  0.696991  0.049427 
 0.058023  0.078080  0.046562  0.817335 
 0.284384  0.032235  0.645415  0.037966 
 0.920487  0.029370  0.032235  0.017908 
 0.825931  0.046562  0.078080  0.049427 
 0.121060  0.582378  0.058023  0.238539 
 0.046562  0.035100  0.015043  0.903295 
 0.115330  0.003582  0.771490  0.109599 
 0.123926  0.000716  0.868911  0.006447 
 0.963467  0.000716  0.032235  0.003582 
 0.909026  0.006447  0.046562  0.037966 
 0.255731  0.015043  0.688395  0.040831 
 0.751433  0.035100  0.115330  0.098138 
 0.089541  0.270057  0.040831  0.599570 

