MEME version 4

ALPHABET= ACGT

strands: + -

Background letter frequencies
A 0.250000 C 0.250000 G 0.250000 T 0.250000

MOTIF M08342_2.00 ZNF596 
letter-probability matrix: alength= 4 w= 15 nsites= 100 E= 0
 0.001232  0.045566  0.626845  0.326358 
 0.001232  0.996305  0.001232  0.001232 
 0.001232  0.089907  0.020934  0.887927 
 0.001232  0.986453  0.011084  0.001232 
 0.099750  0.030788  0.424885  0.444577 
 0.001232  0.282023  0.690883  0.025862 
 0.075122  0.326358  0.296800  0.301720 
 0.001232  0.996305  0.001232  0.001232 
 0.001232  0.006158  0.001232  0.991379 
 0.001232  0.996305  0.001232  0.001232 
 0.144087  0.474143  0.040640  0.341130 
 0.025868  0.508622  0.149013  0.316496 
 0.035714  0.282022  0.208132  0.474132 
 0.055423  0.676100  0.114537  0.153939 
 0.070195  0.277096  0.178576  0.474133 

