MEME version 4

ALPHABET= ACGT

strands: + -

Background letter frequencies
A 0.250000 C 0.250000 G 0.250000 T 0.250000

MOTIF M08400_2.00 ZNF595 
letter-probability matrix: alength= 4 w= 12 nsites= 100 E= 0
 0.942028  0.001303  0.055366  0.001303 
 0.721188  0.016933  0.225183  0.036696 
 0.027354  0.859701  0.006513  0.106432 
 0.015848  0.929444  0.001303  0.053405 
 0.046024  0.157450  0.016933  0.779593 
 0.014763  0.827403  0.016933  0.140901 
 0.006513  0.021065  0.011723  0.960699 
 0.914899  0.010638  0.052320  0.022144 
 0.774382  0.010638  0.138772  0.076208 
 0.001303  0.964831  0.001303  0.032564 
 0.917938  0.006513  0.053405  0.022144 
 0.078371  0.092958  0.082503  0.746167 

