MEME version 4

ALPHABET= ACGT

strands: + -

Background letter frequencies
A 0.250000 C 0.250000 G 0.250000 T 0.250000

MOTIF M08401_2.00 ZNF8 
letter-probability matrix: alength= 4 w= 18 nsites= 100 E= 0
 0.237805  0.335366  0.248258  0.178571 
 0.209930  0.314460  0.133275  0.342334 
 0.091463  0.227352  0.171603  0.509582 
 0.290070  0.272648  0.349303  0.087979 
 0.053136  0.213415  0.119338  0.614111 
 0.018293  0.000871  0.889373  0.091463 
 0.000871  0.000871  0.993902  0.004355 
 0.000871  0.074042  0.000871  0.924216 
 0.990418  0.000871  0.000871  0.007840 
 0.077526  0.474739  0.042683  0.405052 
 0.143728  0.000871  0.851045  0.004355 
 0.063589  0.453833  0.056620  0.425958 
 0.060104  0.826655  0.074042  0.039199 
 0.286585  0.300523  0.063589  0.349303 
 0.527003  0.143728  0.112369  0.216899 
 0.192509  0.209930  0.230836  0.366725 
 0.192509  0.108885  0.429443  0.269164 
 0.398084  0.290070  0.098432  0.213415 

