MEME version 4

ALPHABET= ACGT

strands: + -

Background letter frequencies
A 0.250000 C 0.250000 G 0.250000 T 0.250000

MOTIF M08727_2.00 MYCN 
letter-probability matrix: alength= 4 w= 12 nsites= 100 E= 0
 0.070140  0.326653  0.408818  0.194389 
 0.254509  0.406814  0.120240  0.218437 
 0.116232  0.535070  0.284569  0.064128 
 0.024048  0.973948  0.000000  0.002004 
 0.833667  0.002004  0.076152  0.088176 
 0.010020  0.897796  0.012024  0.080160 
 0.092184  0.004008  0.897796  0.006012 
 0.058116  0.082164  0.006012  0.853707 
 0.004008  0.000000  0.971944  0.024048 
 0.118236  0.156313  0.565130  0.160321 
 0.058116  0.629259  0.048096  0.264529 
 0.082164  0.454910  0.170341  0.292585 

