MEME version 4

ALPHABET= ACGT

strands: + -

Background letter frequencies
A 0.250000 C 0.250000 G 0.250000 T 0.250000

MOTIF M08878_2.00 ZBTB17 
letter-probability matrix: alength= 4 w= 19 nsites= 100 E= 0
 0.120000  0.508000  0.114000  0.258000 
 0.186000  0.332000  0.062000  0.420000 
 0.060000  0.136000  0.276000  0.528000 
 0.026000  0.710000  0.008000  0.256000 
 0.020000  0.726000  0.022000  0.232000 
 0.046000  0.886000  0.016000  0.052000 
 0.232000  0.538000  0.032000  0.198000 
 0.102000  0.002000  0.200000  0.696000 
 0.004000  0.850000  0.074000  0.072000 
 0.052000  0.790000  0.006000  0.152000 
 0.044000  0.684000  0.034000  0.238000 
 0.090000  0.680000  0.026000  0.204000 
 0.008000  0.812000  0.040000  0.140000 
 0.458000  0.094000  0.128000  0.320000 
 0.092000  0.572000  0.136000  0.200000 
 0.098000  0.610000  0.080000  0.212000 
 0.126000  0.540000  0.054000  0.280000 
 0.156000  0.300000  0.156000  0.388000 
 0.142000  0.436000  0.238000  0.184000 

