MEME version 4

ALPHABET= ACGT

strands: + -

Background letter frequencies
A 0.250000 C 0.250000 G 0.250000 T 0.250000

MOTIF M08856_2.00 ZNF76 
letter-probability matrix: alength= 4 w= 22 nsites= 100 E= 0
 0.694779  0.164659  0.092369  0.048193 
 0.034137  0.791165  0.070281  0.104418 
 0.044177  0.194779  0.058233  0.702811 
 0.634538  0.172691  0.114458  0.078313 
 0.042169  0.793173  0.100402  0.064257 
 0.638554  0.178715  0.120482  0.062249 
 0.407631  0.154618  0.116466  0.321285 
 0.078313  0.361446  0.100402  0.459839 
 0.048193  0.052209  0.024096  0.875502 
 0.012048  0.961847  0.004016  0.022088 
 0.022088  0.963855  0.008032  0.006024 
 0.006024  0.963855  0.010040  0.020080 
 0.759036  0.006024  0.202811  0.032129 
 0.078313  0.154618  0.688755  0.078313 
 0.411647  0.347390  0.198795  0.042169 
 0.692771  0.060241  0.230924  0.016064 
 0.072289  0.050201  0.353414  0.524096 
 0.052209  0.242972  0.598394  0.106426 
 0.028112  0.925703  0.024096  0.022088 
 0.289157  0.449799  0.040161  0.220884 
 0.172691  0.445783  0.122490  0.259036 
 0.074297  0.532129  0.108434  0.285141 

