MEME version 4

ALPHABET= ACGT

strands: + -

Background letter frequencies
A 0.250000 C 0.250000 G 0.250000 T 0.250000

MOTIF M08882_2.00 EGR1 
letter-probability matrix: alength= 4 w= 17 nsites= 100 E= 0
 0.118000  0.436000  0.182000  0.264000 
 0.150000  0.456000  0.082000  0.312000 
 0.128000  0.406000  0.128000  0.338000 
 0.172000  0.696000  0.022000  0.110000 
 0.060000  0.842000  0.010000  0.088000 
 0.300000  0.004000  0.476000  0.220000 
 0.014000  0.930000  0.032000  0.024000 
 0.022000  0.958000  0.004000  0.016000 
 0.014000  0.892000  0.002000  0.092000 
 0.554000  0.410000  0.004000  0.032000 
 0.040000  0.870000  0.034000  0.056000 
 0.212000  0.046000  0.506000  0.236000 
 0.050000  0.808000  0.030000  0.112000 
 0.298000  0.354000  0.112000  0.236000 
 0.082000  0.460000  0.180000  0.278000 
 0.234000  0.318000  0.128000  0.320000 
 0.110000  0.410000  0.248000  0.232000 

