MEME version 4

ALPHABET= ACGT

strands: + -

Background letter frequencies
A 0.250000 C 0.250000 G 0.250000 T 0.250000

MOTIF M08874_2.00 ZKSCAN1 
letter-probability matrix: alength= 4 w= 19 nsites= 100 E= 0
 0.274000  0.124000  0.154000  0.448000 
 0.236000  0.140000  0.518000  0.106000 
 0.436000  0.222000  0.102000  0.240000 
 0.308000  0.100000  0.458000  0.134000 
 0.110000  0.284000  0.424000  0.182000 
 0.418000  0.232000  0.172000  0.178000 
 0.028000  0.934000  0.022000  0.016000 
 0.054000  0.880000  0.004000  0.062000 
 0.004000  0.176000  0.048000  0.772000 
 0.918000  0.038000  0.022000  0.022000 
 0.018000  0.926000  0.042000  0.014000 
 0.038000  0.022000  0.006000  0.934000 
 0.382000  0.034000  0.576000  0.008000 
 0.134000  0.050000  0.100000  0.716000 
 0.000000  0.038000  0.946000  0.016000 
 0.022000  0.142000  0.060000  0.776000 
 0.064000  0.044000  0.820000  0.072000 
 0.096000  0.684000  0.074000  0.146000 
 0.236000  0.360000  0.090000  0.314000 

