MEME version 4

ALPHABET= ACGT

strands: + -

Background letter frequencies
A 0.250000 C 0.250000 G 0.250000 T 0.250000

MOTIF M08885_2.00 CTCFL 
letter-probability matrix: alength= 4 w= 17 nsites= 100 E= 0
 0.093333  0.380000  0.262222  0.264444 
 0.384444  0.077778  0.408889  0.128889 
 0.057778  0.206667  0.706667  0.028889 
 0.015556  0.768889  0.004444  0.211111 
 0.015556  0.004444  0.897778  0.082222 
 0.040000  0.935556  0.013333  0.011111 
 0.006667  0.982222  0.002222  0.008889 
 0.095556  0.733333  0.091111  0.080000 
 0.013333  0.755556  0.000000  0.231111 
 0.002222  0.977778  0.011111  0.008889 
 0.051111  0.031111  0.044444  0.873333 
 0.255556  0.091111  0.511111  0.142222 
 0.011111  0.417778  0.446667  0.124444 
 0.217778  0.373333  0.068889  0.340000 
 0.013333  0.026667  0.942222  0.017778 
 0.048889  0.073333  0.833333  0.044444 
 0.208889  0.442222  0.182222  0.166667 

