MEME version 4

ALPHABET= ACGT

strands: + -

Background letter frequencies
A 0.250000 C 0.250000 G 0.250000 T 0.250000

MOTIF M08887_2.00 ZNF436 
letter-probability matrix: alength= 4 w= 24 nsites= 100 E= 0
 0.012371  0.956701  0.002062  0.028866 
 0.000000  0.841237  0.000000  0.158763 
 0.041237  0.012371  0.035052  0.911340 
 0.002062  0.985567  0.002062  0.010309 
 0.000000  0.882474  0.000000  0.117526 
 0.026804  0.016495  0.004124  0.952577 
 0.024742  0.925773  0.014433  0.035052 
 0.024742  0.921649  0.000000  0.053608 
 0.845361  0.016495  0.105155  0.032990 
 0.074227  0.010309  0.843299  0.072165 
 0.016495  0.002062  0.981443  0.000000 
 0.849485  0.084536  0.055670  0.010309 
 0.944330  0.010309  0.024742  0.020619 
 0.000000  0.000000  1.000000  0.000000 
 0.018557  0.754639  0.059794  0.167010 
 0.004124  0.948454  0.006186  0.041237 
 0.014433  0.457732  0.012371  0.515464 
 0.035052  0.065979  0.049485  0.849485 
 0.004124  0.969072  0.002062  0.024742 
 0.024742  0.870103  0.018557  0.086598 
 0.136082  0.465979  0.096907  0.301031 
 0.123711  0.026804  0.317526  0.531959 
 0.086598  0.037113  0.855670  0.020619 
 0.748454  0.117526  0.078351  0.055670 

