MEME version 4

ALPHABET= ACGT

strands: + -

Background letter frequencies
A 0.250000 C 0.250000 G 0.250000 T 0.250000

MOTIF M08871_2.00 KLF1 
letter-probability matrix: alength= 4 w= 14 nsites= 100 E= 0
 0.102249  0.623722  0.161554  0.112474 
 0.163599  0.529652  0.202454  0.104294 
 0.186094  0.472393  0.198364  0.143149 
 0.280164  0.094070  0.458078  0.167689 
 0.085890  0.167689  0.685072  0.061350 
 0.089980  0.862986  0.022495  0.024540 
 0.053170  0.903885  0.004090  0.038855 
 0.429448  0.535787  0.010225  0.024540 
 0.008180  0.977505  0.000000  0.014315 
 0.380368  0.000000  0.527607  0.092025 
 0.002045  0.997955  0.000000  0.000000 
 0.006135  0.987730  0.004090  0.002045 
 0.004090  0.989775  0.002045  0.004090 
 0.241309  0.386503  0.032720  0.339468 

