MEME version 4

ALPHABET= ACGT

strands: + -

Background letter frequencies
A 0.250000 C 0.250000 G 0.250000 T 0.250000

MOTIF M08889_2.00 FEZF1 
letter-probability matrix: alength= 4 w= 12 nsites= 100 E= 0
 0.306000  0.122000  0.362000  0.210000 
 0.132000  0.486000  0.074000  0.308000 
 0.070000  0.032000  0.022000  0.876000 
 0.012000  0.020000  0.950000  0.018000 
 0.014000  0.556000  0.102000  0.328000 
 0.026000  0.434000  0.052000  0.488000 
 0.062000  0.726000  0.026000  0.186000 
 0.240000  0.060000  0.014000  0.686000 
 0.006000  0.134000  0.050000  0.810000 
 0.020000  0.010000  0.018000  0.952000 
 0.044000  0.116000  0.070000  0.770000 
 0.172000  0.332000  0.158000  0.338000 

