MEME version 4

ALPHABET= ACGT

strands: + -

Background letter frequencies
A 0.250000 C 0.250000 G 0.250000 T 0.250000

MOTIF M08873_2.00 SP4 
letter-probability matrix: alength= 4 w= 20 nsites= 100 E= 0
 0.094188  0.430862  0.142285  0.332665 
 0.086172  0.498998  0.112224  0.302605 
 0.230461  0.364729  0.078156  0.326653 
 0.212425  0.124248  0.414830  0.248497 
 0.062124  0.142285  0.597194  0.198397 
 0.028056  0.747495  0.010020  0.214429 
 0.050100  0.567134  0.030060  0.352705 
 0.066132  0.861723  0.018036  0.054108 
 0.072144  0.855711  0.016032  0.056112 
 0.096192  0.010020  0.769539  0.124248 
 0.024048  0.935872  0.004008  0.036072 
 0.018036  0.901804  0.012024  0.068136 
 0.022044  0.615230  0.020040  0.342685 
 0.114228  0.637275  0.018036  0.230461 
 0.078156  0.549098  0.026052  0.346693 
 0.136273  0.224449  0.112224  0.527054 
 0.096192  0.248497  0.250501  0.404810 
 0.074148  0.605210  0.180361  0.140281 
 0.122244  0.462926  0.148297  0.266533 
 0.074148  0.454910  0.248497  0.222445 

