MEME version 4

ALPHABET= ACGT

strands: + -

Background letter frequencies
A 0.250000 C 0.250000 G 0.250000 T 0.250000

MOTIF M08948_2.00 ZNF418 
letter-probability matrix: alength= 4 w= 17 nsites= 100 E= 0
 0.052000  0.012000  0.042000  0.894000 
 0.038000  0.016000  0.914000  0.032000 
 0.216000  0.544000  0.018000  0.222000 
 0.026000  0.056000  0.008000  0.910000 
 0.002000  0.050000  0.022000  0.926000 
 0.032000  0.442000  0.058000  0.468000 
 0.058000  0.286000  0.022000  0.634000 
 0.582000  0.018000  0.356000  0.044000 
 0.018000  0.034000  0.634000  0.314000 
 0.010000  0.670000  0.024000  0.296000 
 0.010000  0.556000  0.002000  0.432000 
 0.220000  0.120000  0.140000  0.520000 
 0.180000  0.646000  0.118000  0.056000 
 0.156000  0.228000  0.012000  0.604000 
 0.080000  0.102000  0.286000  0.532000 
 0.206000  0.376000  0.238000  0.180000 
 0.128000  0.470000  0.164000  0.238000 

