MEME version 4

ALPHABET= ACGT

strands: + -

Background letter frequencies
A 0.250000 C 0.250000 G 0.250000 T 0.250000

MOTIF M08944_2.00 ZNF250 
letter-probability matrix: alength= 4 w= 20 nsites= 100 E= 0
 0.016667  0.050000  0.036111  0.897222 
 0.786111  0.002778  0.186111  0.025000 
 0.027778  0.941667  0.005556  0.025000 
 0.000000  0.983333  0.002778  0.013889 
 0.947222  0.002778  0.027778  0.022222 
 0.005556  0.222222  0.011111  0.761111 
 0.419444  0.002778  0.569444  0.008333 
 0.002778  0.941667  0.002778  0.052778 
 0.022222  0.013889  0.013889  0.950000 
 0.038889  0.008333  0.950000  0.002778 
 0.002778  0.027778  0.002778  0.966667 
 0.005556  0.027778  0.008333  0.958333 
 0.005556  0.027778  0.000000  0.966667 
 0.005556  0.008333  0.027778  0.958333 
 0.066667  0.013889  0.911111  0.008333 
 0.522222  0.016667  0.413889  0.047222 
 0.005556  0.027778  0.000000  0.966667 
 0.030556  0.033333  0.063889  0.872222 
 0.955556  0.019444  0.011111  0.013889 
 0.005556  0.872222  0.027778  0.094444 

