MEME version 4

ALPHABET= ACGT

strands: + -

Background letter frequencies
A 0.250000 C 0.250000 G 0.250000 T 0.250000

MOTIF M08958_2.00 ZSCAN31 
letter-probability matrix: alength= 4 w= 18 nsites= 100 E= 0
 0.081081  0.439803  0.105651  0.373464 
 0.523342  0.267813  0.093366  0.115479 
 0.056511  0.154791  0.115479  0.673219 
 0.484029  0.238329  0.117936  0.159705 
 0.587224  0.253071  0.090909  0.068796 
 0.132678  0.474201  0.093366  0.299754 
 0.108108  0.090909  0.135135  0.665848 
 0.012285  0.031941  0.904177  0.051597 
 0.027027  0.845209  0.022113  0.105651 
 0.061425  0.862408  0.027027  0.049140 
 0.012285  0.948403  0.014742  0.024570 
 0.056511  0.194103  0.041769  0.707617 
 0.027027  0.031941  0.894349  0.046683 
 0.029484  0.859951  0.039312  0.071253 
 0.140049  0.058968  0.149877  0.651106 
 0.061425  0.098280  0.751843  0.088452 
 0.262899  0.621622  0.054054  0.061425 
 0.142506  0.520885  0.054054  0.282555 

