MEME version 4

ALPHABET= ACGT

strands: + -

Background letter frequencies
A 0.250000 C 0.250000 G 0.250000 T 0.250000

MOTIF M08961_2.00 ZNF8 
letter-probability matrix: alength= 4 w= 22 nsites= 100 E= 0
 0.016787  0.038369  0.021583  0.923261 
 0.011990  0.892086  0.016787  0.079137 
 0.033573  0.860911  0.011990  0.093525 
 0.824940  0.057554  0.069544  0.047962 
 0.043165  0.167866  0.026379  0.762590 
 0.016787  0.040767  0.105516  0.836930 
 0.117506  0.021583  0.781775  0.079137 
 0.127098  0.117506  0.035971  0.719424 
 0.805755  0.035971  0.141487  0.016787 
 0.019185  0.014388  0.009592  0.956835 
 0.220624  0.000000  0.764988  0.014388 
 0.023981  0.021583  0.827338  0.127098 
 0.896882  0.023981  0.045564  0.033573 
 0.000000  0.160671  0.021583  0.817746 
 0.669065  0.014388  0.297362  0.019185 
 0.002398  0.004796  0.007194  0.985612 
 0.930456  0.004796  0.045564  0.019185 
 0.002398  0.985612  0.002398  0.009592 
 0.004796  0.992806  0.000000  0.002398 
 0.954436  0.002398  0.031175  0.011990 
 0.007194  0.810552  0.031175  0.151079 
 0.872902  0.035971  0.052758  0.038369 

