MEME version 4

ALPHABET= ACGT

strands: + -

Background letter frequencies
A 0.250000 C 0.250000 G 0.250000 T 0.250000

MOTIF M09052_2.00 ETS1 
letter-probability matrix: alength= 4 w= 13 nsites= 100 E= 0
 0.368000  0.178000  0.342000  0.112000 
 0.260000  0.182000  0.472000  0.086000 
 0.480000  0.068000  0.424000  0.028000 
 0.128000  0.638000  0.228000  0.006000 
 0.616000  0.350000  0.034000  0.000000 
 0.004000  0.000000  0.994000  0.002000 
 0.012000  0.006000  0.980000  0.002000 
 0.992000  0.006000  0.000000  0.002000 
 0.828000  0.010000  0.004000  0.158000 
 0.184000  0.010000  0.806000  0.000000 
 0.084000  0.188000  0.058000  0.670000 
 0.130000  0.112000  0.634000  0.124000 
 0.138000  0.126000  0.628000  0.108000 

