MEME version 4

ALPHABET= ACGT

strands: + -

Background letter frequencies
A 0.250000 C 0.250000 G 0.250000 T 0.250000

MOTIF M09088_2.00 FOXA2 
letter-probability matrix: alength= 4 w= 12 nsites= 100 E= 0
 0.232000  0.282000  0.358000  0.128000 
 0.164000  0.550000  0.096000  0.190000 
 0.388000  0.040000  0.008000  0.564000 
 0.426000  0.120000  0.410000  0.044000 
 0.476000  0.000000  0.122000  0.402000 
 0.102000  0.002000  0.888000  0.008000 
 0.006000  0.236000  0.000000  0.758000 
 0.856000  0.144000  0.000000  0.000000 
 0.954000  0.044000  0.000000  0.002000 
 0.996000  0.000000  0.004000  0.000000 
 0.002000  0.800000  0.002000  0.196000 
 0.982000  0.002000  0.000000  0.016000 

