MEME version 4

ALPHABET= ACGT

strands: + -

Background letter frequencies
A 0.250000 C 0.250000 G 0.250000 T 0.250000

MOTIF M09060_2.00 ELF3 
letter-probability matrix: alength= 4 w= 14 nsites= 100 E= 0
 0.298000  0.170000  0.390000  0.142000 
 0.448000  0.152000  0.188000  0.212000 
 0.870000  0.006000  0.028000  0.096000 
 0.146000  0.412000  0.234000  0.208000 
 0.272000  0.386000  0.342000  0.000000 
 0.916000  0.064000  0.016000  0.004000 
 0.002000  0.000000  0.984000  0.014000 
 0.000000  0.006000  0.992000  0.002000 
 0.990000  0.000000  0.010000  0.000000 
 0.978000  0.000000  0.010000  0.012000 
 0.298000  0.018000  0.682000  0.002000 
 0.040000  0.148000  0.052000  0.760000 
 0.352000  0.064000  0.398000  0.186000 
 0.258000  0.204000  0.426000  0.112000 

