MEME version 4

ALPHABET= ACGT

strands: + -

Background letter frequencies
A 0.250000 C 0.250000 G 0.250000 T 0.250000

MOTIF M09063_2.00 ETV5 
letter-probability matrix: alength= 4 w= 14 nsites= 100 E= 0
 0.328000  0.180000  0.382000  0.110000 
 0.456000  0.088000  0.328000  0.128000 
 0.298000  0.098000  0.494000  0.110000 
 0.200000  0.418000  0.346000  0.036000 
 0.840000  0.036000  0.084000  0.040000 
 0.016000  0.006000  0.962000  0.016000 
 0.044000  0.016000  0.936000  0.004000 
 0.794000  0.068000  0.102000  0.036000 
 0.946000  0.006000  0.012000  0.036000 
 0.372000  0.062000  0.548000  0.018000 
 0.228000  0.100000  0.232000  0.440000 
 0.218000  0.106000  0.538000  0.138000 
 0.406000  0.120000  0.386000  0.088000 
 0.272000  0.216000  0.374000  0.138000 

