MEME version 4

ALPHABET= ACGT

strands: + -

Background letter frequencies
A 0.250000 C 0.250000 G 0.250000 T 0.250000

MOTIF M09158_2.00 EVX2 
letter-probability matrix: alength= 4 w= 13 nsites= 100 E= 0
 0.164000  0.176000  0.362000  0.298000 
 0.116000  0.182000  0.208000  0.494000 
 0.012000  0.010000  0.014000  0.964000 
 0.014000  0.008000  0.000000  0.978000 
 0.028000  0.022000  0.028000  0.922000 
 0.984000  0.010000  0.004000  0.002000 
 0.004000  0.058000  0.000000  0.938000 
 0.046000  0.006000  0.496000  0.452000 
 0.386000  0.000000  0.606000  0.008000 
 0.046000  0.736000  0.106000  0.112000 
 0.156000  0.414000  0.048000  0.382000 
 0.128000  0.308000  0.196000  0.368000 
 0.142000  0.250000  0.190000  0.418000 

