MEME version 4

ALPHABET= ACGT

strands: + -

Background letter frequencies
A 0.250000 C 0.250000 G 0.250000 T 0.250000

MOTIF M09151_2.00 NKX6-1 
letter-probability matrix: alength= 4 w= 19 nsites= 100 E= 0
 0.244000  0.118000  0.526000  0.112000 
 0.706000  0.088000  0.150000  0.056000 
 0.168000  0.270000  0.092000  0.470000 
 0.312000  0.050000  0.118000  0.520000 
 0.608000  0.060000  0.266000  0.066000 
 0.986000  0.002000  0.008000  0.004000 
 0.030000  0.046000  0.124000  0.800000 
 0.042000  0.092000  0.560000  0.306000 
 0.378000  0.074000  0.400000  0.148000 
 0.126000  0.336000  0.432000  0.106000 
 0.334000  0.216000  0.158000  0.292000 
 0.460000  0.060000  0.106000  0.374000 
 0.390000  0.056000  0.042000  0.512000 
 0.298000  0.056000  0.048000  0.598000 
 0.138000  0.104000  0.052000  0.706000 
 0.596000  0.108000  0.254000  0.042000 
 0.980000  0.000000  0.014000  0.006000 
 0.126000  0.030000  0.070000  0.774000 
 0.154000  0.092000  0.398000  0.356000 

