MEME version 4

ALPHABET= ACGT

strands: + -

Background letter frequencies
A 0.250000 C 0.250000 G 0.250000 T 0.250000

MOTIF M09115_2.00 GATA1 
letter-probability matrix: alength= 4 w= 19 nsites= 100 E= 0
 0.192000  0.404000  0.206000  0.198000 
 0.116000  0.144000  0.190000  0.550000 
 0.056000  0.078000  0.640000  0.226000 
 0.118000  0.206000  0.390000  0.286000 
 0.194000  0.314000  0.282000  0.210000 
 0.268000  0.246000  0.278000  0.208000 
 0.224000  0.210000  0.368000  0.198000 
 0.262000  0.168000  0.340000  0.230000 
 0.214000  0.224000  0.314000  0.248000 
 0.332000  0.188000  0.324000  0.156000 
 0.184000  0.388000  0.322000  0.106000 
 0.720000  0.020000  0.008000  0.252000 
 0.006000  0.000000  0.994000  0.000000 
 0.996000  0.000000  0.000000  0.004000 
 0.002000  0.000000  0.012000  0.986000 
 0.946000  0.004000  0.014000  0.036000 
 0.858000  0.016000  0.090000  0.036000 
 0.214000  0.154000  0.554000  0.078000 
 0.352000  0.188000  0.346000  0.114000 

