MEME version 4

ALPHABET= ACGT

strands: + -

Background letter frequencies
A 0.250000 C 0.250000 G 0.250000 T 0.250000

MOTIF M09281_2.00 NR1I3 
letter-probability matrix: alength= 4 w= 18 nsites= 100 E= 0
 0.323194  0.000000  0.494297  0.182510 
 0.456274  0.076046  0.467681  0.000000 
 0.178707  0.000000  0.749049  0.072243 
 0.000000  0.140684  0.726236  0.133080 
 0.000000  0.000000  0.034221  0.965779 
 0.000000  0.821293  0.068441  0.110266 
 0.927757  0.072243  0.000000  0.000000 
 0.319392  0.163498  0.357414  0.159696 
 0.254753  0.193916  0.387833  0.163498 
 0.399240  0.197719  0.266160  0.136882 
 0.581749  0.072243  0.311787  0.034221 
 0.904943  0.000000  0.095057  0.000000 
 0.038023  0.000000  0.961977  0.000000 
 0.000000  0.064639  0.212928  0.722433 
 0.174905  0.106464  0.000000  0.718631 
 0.000000  0.707224  0.072243  0.220532 
 0.711027  0.072243  0.140684  0.076046 
 0.183460  0.141635  0.358365  0.316540 

