MEME version 4

ALPHABET= ACGT

strands: + -

Background letter frequencies
A 0.250000 C 0.250000 G 0.250000 T 0.250000

MOTIF M09273_2.00 NR2C1 
letter-probability matrix: alength= 4 w= 13 nsites= 100 E= 0
 0.218935  0.112426  0.615385  0.053254 
 0.053254  0.331361  0.443787  0.171598 
 0.106509  0.556213  0.053254  0.284024 
 0.266272  0.449704  0.224852  0.059172 
 0.674556  0.000000  0.325444  0.000000 
 0.230769  0.159763  0.550296  0.059172 
 0.946746  0.000000  0.053254  0.000000 
 0.000000  0.000000  1.000000  0.000000 
 0.000000  0.000000  0.775148  0.224852 
 0.000000  0.000000  0.000000  1.000000 
 0.000000  1.000000  0.000000  0.000000 
 0.940828  0.000000  0.000000  0.059172 
 0.093195  0.264793  0.377219  0.264793 

