MEME version 4

ALPHABET= ACGT

strands: + -

Background letter frequencies
A 0.250000 C 0.250000 G 0.250000 T 0.250000

MOTIF M09288_2.00 AR 
letter-probability matrix: alength= 4 w= 18 nsites= 100 E= 0
 0.496994  0.054108  0.158317  0.290581 
 0.340681  0.048096  0.525050  0.086172 
 0.056112  0.494990  0.028056  0.420842 
 0.919840  0.064128  0.008016  0.008016 
 0.877756  0.098196  0.006012  0.018036 
 0.929860  0.020040  0.022044  0.028056 
 0.024048  0.691383  0.030060  0.254509 
 0.899800  0.014028  0.014028  0.072144 
 0.422846  0.120240  0.256513  0.200401 
 0.408818  0.222445  0.192385  0.176353 
 0.406814  0.216433  0.178357  0.198397 
 0.488978  0.196393  0.134269  0.180361 
 0.567134  0.032064  0.278557  0.122244 
 0.152305  0.036072  0.733467  0.078156 
 0.494990  0.144289  0.172345  0.188377 
 0.851703  0.014028  0.066132  0.068136 
 0.112224  0.777555  0.048096  0.062124 
 0.745491  0.036072  0.070140  0.148297 

