MEME version 4

ALPHABET= ACGT

strands: + -

Background letter frequencies
A 0.250000 C 0.250000 G 0.250000 T 0.250000

MOTIF M09269_2.00 VDR 
letter-probability matrix: alength= 4 w= 16 nsites= 100 E= 0
 0.278000  0.134000  0.460000  0.128000 
 0.466000  0.028000  0.492000  0.014000 
 0.118000  0.008000  0.844000  0.030000 
 0.052000  0.008000  0.762000  0.178000 
 0.010000  0.124000  0.186000  0.680000 
 0.050000  0.690000  0.158000  0.102000 
 0.812000  0.014000  0.108000  0.066000 
 0.136000  0.338000  0.348000  0.178000 
 0.208000  0.220000  0.154000  0.418000 
 0.144000  0.060000  0.772000  0.024000 
 0.474000  0.018000  0.496000  0.012000 
 0.008000  0.004000  0.976000  0.012000 
 0.016000  0.008000  0.368000  0.608000 
 0.078000  0.080000  0.196000  0.646000 
 0.008000  0.768000  0.060000  0.164000 
 0.656000  0.084000  0.158000  0.102000 

