MEME version 4

ALPHABET= ACGT

strands: + -

Background letter frequencies
A 0.250000 C 0.250000 G 0.250000 T 0.250000

MOTIF M09263_2.00 NR1H4 
letter-probability matrix: alength= 4 w= 19 nsites= 100 E= 0
 0.090909  0.771619  0.064302  0.073171 
 0.113082  0.809313  0.006652  0.070953 
 0.084257  0.305987  0.290466  0.319290 
 0.186253  0.474501  0.219512  0.119734 
 0.172949  0.235033  0.421286  0.170732 
 0.286031  0.279379  0.356984  0.077605 
 0.104213  0.011086  0.804878  0.079823 
 0.024390  0.057650  0.847007  0.070953 
 0.099778  0.321508  0.095344  0.483370 
 0.008869  0.891353  0.033259  0.066519 
 0.651885  0.104213  0.179601  0.064302 
 0.097561  0.294900  0.237251  0.370288 
 0.006652  0.177384  0.059867  0.756098 
 0.095344  0.146341  0.729490  0.028825 
 0.521064  0.332594  0.121951  0.024390 
 0.121951  0.740576  0.035477  0.101996 
 0.062084  0.855876  0.008869  0.073171 
 0.011086  0.492239  0.015521  0.481153 
 0.095344  0.439024  0.195122  0.270510 

