MEME version 4

ALPHABET= ACGT

strands: + -

Background letter frequencies
A 0.250000 C 0.250000 G 0.250000 T 0.250000

MOTIF M09235_2.00 IRF4 
letter-probability matrix: alength= 4 w= 18 nsites= 100 E= 0
 0.354000  0.176000  0.324000  0.146000 
 0.530000  0.112000  0.192000  0.166000 
 0.652000  0.072000  0.112000  0.164000 
 0.488000  0.060000  0.194000  0.258000 
 0.236000  0.126000  0.574000  0.064000 
 0.512000  0.146000  0.304000  0.038000 
 0.214000  0.004000  0.760000  0.022000 
 0.030000  0.016000  0.952000  0.002000 
 0.970000  0.018000  0.004000  0.008000 
 0.960000  0.004000  0.010000  0.026000 
 0.058000  0.438000  0.480000  0.024000 
 0.068000  0.084000  0.022000  0.826000 
 0.036000  0.016000  0.944000  0.004000 
 0.900000  0.004000  0.084000  0.012000 
 0.692000  0.028000  0.260000  0.020000 
 0.936000  0.032000  0.018000  0.014000 
 0.168000  0.444000  0.350000  0.038000 
 0.208000  0.276000  0.094000  0.422000 

