MEME version 4

ALPHABET= ACGT

strands: + -

Background letter frequencies
A 0.250000 C 0.250000 G 0.250000 T 0.250000

MOTIF M09386_2.00 TCF7 
letter-probability matrix: alength= 4 w= 16 nsites= 100 E= 0
 0.170000  0.196000  0.190000  0.444000 
 0.124000  0.302000  0.246000  0.328000 
 0.060000  0.486000  0.214000  0.240000 
 0.012000  0.758000  0.040000  0.190000 
 0.026000  0.072000  0.002000  0.900000 
 0.008000  0.060000  0.068000  0.864000 
 0.022000  0.006000  0.012000  0.960000 
 0.022000  0.212000  0.700000  0.066000 
 0.838000  0.028000  0.020000  0.114000 
 0.252000  0.002000  0.066000  0.680000 
 0.014000  0.274000  0.682000  0.030000 
 0.098000  0.088000  0.054000  0.760000 
 0.068000  0.158000  0.480000  0.294000 
 0.138000  0.128000  0.452000  0.282000 
 0.116000  0.190000  0.242000  0.452000 
 0.140000  0.274000  0.128000  0.458000 

