MEME version 4

ALPHABET= ACGT

strands: + -

Background letter frequencies
A 0.250000 C 0.250000 G 0.250000 T 0.250000

MOTIF M09389_2.00 SOX9 
letter-probability matrix: alength= 4 w= 16 nsites= 100 E= 0
 0.308000  0.070000  0.566000  0.056000 
 0.636000  0.194000  0.132000  0.038000 
 0.986000  0.000000  0.002000  0.012000 
 0.002000  0.990000  0.004000  0.004000 
 1.000000  0.000000  0.000000  0.000000 
 0.770000  0.094000  0.136000  0.000000 
 0.506000  0.014000  0.078000  0.402000 
 0.106000  0.062000  0.796000  0.036000 
 0.250000  0.256000  0.428000  0.066000 
 0.230000  0.298000  0.282000  0.190000 
 0.170000  0.338000  0.258000  0.234000 
 0.050000  0.522000  0.194000  0.234000 
 0.128000  0.608000  0.050000  0.214000 
 0.294000  0.288000  0.006000  0.412000 
 0.060000  0.056000  0.004000  0.880000 
 0.014000  0.044000  0.138000  0.804000 

