MEME version 4

ALPHABET= ACGT

strands: + -

Background letter frequencies
A 0.250000 C 0.250000 G 0.250000 T 0.250000

MOTIF M09397_2.00 SOX2 
letter-probability matrix: alength= 4 w= 13 nsites= 100 E= 0
 0.104000  0.228000  0.246000  0.422000 
 0.036000  0.352000  0.262000  0.350000 
 0.010000  0.642000  0.080000  0.268000 
 0.016000  0.728000  0.010000  0.246000 
 0.292000  0.010000  0.000000  0.698000 
 0.000000  0.002000  0.002000  0.996000 
 0.000000  0.000000  0.000000  1.000000 
 0.016000  0.156000  0.808000  0.020000 
 0.062000  0.018000  0.000000  0.920000 
 0.046000  0.254000  0.208000  0.492000 
 0.106000  0.412000  0.076000  0.406000 
 0.102000  0.312000  0.136000  0.450000 
 0.076000  0.396000  0.258000  0.270000 

