MEME version 4

ALPHABET= ACGT

strands: + -

Background letter frequencies
A 0.250000 C 0.250000 G 0.250000 T 0.250000

MOTIF M09378_2.00 NFIC 
letter-probability matrix: alength= 4 w= 17 nsites= 100 E= 0
 0.118000  0.488000  0.212000  0.182000 
 0.076000  0.436000  0.036000  0.452000 
 0.066000  0.022000  0.168000  0.744000 
 0.014000  0.008000  0.916000  0.062000 
 0.042000  0.032000  0.890000  0.036000 
 0.204000  0.680000  0.058000  0.058000 
 0.318000  0.254000  0.064000  0.364000 
 0.092000  0.414000  0.252000  0.242000 
 0.000000  0.602000  0.000000  0.398000 
 0.234000  0.400000  0.174000  0.192000 
 0.286000  0.090000  0.180000  0.444000 
 0.020000  0.088000  0.628000  0.264000 
 0.024000  0.858000  0.046000  0.072000 
 0.018000  0.962000  0.008000  0.012000 
 0.670000  0.244000  0.014000  0.072000 
 0.456000  0.070000  0.378000  0.096000 
 0.214000  0.222000  0.458000  0.106000 

