MEME version 4

ALPHABET= ACGT

strands: + -

Background letter frequencies
A 0.250000 C 0.250000 G 0.250000 T 0.250000

MOTIF M09349_2.00 NFATC1 
letter-probability matrix: alength= 4 w= 15 nsites= 100 E= 0
 0.292000  0.138000  0.120000  0.450000 
 0.064000  0.188000  0.318000  0.430000 
 0.118000  0.222000  0.122000  0.538000 
 0.158000  0.548000  0.030000  0.264000 
 0.380000  0.044000  0.088000  0.488000 
 0.060000  0.346000  0.238000  0.356000 
 0.312000  0.142000  0.052000  0.494000 
 0.066000  0.268000  0.166000  0.500000 
 0.026000  0.084000  0.068000  0.822000 
 0.018000  0.104000  0.068000  0.810000 
 0.006000  0.036000  0.012000  0.946000 
 0.010000  0.930000  0.046000  0.014000 
 0.004000  0.904000  0.008000  0.084000 
 0.496000  0.060000  0.050000  0.394000 
 0.054000  0.234000  0.230000  0.482000 

