MEME version 4

ALPHABET= ACGT

strands: + -

Background letter frequencies
A 0.250000 C 0.250000 G 0.250000 T 0.250000

MOTIF M09444_2.00 NFYB 
letter-probability matrix: alength= 4 w= 13 nsites= 100 E= 0
 0.125899  0.462387  0.160599  0.251115 
 0.574806  0.039720  0.358966  0.026508 
 0.296028  0.046768  0.569441  0.087762 
 0.000696  0.993342  0.004791  0.001171 
 0.001181  0.991582  0.005942  0.001296 
 0.993102  0.006377  0.000000  0.000521 
 0.988715  0.008164  0.003045  0.000076 
 0.003853  0.004606  0.005893  0.985648 
 0.051922  0.571907  0.334883  0.041288 
 0.646205  0.045744  0.296375  0.011676 
 0.121643  0.169214  0.658069  0.051073 
 0.447792  0.294591  0.202668  0.054950 
 0.311892  0.106423  0.444147  0.137538 

