MEME version 4

ALPHABET= ACGT

strands: + -

Background letter frequencies
A 0.250000 C 0.250000 G 0.250000 T 0.250000

MOTIF M09541_2.00 FOXP1 
letter-probability matrix: alength= 4 w= 12 nsites= 100 E= 0
 0.266000  0.224000  0.197000  0.313000 
 0.308000  0.099000  0.312000  0.282000 
 0.124000  0.002000  0.873000  0.001000 
 0.001000  0.001000  0.001000  0.997000 
 0.997000  0.001000  0.001000  0.001000 
 0.997000  0.001000  0.001000  0.001000 
 0.997000  0.001000  0.001000  0.001000 
 0.001000  0.976000  0.001000  0.022000 
 0.997000  0.001000  0.001000  0.001000 
 0.339000  0.230000  0.385000  0.046000 
 0.320000  0.180000  0.337000  0.164000 
 0.306000  0.226000  0.242000  0.226000 

