MEME version 4

ALPHABET= ACGT

strands: + -

Background letter frequencies
A 0.250000 C 0.250000 G 0.250000 T 0.250000

MOTIF M09504_2.00 CTCF 
letter-probability matrix: alength= 4 w= 20 nsites= 100 E= 0
 0.051000  0.010000  0.033000  0.905000 
 0.003000  0.005000  0.991000  0.001000 
 0.015000  0.930000  0.001000  0.054000 
 0.935000  0.008000  0.001000  0.056000 
 0.203000  0.064000  0.707000  0.026000 
 0.023000  0.023000  0.018000  0.936000 
 0.244000  0.041000  0.165000  0.550000 
 0.049000  0.905000  0.013000  0.033000 
 0.090000  0.738000  0.005000  0.167000 
 0.373000  0.329000  0.136000  0.162000 
 0.380000  0.254000  0.260000  0.105000 
 0.303000  0.314000  0.208000  0.175000 
 0.398000  0.149000  0.152000  0.301000 
 0.293000  0.157000  0.378000  0.172000 
 0.051000  0.319000  0.044000  0.586000 
 0.275000  0.057000  0.517000  0.152000 
 0.244000  0.041000  0.638000  0.077000 
 0.041000  0.951000  0.003000  0.005000 
 0.001000  0.995000  0.001000  0.003000 
 0.928000  0.003000  0.015000  0.054000 

