MEME version 4

ALPHABET= ACGT

strands: + -

Background letter frequencies
A 0.250000 C 0.250000 G 0.250000 T 0.250000

MOTIF M09544_2.00 FOXA1 
letter-probability matrix: alength= 4 w= 16 nsites= 100 E= 0
 0.270000  0.002000  0.112000  0.616000 
 0.007000  0.007000  0.861000  0.126000 
 0.006000  0.984000  0.009000  0.001000 
 0.008000  0.990000  0.001000  0.001000 
 0.977000  0.001000  0.001000  0.021000 
 0.905000  0.001000  0.093000  0.001000 
 0.587000  0.047000  0.260000  0.107000 
 0.458000  0.063000  0.354000  0.125000 
 0.137000  0.357000  0.017000  0.490000 
 0.745000  0.218000  0.001000  0.035000 
 0.877000  0.121000  0.001000  0.001000 
 0.945000  0.001000  0.031000  0.024000 
 0.004000  0.732000  0.008000  0.256000 
 0.924000  0.001000  0.001000  0.075000 
 0.299000  0.166000  0.286000  0.248000 
 0.350000  0.193000  0.184000  0.273000 

