MEME version 4

ALPHABET= ACGT

strands: + -

Background letter frequencies
A 0.250000 C 0.250000 G 0.250000 T 0.250000

MOTIF M09509_2.00 PRDM14 
letter-probability matrix: alength= 4 w= 12 nsites= 100 E= 0
 0.381000  0.072000  0.417000  0.130000 
 0.124000  0.224000  0.587000  0.065000 
 0.174000  0.027000  0.034000  0.765000 
 0.001000  0.001000  0.001000  0.997000 
 0.997000  0.001000  0.001000  0.001000 
 0.085000  0.081000  0.832000  0.001000 
 0.669000  0.001000  0.273000  0.056000 
 0.050000  0.020000  0.924000  0.006000 
 0.758000  0.155000  0.012000  0.075000 
 0.047000  0.908000  0.033000  0.012000 
 0.009000  0.942000  0.021000  0.027000 
 0.099000  0.380000  0.011000  0.510000 

