MEME version 4

ALPHABET= ACGT

strands: + -

Background letter frequencies
A 0.250000 C 0.250000 G 0.250000 T 0.250000

MOTIF M09607_2.00 NR3C1 
letter-probability matrix: alength= 4 w= 16 nsites= 100 E= 0
 0.251000  0.287000  0.290000  0.171000 
 0.458000  0.001000  0.412000  0.128000 
 0.030000  0.001000  0.968000  0.001000 
 0.354000  0.209000  0.303000  0.134000 
 0.997000  0.001000  0.001000  0.001000 
 0.001000  0.997000  0.001000  0.001000 
 0.789000  0.001000  0.134000  0.076000 
 0.102000  0.273000  0.361000  0.264000 
 0.282000  0.218000  0.214000  0.286000 
 0.251000  0.374000  0.269000  0.106000 
 0.091000  0.118000  0.001000  0.790000 
 0.001000  0.001000  0.997000  0.001000 
 0.001000  0.001000  0.001000  0.997000 
 0.138000  0.304000  0.199000  0.359000 
 0.001000  0.974000  0.001000  0.024000 
 0.129000  0.429000  0.001000  0.441000 

