MEME version 4

ALPHABET= ACGT

strands: + -

Background letter frequencies
A 0.250000 C 0.250000 G 0.250000 T 0.250000

MOTIF M09795_2.00 TCF3 
letter-probability matrix: alength= 4 w= 16 nsites= 100 E= 0
 0.160000  0.220000  0.370000  0.250000 
 0.150000  0.240000  0.270000  0.340000 
 0.090000  0.110000  0.460000  0.340000 
 0.690000  0.080000  0.030000  0.200000 
 0.630000  0.130000  0.240000  0.000000 
 0.000000  1.000000  0.000000  0.000000 
 1.000000  0.000000  0.000000  0.000000 
 0.000000  0.840000  0.160000  0.000000 
 0.030000  0.920000  0.050000  0.000000 
 0.000000  0.000000  0.000000  1.000000 
 0.000000  0.000000  1.000000  0.000000 
 0.030000  0.330000  0.140000  0.500000 
 0.170000  0.070000  0.260000  0.500000 
 0.360000  0.300000  0.170000  0.170000 
 0.310000  0.140000  0.240000  0.310000 
 0.171717  0.171717  0.242424  0.414141 

