MEME version 4

ALPHABET= ACGT

strands: + -

Background letter frequencies
A 0.250000 C 0.250000 G 0.250000 T 0.250000

MOTIF M09863_2.00 ARNT 
letter-probability matrix: alength= 4 w= 16 nsites= 100 E= 0
 0.247525  0.247525  0.376238  0.128713 
 0.300000  0.400000  0.200000  0.100000 
 0.168317  0.247525  0.415842  0.168317 
 0.360000  0.140000  0.360000  0.140000 
 0.178218  0.237624  0.346535  0.237624 
 0.000000  1.000000  0.000000  0.000000 
 1.000000  0.000000  0.000000  0.000000 
 0.000000  1.000000  0.000000  0.000000 
 0.000000  0.000000  1.000000  0.000000 
 0.000000  0.050000  0.000000  0.950000 
 0.000000  0.000000  0.800000  0.200000 
 0.415842  0.247525  0.168317  0.168317 
 0.170000  0.420000  0.080000  0.330000 
 0.420000  0.250000  0.000000  0.330000 
 0.400000  0.300000  0.000000  0.300000 
 0.128713  0.495050  0.128713  0.247525 

