MEME version 4

ALPHABET= ACGT

strands: + -

Background letter frequencies
A 0.250000 C 0.250000 G 0.250000 T 0.250000

MOTIF M09835_2.00 MAX 
letter-probability matrix: alength= 4 w= 14 nsites= 100 E= 0
 0.380000  0.160000  0.260000  0.200000 
 0.420000  0.100000  0.330000  0.150000 
 0.620000  0.030000  0.300000  0.050000 
 0.300000  0.320000  0.150000  0.230000 
 0.000000  1.000000  0.000000  0.000000 
 1.000000  0.000000  0.000000  0.000000 
 0.000000  1.000000  0.000000  0.000000 
 0.000000  0.000000  1.000000  0.000000 
 0.000000  0.000000  0.000000  1.000000 
 0.000000  0.000000  1.000000  0.000000 
 0.230000  0.150000  0.320000  0.300000 
 0.050000  0.300000  0.030000  0.620000 
 0.150000  0.330000  0.100000  0.420000 
 0.200000  0.260000  0.160000  0.380000 

