MEME version 4

ALPHABET= ACGT

strands: + -

Background letter frequencies
A 0.250000 C 0.250000 G 0.250000 T 0.250000

MOTIF M09975_2.00 BACH1 
letter-probability matrix: alength= 4 w= 15 nsites= 100 E= 0
 0.518519  0.148148  0.259259  0.074074 
 0.148148  0.259259  0.333333  0.259259 
 0.111111  0.518519  0.222222  0.148148 
 0.814815  0.037037  0.111111  0.037037 
 0.000000  0.000000  0.000000  1.000000 
 0.000000  0.000000  1.000000  0.000000 
 1.000000  0.000000  0.000000  0.000000 
 0.000000  1.000000  0.000000  0.000000 
 0.000000  0.000000  0.000000  1.000000 
 0.000000  1.000000  0.000000  0.000000 
 1.000000  0.000000  0.000000  0.000000 
 0.000000  0.222222  0.037037  0.740741 
 0.111111  0.444444  0.333333  0.111111 
 0.222222  0.222222  0.333333  0.222222 
 0.074074  0.259259  0.185185  0.481481 

