MEME version 4

ALPHABET= ACGT

strands: + -

Background letter frequencies
A 0.250000 C 0.250000 G 0.250000 T 0.250000

MOTIF M09942_2.00 ATF2 
letter-probability matrix: alength= 4 w= 12 nsites= 100 E= 0
 0.285714  0.285714  0.428571  0.000000 
 0.000000  0.285714  0.571429  0.142857 
 0.000000  0.000000  0.000000  1.000000 
 0.000000  0.000000  1.000000  0.000000 
 1.000000  0.000000  0.000000  0.000000 
 0.000000  1.000000  0.000000  0.000000 
 0.000000  0.000000  1.000000  0.000000 
 0.000000  0.142857  0.000000  0.857143 
 0.571429  0.428571  0.000000  0.000000 
 0.714286  0.000000  0.142857  0.142857 
 0.142857  0.571429  0.285714  0.000000 
 0.142857  0.285714  0.142857  0.428571 

