MEME version 4

ALPHABET= ACGT

strands: + -

Background letter frequencies
A 0.250000 C 0.250000 G 0.250000 T 0.250000

MOTIF M09932_2.00 XBP1 
letter-probability matrix: alength= 4 w= 24 nsites= 100 E= 0
 0.230769  0.384615  0.230769  0.153846 
 0.357143  0.214286  0.071429  0.357143 
 0.187500  0.250000  0.312500  0.250000 
 0.470588  0.058824  0.058824  0.411765 
 0.470588  0.000000  0.294118  0.235294 
 0.352941  0.235294  0.117647  0.294118 
 0.333333  0.055556  0.500000  0.111111 
 0.526316  0.263158  0.210526  0.000000 
 0.120000  0.040000  0.040000  0.800000 
 0.160000  0.000000  0.720000  0.120000 
 1.000000  0.000000  0.000000  0.000000 
 0.000000  1.000000  0.000000  0.000000 
 0.000000  0.000000  1.000000  0.000000 
 0.000000  0.133333  0.000000  0.866667 
 0.033333  0.000000  0.900000  0.066667 
 0.037037  0.074074  0.407407  0.481481 
 0.185185  0.592593  0.074074  0.148148 
 0.370370  0.185185  0.185185  0.259259 
 0.269231  0.192308  0.038462  0.500000 
 0.384615  0.076923  0.000000  0.538462 
 0.307692  0.076923  0.153846  0.461538 
 0.400000  0.080000  0.160000  0.360000 
 0.416667  0.250000  0.083333  0.250000 
 0.047619  0.238095  0.285714  0.428571 

