MEME version 4

ALPHABET= ACGT

strands: + -

Background letter frequencies
A 0.250000 C 0.250000 G 0.250000 T 0.250000

MOTIF M10028_2.00 CEBPA 
letter-probability matrix: alength= 4 w= 18 nsites= 100 E= 0
 0.278742  0.187636  0.330803  0.202820 
 0.097614  0.082430  0.731020  0.088937 
 0.347072  0.085683  0.097614  0.469631 
 0.429501  0.298265  0.272234  0.000000 
 0.000000  0.000000  0.000000  1.000000 
 0.000000  0.000000  0.437093  0.562907 
 0.356833  0.181128  0.092191  0.369848 
 0.000000  0.238612  0.382863  0.378525 
 0.000000  0.098698  0.901302  0.000000 
 0.097614  0.518438  0.000000  0.383948 
 1.000000  0.000000  0.000000  0.000000 
 1.000000  0.000000  0.000000  0.000000 
 0.000000  0.092291  0.437568  0.470141 
 0.270065  0.189805  0.442516  0.097614 
 0.000000  0.501449  0.260870  0.237681 
 0.719089  0.183297  0.097614  0.000000 
 0.000000  0.629067  0.000000  0.370933 
 0.511931  0.097614  0.197397  0.193059 

