MEME version 4

ALPHABET= ACGT

strands: + -

Background letter frequencies
A 0.250000 C 0.250000 G 0.250000 T 0.250000

MOTIF M10216_2.00 EGR4 
letter-probability matrix: alength= 4 w= 12 nsites= 100 E= 0
 0.280000  0.700000  0.000000  0.020000 
 0.000000  1.000000  0.000000  0.000000 
 0.340000  0.000000  0.566000  0.094000 
 0.000000  1.000000  0.000000  0.000000 
 0.000000  1.000000  0.000000  0.000000 
 0.000000  0.759000  0.000000  0.241000 
 0.907000  0.093000  0.000000  0.000000 
 0.000000  1.000000  0.000000  0.000000 
 0.000000  0.000000  0.943000  0.057000 
 0.000000  0.981000  0.000000  0.019000 
 0.738739  0.071071  0.095095  0.095095 
 0.368368  0.105105  0.000000  0.526527 

