MEME version 4

ALPHABET= ACGT

strands: + -

Background letter frequencies
A 0.250000 C 0.250000 G 0.250000 T 0.250000

MOTIF M10235_2.00 GFI1 
letter-probability matrix: alength= 4 w= 24 nsites= 100 E= 0
 0.238095  0.238095  0.333333  0.190476 
 0.217391  0.130435  0.347826  0.304348 
 0.153846  0.384615  0.307692  0.153846 
 0.379310  0.137931  0.344828  0.137931 
 0.250000  0.277778  0.166667  0.305556 
 0.350000  0.225000  0.225000  0.200000 
 0.250000  0.136364  0.227273  0.386364 
 0.304348  0.065217  0.565217  0.065217 
 0.083333  0.750000  0.083333  0.083333 
 0.375000  0.187500  0.000000  0.437500 
 0.081633  0.265306  0.530612  0.122449 
 0.254902  0.019608  0.039216  0.686275 
 0.000000  0.000000  1.000000  0.000000 
 1.000000  0.000000  0.000000  0.000000 
 0.000000  0.000000  0.000000  1.000000 
 0.000000  0.000000  0.000000  1.000000 
 0.045455  0.090909  0.136364  0.727273 
 0.400000  0.100000  0.350000  0.150000 
 0.212121  0.212121  0.272727  0.303030 
 0.161290  0.290323  0.193548  0.354839 
 0.107143  0.285714  0.214286  0.392857 
 0.160000  0.160000  0.280000  0.400000 
 0.157895  0.210526  0.315789  0.315789 
 0.200000  0.200000  0.200000  0.400000 

