MEME version 4

ALPHABET= ACGT

strands: + -

Background letter frequencies
A 0.250000 C 0.250000 G 0.250000 T 0.250000

MOTIF M10445_2.00 E2F1 
letter-probability matrix: alength= 4 w= 12 nsites= 100 E= 0
 0.103448  0.310345  0.137931  0.448276 
 0.275862  0.241379  0.034483  0.448276 
 0.068966  0.103448  0.310345  0.517241 
 0.103448  0.586207  0.275862  0.034483 
 0.000000  0.241379  0.758621  0.000000 
 0.000000  1.000000  0.000000  0.000000 
 0.000000  0.000000  1.000000  0.000000 
 0.000000  0.896552  0.103448  0.000000 
 0.000000  0.517241  0.448276  0.034483 
 0.896552  0.068966  0.034483  0.000000 
 0.862069  0.068966  0.034483  0.034483 
 0.758621  0.068966  0.103448  0.068966 

