MEME version 4

ALPHABET= ACGT

strands: + -

Background letter frequencies
A 0.250000 C 0.250000 G 0.250000 T 0.250000

MOTIF M10425_2.00 CUX1 
letter-probability matrix: alength= 4 w= 15 nsites= 100 E= 0
 0.000000  1.000000  0.000000  0.000000 
 0.291667  0.375000  0.333333  0.000000 
 1.000000  0.000000  0.000000  0.000000 
 0.000000  0.000000  0.000000  1.000000 
 0.958333  0.000000  0.041667  0.000000 
 0.125000  0.458333  0.166667  0.250000 
 0.333333  0.166667  0.291667  0.208333 
 0.041667  0.166667  0.083333  0.708333 
 0.708333  0.125000  0.125000  0.041667 
 0.000000  0.125000  0.000000  0.875000 
 0.041667  0.375000  0.083333  0.500000 
 0.000000  0.166667  0.583333  0.250000 
 0.000000  0.086957  0.869565  0.043478 
 0.000000  0.043478  0.086957  0.869565 
 0.000000  0.043478  0.913043  0.043478 

