MEME version 4

ALPHABET= ACGT

strands: + -

Background letter frequencies
A 0.250000 C 0.250000 G 0.250000 T 0.250000

MOTIF M10540_2.00 FOXA2 
letter-probability matrix: alength= 4 w= 15 nsites= 100 E= 0
 0.357143  0.071429  0.000000  0.571429 
 0.739130  0.000000  0.217391  0.043478 
 0.708333  0.125000  0.041667  0.125000 
 0.458333  0.041667  0.416667  0.083333 
 0.125000  0.375000  0.041667  0.458333 
 0.833333  0.125000  0.000000  0.041667 
 1.000000  0.000000  0.000000  0.000000 
 1.000000  0.000000  0.000000  0.000000 
 0.000000  0.500000  0.000000  0.500000 
 0.958333  0.000000  0.041667  0.000000 
 0.291667  0.083333  0.166667  0.458333 
 0.083333  0.083333  0.208333  0.625000 
 0.250000  0.208333  0.208333  0.333333 
 0.285714  0.642857  0.000000  0.071429 
 0.461538  0.307692  0.230769  0.000000 

