MEME version 4

ALPHABET= ACGT

strands: + -

Background letter frequencies
A 0.250000 C 0.250000 G 0.250000 T 0.250000

MOTIF M10556_2.00 FOXI1 
letter-probability matrix: alength= 4 w= 13 nsites= 100 E= 0
 0.230000  0.160000  0.060000  0.550000 
 0.770000  0.130000  0.030000  0.070000 
 0.580000  0.130000  0.030000  0.260000 
 0.770000  0.000000  0.230000  0.000000 
 0.000000  0.520000  0.000000  0.480000 
 1.000000  0.000000  0.000000  0.000000 
 1.000000  0.000000  0.000000  0.000000 
 1.000000  0.000000  0.000000  0.000000 
 0.000000  0.580000  0.000000  0.420000 
 1.000000  0.000000  0.000000  0.000000 
 0.270000  0.270000  0.120000  0.340000 
 0.230000  0.390000  0.260000  0.120000 
 0.320000  0.450000  0.030000  0.200000 

