MEME version 4

ALPHABET= ACGT

strands: + -

Background letter frequencies
A 0.250000 C 0.250000 G 0.250000 T 0.250000

MOTIF M10550_2.00 FOXO1 
letter-probability matrix: alength= 4 w= 14 nsites= 100 E= 0
 0.526316  0.210526  0.263158  0.000000 
 0.550000  0.150000  0.150000  0.150000 
 0.250000  0.350000  0.050000  0.350000 
 0.047619  0.000000  0.952381  0.000000 
 0.095238  0.000000  0.000000  0.904762 
 0.952381  0.047619  0.000000  0.000000 
 0.952381  0.000000  0.000000  0.047619 
 0.952381  0.000000  0.000000  0.047619 
 0.000000  1.000000  0.000000  0.000000 
 1.000000  0.000000  0.000000  0.000000 
 0.857143  0.000000  0.047619  0.095238 
 0.238095  0.380952  0.238095  0.142857 
 0.500000  0.200000  0.100000  0.200000 
 0.200000  0.550000  0.050000  0.200000 

