MEME version 4

ALPHABET= ACGT

strands: + -

Background letter frequencies
A 0.250000 C 0.250000 G 0.250000 T 0.250000

MOTIF M10709_2.00 MEIS1 
letter-probability matrix: alength= 4 w= 12 nsites= 100 E= 0
 0.214286  0.357143  0.142857  0.285714 
 0.357143  0.285714  0.071429  0.285714 
 0.285714  0.214286  0.357143  0.142857 
 0.031250  0.000000  0.031250  0.937500 
 0.000000  0.000000  1.000000  0.000000 
 0.875000  0.000000  0.031250  0.093750 
 0.000000  1.000000  0.000000  0.000000 
 1.000000  0.000000  0.000000  0.000000 
 0.031250  0.125000  0.812500  0.031250 
 0.285714  0.142857  0.428571  0.142857 
 0.250000  0.125000  0.250000  0.375000 
 0.142857  0.428571  0.285714  0.142857 

