MEME version 4

ALPHABET= ACGT

strands: + -

Background letter frequencies
A 0.250000 C 0.250000 G 0.250000 T 0.250000

MOTIF M10828_2.00 POU2F1 
letter-probability matrix: alength= 4 w= 13 nsites= 100 E= 0
 0.184211  0.289474  0.263158  0.263158 
 0.195122  0.170732  0.292683  0.341463 
 0.181818  0.363636  0.250000  0.204545 
 0.352941  0.137255  0.431373  0.078431 
 0.019608  0.156863  0.000000  0.823529 
 0.980392  0.000000  0.000000  0.019608 
 0.980392  0.000000  0.000000  0.019608 
 0.156863  0.098039  0.058824  0.686275 
 0.180000  0.260000  0.360000  0.200000 
 0.645833  0.041667  0.166667  0.145833 
 0.162162  0.216216  0.351351  0.270270 
 0.305556  0.111111  0.361111  0.222222 
 0.314286  0.142857  0.171429  0.371429 

