MEME version 4

ALPHABET= ACGT

strands: + -

Background letter frequencies
A 0.250000 C 0.250000 G 0.250000 T 0.250000

MOTIF M10835_2.00 POU2F1 
letter-probability matrix: alength= 4 w= 15 nsites= 100 E= 0
 0.366667  0.200000  0.366667  0.066667 
 0.333333  0.100000  0.266667  0.300000 
 0.400000  0.200000  0.300000  0.100000 
 0.300000  0.233333  0.100000  0.366667 
 0.800000  0.033333  0.100000  0.066667 
 0.033333  0.033333  0.033333  0.900000 
 0.100000  0.033333  0.833333  0.033333 
 0.066667  0.733333  0.033333  0.166667 
 0.766667  0.066667  0.100000  0.066667 
 0.966667  0.000000  0.033333  0.000000 
 0.900000  0.000000  0.033333  0.066667 
 0.033333  0.033333  0.233333  0.700000 
 0.200000  0.400000  0.133333  0.266667 
 0.633333  0.233333  0.100000  0.033333 
 0.066667  0.366667  0.366667  0.200000 

