MEME version 4

ALPHABET= ACGT

strands: + -

Background letter frequencies
A 0.250000 C 0.250000 G 0.250000 T 0.250000

MOTIF M10827_2.00 POU2F1 
letter-probability matrix: alength= 4 w= 15 nsites= 100 E= 0
 0.300000  0.150000  0.175000  0.375000 
 0.325000  0.150000  0.275000  0.250000 
 0.275000  0.275000  0.175000  0.275000 
 0.317073  0.146341  0.243902  0.292683 
 0.068182  0.113636  0.068182  0.750000 
 0.022727  0.000000  0.977273  0.000000 
 0.454545  0.522727  0.022727  0.000000 
 0.977273  0.000000  0.022727  0.000000 
 0.000000  0.000000  0.000000  1.000000 
 0.931818  0.000000  0.022727  0.045455 
 0.090909  0.045455  0.045455  0.818182 
 0.045455  0.090909  0.113636  0.750000 
 0.146341  0.658537  0.121951  0.073171 
 0.361111  0.222222  0.138889  0.277778 
 0.125000  0.250000  0.187500  0.437500 

