MEME version 4

ALPHABET= ACGT

strands: + -

Background letter frequencies
A 0.250000 C 0.250000 G 0.250000 T 0.250000

MOTIF M10808_2.00 PAX2 
letter-probability matrix: alength= 4 w= 19 nsites= 100 E= 0
 0.259259  0.370370  0.148148  0.222222 
 0.161290  0.322581  0.225806  0.290323 
 0.218750  0.250000  0.062500  0.468750 
 0.250000  0.312500  0.187500  0.250000 
 0.250000  0.031250  0.593750  0.125000 
 0.156250  0.062500  0.000000  0.781250 
 0.031250  0.625000  0.093750  0.250000 
 0.656250  0.093750  0.093750  0.156250 
 0.187500  0.406250  0.093750  0.312500 
 0.093750  0.093750  0.625000  0.187500 
 0.100000  0.433333  0.233333  0.233333 
 0.466667  0.033333  0.366667  0.133333 
 0.133333  0.166667  0.100000  0.600000 
 0.137931  0.103448  0.482759  0.275862 
 0.620690  0.172414  0.068966  0.137931 
 0.120000  0.320000  0.200000  0.360000 
 0.052632  0.263158  0.368421  0.315789 
 0.230769  0.230769  0.384615  0.153846 
 0.300000  0.300000  0.200000  0.200000 

