MEME version 4

ALPHABET= ACGT

strands: + -

Background letter frequencies
A 0.250000 C 0.250000 G 0.250000 T 0.250000

MOTIF M10937_2.00 MEF2A 
letter-probability matrix: alength= 4 w= 22 nsites= 100 E= 0
 0.220000  0.220000  0.240000  0.320000 
 0.260000  0.270000  0.290000  0.180000 
 0.265306  0.142857  0.265306  0.326531 
 0.180000  0.210000  0.370000  0.240000 
 0.220000  0.030000  0.490000  0.260000 
 0.310000  0.100000  0.090000  0.500000 
 0.150000  0.040000  0.390000  0.420000 
 0.000000  0.980000  0.000000  0.020000 
 0.000000  0.000000  0.000000  1.000000 
 0.800000  0.000000  0.010000  0.190000 
 0.530000  0.000000  0.000000  0.470000 
 0.920000  0.000000  0.000000  0.080000 
 0.919192  0.010101  0.020202  0.050505 
 0.990000  0.000000  0.000000  0.010000 
 0.000000  0.000000  0.000000  1.000000 
 0.980000  0.000000  0.000000  0.020000 
 0.050000  0.000000  0.920000  0.030000 
 0.460000  0.390000  0.040000  0.110000 
 0.420000  0.270000  0.060000  0.250000 
 0.260000  0.340000  0.060000  0.340000 
 0.300000  0.280000  0.180000  0.240000 
 0.300000  0.280000  0.230000  0.190000 

