MEME version 4

ALPHABET= ACGT

strands: + -

Background letter frequencies
A 0.250000 C 0.250000 G 0.250000 T 0.250000

MOTIF M11148_2.00 NR6A1 
letter-probability matrix: alength= 4 w= 18 nsites= 100 E= 0
 0.243243  0.405405  0.216216  0.135135 
 0.054054  0.135135  0.189189  0.621622 
 0.081081  0.756757  0.135135  0.027027 
 0.837838  0.027027  0.108108  0.027027 
 0.945946  0.000000  0.027027  0.027027 
 0.027027  0.000000  0.972973  0.000000 
 0.000000  0.027027  0.351351  0.621622 
 0.000000  0.000000  0.000000  1.000000 
 0.000000  1.000000  0.000000  0.000000 
 1.000000  0.000000  0.000000  0.000000 
 0.972973  0.027027  0.000000  0.000000 
 0.000000  0.000000  0.918919  0.081081 
 0.027027  0.027027  0.459459  0.486486 
 0.027027  0.027027  0.054054  0.891892 
 0.000000  0.945946  0.000000  0.054054 
 0.918919  0.027027  0.027027  0.027027 
 0.243243  0.378378  0.162162  0.216216 
 0.162162  0.378378  0.189189  0.270270 

