MEME version 4

ALPHABET= ACGT

strands: + -

Background letter frequencies
A 0.250000 C 0.250000 G 0.250000 T 0.250000

MOTIF M11384_2.00 T 
letter-probability matrix: alength= 4 w= 24 nsites= 100 E= 0
 0.375000  0.425000  0.075000  0.125000 
 0.125000  0.075000  0.375000  0.425000 
 0.375000  0.350000  0.000000  0.275000 
 0.125000  0.300000  0.400000  0.175000 
 0.025000  0.050000  0.000000  0.925000 
 0.050000  0.475000  0.475000  0.000000 
 0.750000  0.000000  0.175000  0.075000 
 0.000000  1.000000  0.000000  0.000000 
 0.950000  0.000000  0.050000  0.000000 
 0.050000  0.850000  0.050000  0.050000 
 0.050000  0.700000  0.200000  0.050000 
 0.025000  0.025000  0.000000  0.950000 
 1.000000  0.000000  0.000000  0.000000 
 0.000000  0.000000  1.000000  0.000000 
 0.000000  0.000000  1.000000  0.000000 
 0.000000  0.000000  0.000000  1.000000 
 0.000000  0.000000  1.000000  0.000000 
 0.000000  0.050000  0.000000  0.950000 
 0.025000  0.175000  0.700000  0.100000 
 1.000000  0.000000  0.000000  0.000000 
 0.775000  0.125000  0.000000  0.100000 
 0.800000  0.000000  0.075000  0.125000 
 0.125000  0.125000  0.025000  0.725000 
 0.025000  0.125000  0.200000  0.650000 

