MEME version 4

ALPHABET= ACGT

strands: + -

Background letter frequencies
A 0.250000 C 0.250000 G 0.250000 T 0.250000

MOTIF AIRE_HUMAN.H11MO.0.C AIRE
letter-probability matrix: alength= 4 w= 18 nsites= 41 E= 0
 0.397727  0.261364  0.125000  0.215909 
 0.181818  0.181818  0.136364  0.500000 
 0.136364  0.136364  0.204545  0.522727 
 0.045455  0.000000  0.886364  0.068182 
 0.000000  0.000000  0.818182  0.181818 
 0.318182  0.045455  0.022727  0.613636 
 0.386364  0.090909  0.022727  0.500000 
 0.363636  0.136364  0.136364  0.363636 
 0.340909  0.068182  0.136364  0.454545 
 0.522727  0.090909  0.136364  0.250000 
 0.386364  0.045455  0.068182  0.500000 
 0.227273  0.136364  0.068182  0.568182 
 0.000000  0.022727  0.886364  0.090909 
 0.000000  0.000000  0.977273  0.022727 
 0.227273  0.090909  0.250000  0.431818 
 0.068182  0.181818  0.181818  0.568182 
 0.454545  0.022727  0.159091  0.363636 
 0.403409  0.267045  0.107955  0.221591 

