MEME version 4

ALPHABET= ACGT

strands: + -

Background letter frequencies
A 0.250000 C 0.250000 G 0.250000 T 0.250000

MOTIF AP2A_HUMAN.H11MO.0.A AP2A
letter-probability matrix: alength= 4 w= 15 nsites= 500 E= 0
 0.416157  0.185364  0.193126  0.205353 
 0.231117  0.091121  0.134669  0.543093 
 0.176761  0.094399  0.470226  0.258614 
 0.010833  0.520605  0.431449  0.037112 
 0.000000  1.000000  0.000000  0.000000 
 0.000000  0.900973  0.000000  0.099027 
 0.050939  0.111305  0.012785  0.824971 
 0.001839  0.000000  0.796566  0.201595 
 0.535334  0.038587  0.409236  0.016843 
 0.142159  0.000000  0.856086  0.001755 
 0.000000  0.000000  1.000000  0.000000 
 0.047865  0.556119  0.379997  0.016019 
 0.308254  0.381636  0.091740  0.218370 
 0.513041  0.093421  0.204258  0.189280 
 0.238520  0.148893  0.208397  0.404189 

