MEME version 4

ALPHABET= ACGT

strands: + -

Background letter frequencies
A 0.250000 C 0.250000 G 0.250000 T 0.250000

MOTIF ASCL1_HUMAN.H11MO.0.A ASCL1
letter-probability matrix: alength= 4 w= 14 nsites= 480 E= 0
 0.189583  0.437500  0.175000  0.197917 
 0.218750  0.245833  0.160417  0.375000 
 0.220833  0.254167  0.427083  0.097917 
 0.006250  0.981250  0.004167  0.008333 
 0.981250  0.004167  0.000000  0.014583 
 0.006250  0.614583  0.358333  0.020833 
 0.008333  0.979167  0.002083  0.010417 
 0.008333  0.002083  0.002083  0.987500 
 0.004167  0.004167  0.977083  0.014583 
 0.008333  0.781250  0.083333  0.127083 
 0.081250  0.420833  0.006250  0.491667 
 0.102083  0.385417  0.275000  0.237500 
 0.131250  0.491667  0.097917  0.279167 
 0.166667  0.406250  0.152083  0.275000 

