MEME version 4

ALPHABET= ACGT

strands: + -

Background letter frequencies
A 0.250000 C 0.250000 G 0.250000 T 0.250000

MOTIF ATF4_HUMAN.H11MO.0.A ATF4
letter-probability matrix: alength= 4 w= 12 nsites= 500 E= 0
 0.398000  0.064000  0.382000  0.156000 
 0.236000  0.186000  0.394000  0.184000 
 0.534000  0.330000  0.136000  0.000000 
 0.002000  0.002000  0.000000  0.996000 
 0.000000  0.006000  0.978000  0.016000 
 0.980000  0.006000  0.010000  0.004000 
 0.000000  0.052000  0.006000  0.942000 
 0.000000  0.006000  0.994000  0.000000 
 0.102000  0.802000  0.002000  0.094000 
 0.994000  0.006000  0.000000  0.000000 
 0.998000  0.000000  0.002000  0.000000 
 0.016000  0.292000  0.130000  0.562000 

