MEME version 4

ALPHABET= ACGT

strands: + -

Background letter frequencies
A 0.250000 C 0.250000 G 0.250000 T 0.250000

MOTIF ATF6A_HUMAN.H11MO.0.B ATF6A
letter-probability matrix: alength= 4 w= 12 nsites= 20 E= 0
 0.184615  0.184615  0.584615  0.046154 
 0.000000  0.215385  0.323077  0.461538 
 0.000000  0.261538  0.600000  0.138462 
 0.092308  0.400000  0.461538  0.046154 
 0.000000  0.030769  0.000000  0.969231 
 0.000000  0.046154  0.953846  0.000000 
 0.923077  0.046154  0.000000  0.030769 
 0.000000  1.000000  0.000000  0.000000 
 0.000000  0.000000  1.000000  0.000000 
 0.000000  0.000000  0.000000  1.000000 
 0.000000  0.092308  0.907692  0.000000 
 0.092308  0.000000  0.907692  0.000000 

