MEME version 4

ALPHABET= ACGT

strands: + -

Background letter frequencies
A 0.250000 C 0.250000 G 0.250000 T 0.250000

MOTIF BACH1_HUMAN.H11MO.0.A BACH1
letter-probability matrix: alength= 4 w= 13 nsites= 500 E= 0
 0.062814  0.168165  0.097514  0.671507 
 0.009159  0.066388  0.922471  0.001982 
 0.020869  0.967669  0.003925  0.007537 
 0.036175  0.079549  0.080105  0.804170 
 0.003849  0.061319  0.891016  0.043817 
 0.802931  0.020573  0.124498  0.051998 
 0.013264  0.214858  0.763325  0.008552 
 0.006201  0.036137  0.145857  0.811806 
 0.016194  0.943831  0.034274  0.005701 
 0.786389  0.095807  0.082420  0.035385 
 0.009779  0.334279  0.256607  0.399335 
 0.151609  0.265559  0.394721  0.188111 
 0.105236  0.378590  0.372625  0.143549 

