MEME version 4

ALPHABET= ACGT

strands: + -

Background letter frequencies
A 0.250000 C 0.250000 G 0.250000 T 0.250000

MOTIF BATF_HUMAN.H11MO.0.A BATF
letter-probability matrix: alength= 4 w= 18 nsites= 500 E= 0
 0.452000  0.078000  0.264000  0.206000 
 0.048000  0.400000  0.346000  0.206000 
 0.012000  0.018000  0.044000  0.926000 
 0.134000  0.328000  0.024000  0.514000 
 0.086000  0.238000  0.052000  0.624000 
 0.142000  0.546000  0.046000  0.266000 
 0.380000  0.086000  0.396000  0.138000 
 0.370000  0.114000  0.230000  0.286000 
 0.338000  0.018000  0.084000  0.560000 
 0.578000  0.158000  0.022000  0.242000 
 0.002000  0.002000  0.000000  0.996000 
 0.004000  0.056000  0.850000  0.090000 
 0.978000  0.008000  0.012000  0.002000 
 0.104000  0.558000  0.316000  0.022000 
 0.072000  0.030000  0.020000  0.878000 
 0.212000  0.508000  0.212000  0.068000 
 0.612000  0.084000  0.110000  0.194000 
 0.142000  0.186000  0.306000  0.366000 

