MEME version 4

ALPHABET= ACGT

strands: + -

Background letter frequencies
A 0.250000 C 0.250000 G 0.250000 T 0.250000

MOTIF BC11A_HUMAN.H11MO.0.A BC11A
letter-probability matrix: alength= 4 w= 17 nsites= 500 E= 0
 0.375755  0.184612  0.286202  0.153431 
 0.550640  0.099440  0.224089  0.125831 
 0.500214  0.142342  0.230710  0.126734 
 0.590050  0.016570  0.226046  0.167334 
 0.187423  0.160778  0.580483  0.071316 
 0.664594  0.014535  0.269381  0.051491 
 0.104008  0.014441  0.828666  0.052884 
 0.200407  0.032728  0.758648  0.008217 
 0.880224  0.043084  0.048557  0.028135 
 0.867987  0.005791  0.055505  0.070717 
 0.248398  0.226042  0.502191  0.023369 
 0.150138  0.154973  0.031515  0.663374 
 0.117806  0.072457  0.760291  0.049446 
 0.658831  0.064376  0.250663  0.026130 
 0.458826  0.143432  0.310178  0.087564 
 0.622777  0.078811  0.157276  0.141137 
 0.359007  0.204691  0.318090  0.118212 

