MEME version 4

ALPHABET= ACGT

strands: + -

Background letter frequencies
A 0.250000 C 0.250000 G 0.250000 T 0.250000

MOTIF BRAC_HUMAN.H11MO.0.A BRAC
letter-probability matrix: alength= 4 w= 20 nsites= 500 E= 0
 0.120000  0.252000  0.146000  0.482000 
 0.078000  0.202000  0.106000  0.614000 
 0.336000  0.312000  0.224000  0.128000 
 0.334000  0.164000  0.380000  0.122000 
 0.138000  0.674000  0.128000  0.060000 
 0.670000  0.072000  0.162000  0.096000 
 0.198000  0.174000  0.408000  0.220000 
 0.182000  0.252000  0.402000  0.164000 
 0.244000  0.166000  0.340000  0.250000 
 0.470000  0.190000  0.230000  0.110000 
 0.344000  0.052000  0.438000  0.166000 
 0.060000  0.128000  0.748000  0.064000 
 0.038000  0.016000  0.004000  0.942000 
 0.002000  0.014000  0.970000  0.014000 
 0.224000  0.052000  0.044000  0.680000 
 0.032000  0.152000  0.632000  0.184000 
 0.906000  0.020000  0.062000  0.012000 
 0.660000  0.058000  0.222000  0.060000 
 0.350000  0.088000  0.262000  0.300000 
 0.200000  0.136000  0.198000  0.466000 

