MEME version 4

ALPHABET= ACGT

strands: + -

Background letter frequencies
A 0.250000 C 0.250000 G 0.250000 T 0.250000

MOTIF CEBPE_HUMAN.H11MO.0.A CEBPE
letter-probability matrix: alength= 4 w= 12 nsites= 812 E= 0
 0.112268  0.107019  0.201585  0.579128 
 0.000000  0.000000  0.099220  0.900780 
 0.227291  0.000000  0.465522  0.307188 
 0.047403  0.570579  0.218067  0.163951 
 0.085931  0.000000  0.914069  0.000000 
 0.320886  0.445762  0.000680  0.232672 
 0.847065  0.151397  0.001538  0.000000 
 1.000000  0.000000  0.000000  0.000000 
 0.000000  0.149693  0.010732  0.839574 
 0.264576  0.485680  0.040721  0.209023 
 0.212984  0.070322  0.180687  0.536007 
 0.112919  0.311450  0.205292  0.370339 

