MEME version 4

ALPHABET= ACGT

strands: + -

Background letter frequencies
A 0.250000 C 0.250000 G 0.250000 T 0.250000

MOTIF CEBPG_HUMAN.H11MO.0.B CEBPG
letter-probability matrix: alength= 4 w= 12 nsites= 500 E= 0
 0.562000  0.124000  0.288000  0.026000 
 0.000000  0.000000  0.000000  1.000000 
 0.002000  0.000000  0.040000  0.958000 
 0.176000  0.002000  0.688000  0.134000 
 0.002000  0.996000  0.002000  0.000000 
 0.868000  0.042000  0.074000  0.016000 
 0.016000  0.032000  0.014000  0.938000 
 0.056000  0.924000  0.008000  0.012000 
 0.992000  0.000000  0.006000  0.002000 
 0.016000  0.136000  0.398000  0.450000 
 0.256000  0.398000  0.132000  0.214000 
 0.196000  0.364000  0.094000  0.346000 

