MEME version 4

ALPHABET= ACGT

strands: + -

Background letter frequencies
A 0.250000 C 0.250000 G 0.250000 T 0.250000

MOTIF CEBPB_HUMAN.H11MO.0.A CEBPB
letter-probability matrix: alength= 4 w= 12 nsites= 454 E= 0
 0.237885  0.099119  0.352423  0.310573 
 0.453744  0.132159  0.387665  0.026432 
 0.000000  0.002203  0.002203  0.995595 
 0.000000  0.000000  0.299559  0.700441 
 0.301762  0.002203  0.513216  0.182819 
 0.167401  0.259912  0.081498  0.491189 
 0.000000  0.000000  1.000000  0.000000 
 0.081498  0.898678  0.000000  0.019824 
 1.000000  0.000000  0.000000  0.000000 
 1.000000  0.000000  0.000000  0.000000 
 0.000000  0.244493  0.147577  0.607930 
 0.370044  0.332599  0.182819  0.114537 

