MEME version 4

ALPHABET= ACGT

strands: + -

Background letter frequencies
A 0.250000 C 0.250000 G 0.250000 T 0.250000

MOTIF CLOCK_HUMAN.H11MO.0.C CLOCK
letter-probability matrix: alength= 4 w= 14 nsites= 252 E= 0
 0.158730  0.599206  0.178571  0.063492 
 0.424603  0.115079  0.190476  0.269841 
 0.202381  0.146825  0.511905  0.138889 
 0.337302  0.321429  0.166667  0.174603 
 0.095238  0.849206  0.043651  0.011905 
 0.809524  0.063492  0.043651  0.083333 
 0.154762  0.607143  0.126984  0.111111 
 0.253968  0.055556  0.642857  0.047619 
 0.095238  0.119048  0.043651  0.742063 
 0.087302  0.023810  0.861111  0.027778 
 0.400794  0.313492  0.178571  0.107143 
 0.369048  0.242063  0.281746  0.107143 
 0.222222  0.388889  0.289683  0.099206 
 0.492063  0.297619  0.023810  0.186508 

