MEME version 4

ALPHABET= ACGT

strands: + -

Background letter frequencies
A 0.250000 C 0.250000 G 0.250000 T 0.250000

MOTIF CRX_HUMAN.H11MO.0.B CRX
letter-probability matrix: alength= 4 w= 13 nsites= 500 E= 0
 0.248000  0.164000  0.152000  0.436000 
 0.534000  0.104000  0.262000  0.100000 
 0.574000  0.046000  0.276000  0.104000 
 0.172000  0.092000  0.566000  0.170000 
 0.498000  0.164000  0.262000  0.076000 
 0.192000  0.006000  0.776000  0.026000 
 0.032000  0.010000  0.936000  0.022000 
 0.764000  0.218000  0.016000  0.002000 
 0.000000  0.000000  0.000000  1.000000 
 0.022000  0.058000  0.024000  0.896000 
 0.880000  0.004000  0.034000  0.082000 
 0.270000  0.066000  0.526000  0.138000 
 0.234000  0.324000  0.344000  0.098000 

