MEME version 4

ALPHABET= ACGT

strands: + -

Background letter frequencies
A 0.250000 C 0.250000 G 0.250000 T 0.250000

MOTIF CTCFL_HUMAN.H11MO.0.A CTCFL
letter-probability matrix: alength= 4 w= 17 nsites= 450 E= 0
 0.166667  0.182222  0.442222  0.208889 
 0.044444  0.833333  0.073333  0.048889 
 0.017778  0.942222  0.026667  0.013333 
 0.340000  0.068889  0.373333  0.217778 
 0.124444  0.446667  0.417778  0.011111 
 0.142222  0.511111  0.091111  0.255556 
 0.873333  0.044444  0.031111  0.051111 
 0.008889  0.011111  0.977778  0.002222 
 0.231111  0.000000  0.755556  0.013333 
 0.080000  0.091111  0.733333  0.095556 
 0.008889  0.002222  0.982222  0.006667 
 0.011111  0.013333  0.935556  0.040000 
 0.082222  0.897778  0.004444  0.015556 
 0.211111  0.004444  0.768889  0.015556 
 0.028889  0.706667  0.206667  0.057778 
 0.128889  0.408889  0.077778  0.384444 
 0.264444  0.262222  0.380000  0.093333 

