MEME version 4

ALPHABET= ACGT

strands: + -

Background letter frequencies
A 0.250000 C 0.250000 G 0.250000 T 0.250000

MOTIF E2F1_HUMAN.H11MO.0.A E2F1
letter-probability matrix: alength= 4 w= 14 nsites= 500 E= 0
 0.328000  0.160000  0.378000  0.134000 
 0.236000  0.200000  0.452000  0.112000 
 0.272000  0.210000  0.290000  0.228000 
 0.190000  0.102000  0.466000  0.242000 
 0.082000  0.200000  0.704000  0.014000 
 0.018000  0.006000  0.966000  0.010000 
 0.056000  0.922000  0.004000  0.018000 
 0.016000  0.008000  0.958000  0.018000 
 0.022000  0.082000  0.890000  0.006000 
 0.068000  0.034000  0.890000  0.008000 
 0.856000  0.020000  0.090000  0.034000 
 0.654000  0.064000  0.272000  0.010000 
 0.400000  0.140000  0.366000  0.094000 
 0.272000  0.164000  0.396000  0.168000 

