MEME version 4

ALPHABET= ACGT

strands: + -

Background letter frequencies
A 0.250000 C 0.250000 G 0.250000 T 0.250000

MOTIF E2F6_HUMAN.H11MO.0.A E2F6
letter-probability matrix: alength= 4 w= 13 nsites= 500 E= 0
 0.338000  0.148000  0.342000  0.172000 
 0.262000  0.034000  0.556000  0.148000 
 0.154000  0.126000  0.700000  0.020000 
 0.010000  0.016000  0.964000  0.010000 
 0.214000  0.708000  0.012000  0.066000 
 0.040000  0.018000  0.894000  0.048000 
 0.024000  0.048000  0.896000  0.032000 
 0.072000  0.044000  0.872000  0.012000 
 0.942000  0.032000  0.014000  0.012000 
 0.512000  0.036000  0.436000  0.016000 
 0.384000  0.108000  0.438000  0.070000 
 0.278000  0.218000  0.378000  0.126000 
 0.276000  0.162000  0.426000  0.136000 

