MEME version 4

ALPHABET= ACGT

strands: + -

Background letter frequencies
A 0.250000 C 0.250000 G 0.250000 T 0.250000

MOTIF E2F7_HUMAN.H11MO.0.B E2F7
letter-probability matrix: alength= 4 w= 13 nsites= 500 E= 0
 0.196000  0.148000  0.530000  0.126000 
 0.338000  0.032000  0.416000  0.214000 
 0.142000  0.082000  0.772000  0.004000 
 0.044000  0.004000  0.942000  0.010000 
 0.084000  0.854000  0.004000  0.058000 
 0.140000  0.016000  0.814000  0.030000 
 0.022000  0.012000  0.958000  0.008000 
 0.204000  0.006000  0.776000  0.014000 
 0.714000  0.004000  0.276000  0.006000 
 0.604000  0.138000  0.240000  0.018000 
 0.428000  0.192000  0.224000  0.156000 
 0.344000  0.086000  0.356000  0.214000 
 0.260000  0.152000  0.486000  0.102000 

