MEME version 4

ALPHABET= ACGT

strands: + -

Background letter frequencies
A 0.250000 C 0.250000 G 0.250000 T 0.250000

MOTIF ELF1_HUMAN.H11MO.0.A ELF1
letter-probability matrix: alength= 4 w= 14 nsites= 500 E= 0
 0.250000  0.252000  0.402000  0.096000 
 0.458000  0.152000  0.268000  0.122000 
 0.574000  0.088000  0.128000  0.210000 
 0.218000  0.462000  0.190000  0.130000 
 0.102000  0.678000  0.208000  0.012000 
 0.300000  0.674000  0.016000  0.010000 
 0.000000  0.000000  1.000000  0.000000 
 0.006000  0.000000  0.994000  0.000000 
 0.998000  0.000000  0.000000  0.002000 
 0.988000  0.000000  0.002000  0.010000 
 0.116000  0.032000  0.840000  0.012000 
 0.136000  0.164000  0.044000  0.656000 
 0.158000  0.156000  0.578000  0.108000 
 0.126000  0.340000  0.462000  0.072000 

