MEME version 4

ALPHABET= ACGT

strands: + -

Background letter frequencies
A 0.250000 C 0.250000 G 0.250000 T 0.250000

MOTIF ELF2_HUMAN.H11MO.0.C ELF2
letter-probability matrix: alength= 4 w= 13 nsites= 500 E= 0
 0.392000  0.152000  0.318000  0.138000 
 0.490000  0.102000  0.218000  0.190000 
 0.312000  0.318000  0.298000  0.072000 
 0.072000  0.616000  0.292000  0.020000 
 0.232000  0.740000  0.014000  0.014000 
 0.008000  0.000000  0.986000  0.006000 
 0.012000  0.008000  0.978000  0.002000 
 0.974000  0.010000  0.008000  0.008000 
 0.980000  0.002000  0.008000  0.010000 
 0.086000  0.014000  0.890000  0.010000 
 0.130000  0.208000  0.104000  0.558000 
 0.196000  0.142000  0.552000  0.110000 
 0.314000  0.192000  0.434000  0.060000 

