MEME version 4

ALPHABET= ACGT

strands: + -

Background letter frequencies
A 0.250000 C 0.250000 G 0.250000 T 0.250000

MOTIF ELF5_HUMAN.H11MO.0.A ELF5
letter-probability matrix: alength= 4 w= 15 nsites= 500 E= 0
 0.254000  0.222000  0.406000  0.118000 
 0.216000  0.202000  0.492000  0.090000 
 0.468000  0.168000  0.264000  0.100000 
 0.800000  0.022000  0.074000  0.104000 
 0.144000  0.308000  0.370000  0.178000 
 0.184000  0.366000  0.444000  0.006000 
 0.684000  0.258000  0.050000  0.008000 
 0.000000  0.000000  1.000000  0.000000 
 0.006000  0.002000  0.992000  0.000000 
 0.992000  0.000000  0.006000  0.002000 
 0.982000  0.006000  0.006000  0.006000 
 0.150000  0.018000  0.828000  0.004000 
 0.158000  0.154000  0.124000  0.564000 
 0.258000  0.120000  0.476000  0.146000 
 0.280000  0.220000  0.396000  0.104000 

