MEME version 4

ALPHABET= ACGT

strands: + -

Background letter frequencies
A 0.250000 C 0.250000 G 0.250000 T 0.250000

MOTIF ELK4_HUMAN.H11MO.0.A ELK4
letter-probability matrix: alength= 4 w= 12 nsites= 500 E= 0
 0.202000  0.260000  0.438000  0.100000 
 0.368000  0.202000  0.358000  0.072000 
 0.058000  0.824000  0.108000  0.010000 
 0.048000  0.898000  0.000000  0.054000 
 0.002000  0.000000  0.994000  0.004000 
 0.000000  0.000000  0.998000  0.002000 
 0.996000  0.000000  0.000000  0.004000 
 0.966000  0.000000  0.000000  0.034000 
 0.194000  0.036000  0.728000  0.042000 
 0.052000  0.260000  0.048000  0.640000 
 0.186000  0.106000  0.606000  0.102000 
 0.238000  0.244000  0.440000  0.078000 

