MEME version 4

ALPHABET= ACGT

strands: + -

Background letter frequencies
A 0.250000 C 0.250000 G 0.250000 T 0.250000

MOTIF ERG_HUMAN.H11MO.0.A ERG
letter-probability matrix: alength= 4 w= 13 nsites= 500 E= 0
 0.338000  0.152000  0.360000  0.150000 
 0.308000  0.156000  0.458000  0.078000 
 0.436000  0.052000  0.456000  0.056000 
 0.102000  0.560000  0.334000  0.004000 
 0.866000  0.116000  0.016000  0.002000 
 0.004000  0.004000  0.986000  0.006000 
 0.006000  0.004000  0.990000  0.000000 
 0.976000  0.010000  0.010000  0.004000 
 0.936000  0.002000  0.022000  0.040000 
 0.204000  0.016000  0.778000  0.002000 
 0.102000  0.310000  0.174000  0.414000 
 0.224000  0.160000  0.514000  0.102000 
 0.262000  0.134000  0.540000  0.064000 

