MEME version 4

ALPHABET= ACGT

strands: + -

Background letter frequencies
A 0.250000 C 0.250000 G 0.250000 T 0.250000

MOTIF ESR1_HUMAN.H11MO.0.A ESR1
letter-probability matrix: alength= 4 w= 15 nsites= 500 E= 0
 0.638000  0.048000  0.260000  0.054000 
 0.074000  0.006000  0.808000  0.112000 
 0.046000  0.018000  0.908000  0.028000 
 0.094000  0.072000  0.178000  0.656000 
 0.002000  0.888000  0.048000  0.062000 
 0.856000  0.006000  0.112000  0.026000 
 0.108000  0.442000  0.312000  0.138000 
 0.396000  0.604000  0.000000  0.000000 
 0.182000  0.376000  0.286000  0.156000 
 0.104000  0.078000  0.044000  0.774000 
 0.054000  0.034000  0.908000  0.004000 
 0.618000  0.198000  0.070000  0.114000 
 0.040000  0.884000  0.014000  0.062000 
 0.090000  0.822000  0.008000  0.080000 
 0.058000  0.330000  0.066000  0.546000 

