MEME version 4

ALPHABET= ACGT

strands: + -

Background letter frequencies
A 0.250000 C 0.250000 G 0.250000 T 0.250000

MOTIF ETV2_HUMAN.H11MO.0.B ETV2
letter-probability matrix: alength= 4 w= 16 nsites= 229 E= 0
 0.323144  0.174672  0.353712  0.148472 
 0.301310  0.174672  0.436681  0.087336 
 0.580786  0.135371  0.205240  0.078603 
 0.528384  0.061135  0.384279  0.026201 
 0.563319  0.039301  0.388646  0.008734 
 0.026201  0.873362  0.091703  0.008734 
 0.890830  0.104803  0.000000  0.004367 
 0.000000  0.000000  1.000000  0.000000 
 0.000000  0.004367  0.995633  0.000000 
 0.986900  0.000000  0.013100  0.000000 
 0.930131  0.000000  0.000000  0.069869 
 0.475983  0.017467  0.506550  0.000000 
 0.056769  0.323144  0.056769  0.563319 
 0.349345  0.135371  0.406114  0.109170 
 0.109170  0.262009  0.567686  0.061135 
 0.174672  0.288210  0.436681  0.100437 

