MEME version 4

ALPHABET= ACGT

strands: + -

Background letter frequencies
A 0.250000 C 0.250000 G 0.250000 T 0.250000

MOTIF EVI1_HUMAN.H11MO.0.B EVI1
letter-probability matrix: alength= 4 w= 16 nsites= 141 E= 0
 0.418976  0.152753  0.189299  0.238972 
 0.636011  0.037199  0.083549  0.243240 
 0.020915  0.029411  0.907246  0.042428 
 0.973203  0.005882  0.005882  0.015032 
 0.041176  0.455869  0.005882  0.497073 
 0.952288  0.005882  0.017647  0.024183 
 0.918003  0.000000  0.015659  0.066339 
 0.030501  0.005882  0.962528  0.001089 
 0.967321  0.000000  0.000000  0.032679 
 0.000000  0.124642  0.005229  0.870129 
 0.900602  0.032406  0.000000  0.066991 
 0.772064  0.009150  0.156695  0.062091 
 0.210833  0.183437  0.352386  0.253344 
 0.744097  0.091963  0.076414  0.087525 
 0.129245  0.156042  0.308217  0.406496 
 0.490496  0.119128  0.158398  0.231978 

