MEME version 4

ALPHABET= ACGT

strands: + -

Background letter frequencies
A 0.250000 C 0.250000 G 0.250000 T 0.250000

MOTIF FLI1_HUMAN.H11MO.0.A FLI1
letter-probability matrix: alength= 4 w= 18 nsites= 497 E= 0
 0.209256  0.227364  0.440644  0.122736 
 0.315895  0.148893  0.432596  0.102616 
 0.446680  0.086519  0.374245  0.092555 
 0.201207  0.054326  0.653924  0.090543 
 0.299799  0.036217  0.635815  0.028169 
 0.422535  0.388330  0.183099  0.006036 
 0.915493  0.034205  0.040241  0.010060 
 0.004024  0.004024  0.981891  0.010060 
 0.002012  0.012072  0.985915  0.000000 
 0.937626  0.018109  0.044266  0.000000 
 0.957746  0.002012  0.026157  0.014085 
 0.146881  0.028169  0.822938  0.002012 
 0.134809  0.171026  0.501006  0.193159 
 0.410463  0.124748  0.402414  0.062374 
 0.394366  0.076459  0.474849  0.054326 
 0.301811  0.120724  0.509054  0.068410 
 0.241449  0.150905  0.529175  0.078471 
 0.388330  0.130785  0.364185  0.116700 

