MEME version 4

ALPHABET= ACGT

strands: + -

Background letter frequencies
A 0.250000 C 0.250000 G 0.250000 T 0.250000

MOTIF FOSL2_HUMAN.H11MO.0.A FOSL2
letter-probability matrix: alength= 4 w= 12 nsites= 500 E= 0
 0.194000  0.190000  0.374000  0.242000 
 0.282000  0.134000  0.382000  0.202000 
 0.520000  0.158000  0.298000  0.024000 
 0.000000  0.000000  0.002000  0.998000 
 0.000000  0.002000  0.958000  0.040000 
 0.986000  0.004000  0.000000  0.010000 
 0.102000  0.000000  0.898000  0.000000 
 0.004000  0.004000  0.004000  0.988000 
 0.006000  0.992000  0.002000  0.000000 
 0.998000  0.000000  0.000000  0.002000 
 0.024000  0.352000  0.114000  0.510000 
 0.216000  0.378000  0.138000  0.268000 

