MEME version 4

ALPHABET= ACGT

strands: + -

Background letter frequencies
A 0.250000 C 0.250000 G 0.250000 T 0.250000

MOTIF FOXA1_HUMAN.H11MO.0.A FOXA1
letter-probability matrix: alength= 4 w= 12 nsites= 500 E= 0
 0.016000  0.000000  0.000000  0.984000 
 0.246000  0.004000  0.750000  0.000000 
 0.002000  0.000000  0.000000  0.998000 
 0.004000  0.000000  0.056000  0.940000 
 0.000000  0.000000  0.144000  0.856000 
 0.782000  0.000000  0.206000  0.012000 
 0.008000  0.798000  0.008000  0.186000 
 0.318000  0.138000  0.004000  0.540000 
 0.032000  0.314000  0.108000  0.546000 
 0.464000  0.020000  0.016000  0.500000 
 0.218000  0.098000  0.494000  0.190000 
 0.108000  0.260000  0.394000  0.238000 

