MEME version 4

ALPHABET= ACGT

strands: + -

Background letter frequencies
A 0.250000 C 0.250000 G 0.250000 T 0.250000

MOTIF FOXC1_HUMAN.H11MO.0.C FOXC1
letter-probability matrix: alength= 4 w= 15 nsites= 26 E= 0
 0.134615  0.480769  0.173077  0.211538 
 0.346154  0.076923  0.346154  0.230769 
 0.269231  0.153846  0.076923  0.500000 
 0.000000  0.000000  0.000000  1.000000 
 0.000000  0.000000  1.000000  0.000000 
 0.038462  0.000000  0.000000  0.961538 
 0.038462  0.000000  0.000000  0.961538 
 0.000000  0.000000  0.038462  0.961538 
 0.961538  0.000000  0.000000  0.038462 
 0.000000  0.730769  0.000000  0.269231 
 0.230769  0.115385  0.000000  0.653846 
 0.000000  0.192308  0.000000  0.807692 
 0.653846  0.000000  0.000000  0.346154 
 0.461538  0.192308  0.269231  0.076923 
 0.038462  0.269231  0.576923  0.115385 

