MEME version 4

ALPHABET= ACGT

strands: + -

Background letter frequencies
A 0.250000 C 0.250000 G 0.250000 T 0.250000

MOTIF FOXJ3_HUMAN.H11MO.0.A FOXJ3
letter-probability matrix: alength= 4 w= 13 nsites= 626 E= 0
 0.194096  0.146471  0.164690  0.494743 
 0.000000  0.000000  0.000000  1.000000 
 0.082935  0.000000  0.914380  0.002685 
 0.001074  0.000000  0.000000  0.998926 
 0.000000  0.000000  0.000000  1.000000 
 0.008834  0.000000  0.175693  0.815473 
 0.818242  0.000000  0.036927  0.144831 
 0.000000  0.071113  0.000000  0.928887 
 0.113282  0.000000  0.430210  0.456508 
 0.044022  0.000000  0.325679  0.630299 
 0.052782  0.000000  0.029121  0.918097 
 0.005866  0.010135  0.016808  0.967191 
 0.358521  0.070379  0.138458  0.432642 

