MEME version 4

ALPHABET= ACGT

strands: + -

Background letter frequencies
A 0.250000 C 0.250000 G 0.250000 T 0.250000

MOTIF FOXO1_HUMAN.H11MO.0.A FOXO1
letter-probability matrix: alength= 4 w= 12 nsites= 500 E= 0
 0.186000  0.160000  0.260000  0.394000 
 0.096000  0.310000  0.256000  0.338000 
 0.060000  0.452000  0.254000  0.234000 
 0.040000  0.478000  0.170000  0.312000 
 0.006000  0.012000  0.014000  0.968000 
 0.032000  0.034000  0.918000  0.016000 
 0.004000  0.186000  0.016000  0.794000 
 0.010000  0.030000  0.062000  0.898000 
 0.012000  0.040000  0.222000  0.726000 
 0.404000  0.224000  0.052000  0.320000 
 0.006000  0.692000  0.052000  0.250000 
 0.226000  0.264000  0.176000  0.334000 

