MEME version 4

ALPHABET= ACGT

strands: + -

Background letter frequencies
A 0.250000 C 0.250000 G 0.250000 T 0.250000

MOTIF FOXQ1_HUMAN.H11MO.0.C FOXQ1
letter-probability matrix: alength= 4 w= 12 nsites= 13 E= 0
 0.307692  0.307692  0.076923  0.307692 
 0.692308  0.076923  0.230769  0.000000 
 0.076923  0.153846  0.000000  0.769231 
 0.000000  0.000000  0.000000  1.000000 
 0.000000  0.000000  1.000000  0.000000 
 0.000000  0.000000  0.000000  1.000000 
 0.000000  0.000000  0.000000  1.000000 
 0.000000  0.000000  0.000000  1.000000 
 1.000000  0.000000  0.000000  0.000000 
 0.000000  0.000000  0.076923  0.923077 
 0.153846  0.000000  0.230769  0.615385 
 0.000000  0.307692  0.000000  0.692308 

