MEME version 4

ALPHABET= ACGT

strands: + -

Background letter frequencies
A 0.250000 C 0.250000 G 0.250000 T 0.250000

MOTIF GABPA_HUMAN.H11MO.0.A GABPA
letter-probability matrix: alength= 4 w= 14 nsites= 500 E= 0
 0.182000  0.226000  0.484000  0.108000 
 0.286000  0.252000  0.386000  0.076000 
 0.364000  0.230000  0.270000  0.136000 
 0.430000  0.146000  0.384000  0.040000 
 0.098000  0.612000  0.270000  0.020000 
 0.112000  0.856000  0.026000  0.006000 
 0.008000  0.000000  0.992000  0.000000 
 0.008000  0.004000  0.986000  0.002000 
 0.996000  0.000000  0.004000  0.000000 
 0.986000  0.002000  0.000000  0.012000 
 0.106000  0.024000  0.868000  0.002000 
 0.098000  0.188000  0.032000  0.682000 
 0.178000  0.130000  0.570000  0.122000 
 0.288000  0.270000  0.384000  0.058000 

