MEME version 4

ALPHABET= ACGT

strands: + -

Background letter frequencies
A 0.250000 C 0.250000 G 0.250000 T 0.250000

MOTIF GATA6_HUMAN.H11MO.0.A GATA6
letter-probability matrix: alength= 4 w= 13 nsites= 500 E= 0
 0.338000  0.154000  0.332000  0.176000 
 0.246000  0.408000  0.266000  0.080000 
 0.728000  0.000000  0.006000  0.266000 
 0.000000  0.000000  1.000000  0.000000 
 0.994000  0.000000  0.000000  0.006000 
 0.010000  0.002000  0.000000  0.988000 
 0.918000  0.010000  0.008000  0.064000 
 0.950000  0.004000  0.028000  0.018000 
 0.036000  0.108000  0.848000  0.008000 
 0.600000  0.102000  0.264000  0.034000 
 0.232000  0.144000  0.162000  0.462000 
 0.522000  0.130000  0.144000  0.204000 
 0.502000  0.130000  0.196000  0.172000 

