MEME version 4

ALPHABET= ACGT

strands: + -

Background letter frequencies
A 0.250000 C 0.250000 G 0.250000 T 0.250000

MOTIF GRHL2_HUMAN.H11MO.0.A GRHL2
letter-probability matrix: alength= 4 w= 12 nsites= 497 E= 0
 0.740443  0.028169  0.128773  0.102616 
 0.778672  0.016097  0.088531  0.116700 
 0.000000  0.997988  0.002012  0.000000 
 0.044266  0.714286  0.008048  0.233400 
 0.225352  0.034205  0.307847  0.432596 
 0.004024  0.002012  0.993964  0.000000 
 0.024145  0.253521  0.004024  0.718310 
 0.014085  0.386318  0.010060  0.589537 
 0.122736  0.239437  0.142857  0.494970 
 0.177062  0.056338  0.462777  0.303823 
 0.350101  0.064386  0.336016  0.249497 
 0.002012  0.913481  0.028169  0.056338 

