MEME version 4

ALPHABET= ACGT

strands: + -

Background letter frequencies
A 0.250000 C 0.250000 G 0.250000 T 0.250000

MOTIF HEN1_HUMAN.H11MO.0.C HEN1
letter-probability matrix: alength= 4 w= 20 nsites= 55 E= 0
 0.119751  0.230265  0.293416  0.356567 
 0.110514  0.094726  0.636882  0.157877 
 0.031575  0.031575  0.778972  0.157877 
 0.094726  0.000000  0.857911  0.047363 
 0.126302  0.126302  0.463217  0.284179 
 0.494793  0.457844  0.047363  0.000000 
 0.126302  0.142089  0.442056  0.289553 
 0.047363  0.921061  0.031575  0.000000 
 0.968425  0.015788  0.015788  0.000000 
 0.000000  0.078939  0.873698  0.047363 
 0.000000  1.000000  0.000000  0.000000 
 0.063151  0.000000  0.000000  0.936849 
 0.000000  0.000000  0.984212  0.015788 
 0.015788  0.889486  0.063151  0.031575 
 0.047363  0.015788  0.826335  0.110514 
 0.000000  0.221028  0.284179  0.494793 
 0.015788  0.889486  0.063151  0.031575 
 0.094726  0.700033  0.078939  0.126302 
 0.110514  0.426268  0.094726  0.368491 
 0.127645  0.396036  0.064494  0.411824 

