MEME version 4

ALPHABET= ACGT

strands: + -

Background letter frequencies
A 0.250000 C 0.250000 G 0.250000 T 0.250000

MOTIF HINFP_HUMAN.H11MO.0.C HINFP
letter-probability matrix: alength= 4 w= 16 nsites= 42 E= 0
 0.327306  0.065775  0.398062  0.208857 
 0.333857  0.381551  0.141511  0.143081 
 0.046124  0.406183  0.476938  0.070756 
 0.190775  0.358489  0.166143  0.284593 
 0.238469  0.238469  0.070756  0.452306 
 0.473798  0.310795  0.167713  0.047694 
 0.166143  0.118449  0.573896  0.141511 
 0.070756  0.929244  0.000000  0.000000 
 0.000000  0.000000  1.000000  0.000000 
 0.047694  0.023062  0.929244  0.000000 
 0.975368  0.024632  0.000000  0.000000 
 0.000000  0.952306  0.047694  0.000000 
 0.000000  0.070756  0.856919  0.072326 
 0.023062  0.000000  0.000000  0.976938 
 0.192345  0.023062  0.116879  0.667713 
 0.386138  0.269259  0.267689  0.076914 

