MEME version 4

ALPHABET= ACGT

strands: + -

Background letter frequencies
A 0.250000 C 0.250000 G 0.250000 T 0.250000

MOTIF HLF_HUMAN.H11MO.0.C HLF
letter-probability matrix: alength= 4 w= 13 nsites= 35 E= 0
 0.202621  0.163163  0.431596  0.202621 
 0.539458  0.085542  0.289458  0.085542 
 0.000000  0.000000  0.000000  1.000000 
 0.018434  0.057892  0.173675  0.750000 
 0.536867  0.057892  0.405241  0.000000 
 0.000000  0.463133  0.076325  0.460542 
 0.057892  0.000000  0.942108  0.000000 
 0.000000  0.173675  0.000000  0.826325 
 1.000000  0.000000  0.000000  0.000000 
 0.972350  0.000000  0.000000  0.027650 
 0.027650  0.567108  0.000000  0.405241 
 0.405241  0.393434  0.115783  0.085542 
 0.122696  0.372696  0.381913  0.122696 

