MEME version 4

ALPHABET= ACGT

strands: + -

Background letter frequencies
A 0.250000 C 0.250000 G 0.250000 T 0.250000

MOTIF HNF1B_HUMAN.H11MO.0.A HNF1B
letter-probability matrix: alength= 4 w= 15 nsites= 500 E= 0
 0.326000  0.068000  0.358000  0.248000 
 0.148000  0.034000  0.756000  0.062000 
 0.028000  0.080000  0.080000  0.812000 
 0.146000  0.082000  0.046000  0.726000 
 0.980000  0.002000  0.016000  0.002000 
 0.938000  0.046000  0.006000  0.010000 
 0.056000  0.010000  0.006000  0.928000 
 0.410000  0.000000  0.590000  0.000000 
 0.762000  0.004000  0.054000  0.180000 
 0.046000  0.024000  0.122000  0.808000 
 0.016000  0.038000  0.002000  0.944000 
 0.692000  0.064000  0.134000  0.110000 
 0.798000  0.094000  0.066000  0.042000 
 0.078000  0.732000  0.042000  0.148000 
 0.242000  0.358000  0.064000  0.336000 

