MEME version 4

ALPHABET= ACGT

strands: + -

Background letter frequencies
A 0.250000 C 0.250000 G 0.250000 T 0.250000

MOTIF HNF1A_HUMAN.H11MO.0.C HNF1A
letter-probability matrix: alength= 4 w= 15 nsites= 500 E= 0
 0.320000  0.046000  0.400000  0.234000 
 0.146000  0.034000  0.720000  0.100000 
 0.046000  0.066000  0.114000  0.774000 
 0.128000  0.102000  0.090000  0.680000 
 0.914000  0.004000  0.048000  0.034000 
 0.792000  0.138000  0.018000  0.052000 
 0.210000  0.010000  0.028000  0.752000 
 0.000000  0.000000  0.586000  0.414000 
 0.726000  0.010000  0.048000  0.216000 
 0.080000  0.024000  0.064000  0.832000 
 0.024000  0.066000  0.012000  0.898000 
 0.724000  0.040000  0.072000  0.164000 
 0.774000  0.080000  0.082000  0.064000 
 0.108000  0.722000  0.036000  0.134000 
 0.216000  0.340000  0.032000  0.412000 

