MEME version 4

ALPHABET= ACGT

strands: + -

Background letter frequencies
A 0.250000 C 0.250000 G 0.250000 T 0.250000

MOTIF HNF4A_HUMAN.H11MO.0.A HNF4A
letter-probability matrix: alength= 4 w= 14 nsites= 500 E= 0
 0.290000  0.176000  0.418000  0.116000 
 0.460000  0.034000  0.426000  0.080000 
 0.074000  0.018000  0.856000  0.052000 
 0.146000  0.044000  0.402000  0.408000 
 0.134000  0.326000  0.260000  0.280000 
 0.008000  0.904000  0.008000  0.080000 
 0.948000  0.014000  0.032000  0.006000 
 0.904000  0.018000  0.070000  0.008000 
 0.932000  0.000000  0.056000  0.012000 
 0.006000  0.004000  0.968000  0.022000 
 0.028000  0.010000  0.192000  0.770000 
 0.042000  0.640000  0.058000  0.260000 
 0.018000  0.894000  0.010000  0.078000 
 0.764000  0.070000  0.084000  0.082000 

