MEME version 4

ALPHABET= ACGT

strands: + -

Background letter frequencies
A 0.250000 C 0.250000 G 0.250000 T 0.250000

MOTIF HNF4G_HUMAN.H11MO.0.B HNF4G
letter-probability matrix: alength= 4 w= 14 nsites= 500 E= 0
 0.282000  0.254000  0.354000  0.110000 
 0.456000  0.032000  0.398000  0.114000 
 0.072000  0.018000  0.848000  0.062000 
 0.182000  0.070000  0.326000  0.422000 
 0.150000  0.308000  0.278000  0.264000 
 0.008000  0.926000  0.010000  0.056000 
 0.950000  0.022000  0.016000  0.012000 
 0.846000  0.008000  0.144000  0.002000 
 0.922000  0.000000  0.068000  0.010000 
 0.008000  0.006000  0.968000  0.018000 
 0.016000  0.008000  0.382000  0.594000 
 0.042000  0.496000  0.128000  0.334000 
 0.018000  0.836000  0.016000  0.130000 
 0.702000  0.064000  0.130000  0.104000 

