MEME version 4

ALPHABET= ACGT

strands: + -

Background letter frequencies
A 0.250000 C 0.250000 G 0.250000 T 0.250000

MOTIF HSF1_HUMAN.H11MO.0.A HSF1
letter-probability matrix: alength= 4 w= 15 nsites= 500 E= 0
 0.148000  0.228000  0.224000  0.400000 
 0.422000  0.056000  0.490000  0.032000 
 0.012000  0.006000  0.978000  0.004000 
 0.950000  0.020000  0.020000  0.010000 
 0.850000  0.034000  0.054000  0.062000 
 0.244000  0.188000  0.296000  0.272000 
 0.156000  0.278000  0.404000  0.162000 
 0.108000  0.088000  0.060000  0.744000 
 0.116000  0.016000  0.088000  0.780000 
 0.052000  0.944000  0.004000  0.000000 
 0.012000  0.320000  0.032000  0.636000 
 0.564000  0.060000  0.368000  0.008000 
 0.006000  0.008000  0.986000  0.000000 
 0.912000  0.030000  0.030000  0.028000 
 0.788000  0.066000  0.102000  0.044000 

