MEME version 4

ALPHABET= ACGT

strands: + -

Background letter frequencies
A 0.250000 C 0.250000 G 0.250000 T 0.250000

MOTIF HSF2_HUMAN.H11MO.0.A HSF2
letter-probability matrix: alength= 4 w= 14 nsites= 1040 E= 0
 0.341392  0.261790  0.308834  0.087983 
 0.067213  0.084088  0.766480  0.082219 
 0.750297  0.068565  0.117061  0.064078 
 0.692769  0.060579  0.110646  0.136006 
 0.120981  0.230400  0.280198  0.368421 
 0.304404  0.189921  0.415818  0.089857 
 0.096047  0.036183  0.078738  0.789032 
 0.064546  0.048517  0.092649  0.794289 
 0.044291  0.795095  0.120600  0.040014 
 0.067700  0.137598  0.161984  0.632718 
 0.582009  0.177806  0.174564  0.065621 
 0.016864  0.119123  0.810129  0.053885 
 0.725306  0.061712  0.114388  0.098594 
 0.550780  0.162435  0.138522  0.148263 

