MEME version 4

ALPHABET= ACGT

strands: + -

Background letter frequencies
A 0.250000 C 0.250000 G 0.250000 T 0.250000

MOTIF HXA10_HUMAN.H11MO.0.C HXA10
letter-probability matrix: alength= 4 w= 12 nsites= 10 E= 0
 0.181319  0.071429  0.379121  0.368132 
 0.516484  0.197802  0.197802  0.087912 
 0.000000  0.296703  0.098901  0.604396 
 0.395604  0.098901  0.395604  0.109890 
 0.505495  0.087912  0.307692  0.098901 
 0.087912  0.000000  0.000000  0.912088 
 0.000000  0.000000  0.000000  1.000000 
 0.098901  0.000000  0.000000  0.901099 
 1.000000  0.000000  0.000000  0.000000 
 0.000000  0.000000  0.000000  1.000000 
 0.098901  0.000000  0.802198  0.098901 
 0.417582  0.175824  0.098901  0.307692 

