MEME version 4

ALPHABET= ACGT

strands: + -

Background letter frequencies
A 0.250000 C 0.250000 G 0.250000 T 0.250000

MOTIF INSM1_HUMAN.H11MO.0.C INSM1
letter-probability matrix: alength= 4 w= 12 nsites= 24 E= 0
 0.064329  0.000000  0.228051  0.707620 
 0.000000  0.000000  0.743260  0.256740 
 0.000000  0.156771  0.121707  0.721522 
 0.350334  0.620977  0.000000  0.028689 
 0.971311  0.000000  0.000000  0.028689 
 0.000000  0.000000  1.000000  0.000000 
 0.000000  0.000000  1.000000  0.000000 
 0.000000  0.000000  1.000000  0.000000 
 0.000000  0.000000  1.000000  0.000000 
 0.000000  0.057378  0.913933  0.028689 
 0.057378  0.942622  0.000000  0.000000 
 0.620977  0.000000  0.379023  0.000000 

