MEME version 4

ALPHABET= ACGT

strands: + -

Background letter frequencies
A 0.250000 C 0.250000 G 0.250000 T 0.250000

MOTIF IRF1_HUMAN.H11MO.0.A IRF1
letter-probability matrix: alength= 4 w= 20 nsites= 499 E= 0
 0.338677  0.176353  0.356713  0.128257 
 0.605210  0.098196  0.192385  0.104208 
 0.657315  0.096192  0.128257  0.118236 
 0.735471  0.074148  0.078156  0.112224 
 0.310621  0.228457  0.266533  0.194389 
 0.298597  0.138277  0.152305  0.410822 
 0.166333  0.008016  0.821643  0.004008 
 0.933868  0.010020  0.046092  0.010020 
 0.987976  0.002004  0.000000  0.010020 
 0.983968  0.002004  0.006012  0.008016 
 0.136273  0.364729  0.468938  0.030060 
 0.200401  0.100200  0.022044  0.677355 
 0.106212  0.004008  0.887776  0.002004 
 0.937876  0.016032  0.042084  0.004008 
 0.961924  0.000000  0.028056  0.010020 
 0.985972  0.004008  0.004008  0.006012 
 0.044088  0.360721  0.547094  0.048096 
 0.196393  0.242485  0.076152  0.484970 
 0.468938  0.124248  0.308617  0.098196 
 0.436874  0.160321  0.268537  0.134269 

