MEME version 4

ALPHABET= ACGT

strands: + -

Background letter frequencies
A 0.250000 C 0.250000 G 0.250000 T 0.250000

MOTIF IRF3_HUMAN.H11MO.0.B IRF3
letter-probability matrix: alength= 4 w= 20 nsites= 500 E= 0
 0.300000  0.078000  0.514000  0.108000 
 0.604000  0.044000  0.300000  0.052000 
 0.678000  0.066000  0.214000  0.042000 
 0.720000  0.074000  0.110000  0.096000 
 0.306000  0.108000  0.456000  0.130000 
 0.224000  0.054000  0.558000  0.164000 
 0.202000  0.054000  0.732000  0.012000 
 0.820000  0.018000  0.148000  0.014000 
 0.816000  0.036000  0.126000  0.022000 
 0.900000  0.016000  0.030000  0.054000 
 0.224000  0.262000  0.446000  0.068000 
 0.292000  0.088000  0.402000  0.218000 
 0.200000  0.006000  0.784000  0.010000 
 0.674000  0.024000  0.290000  0.012000 
 0.880000  0.036000  0.072000  0.012000 
 0.942000  0.004000  0.040000  0.014000 
 0.096000  0.314000  0.548000  0.042000 
 0.266000  0.142000  0.274000  0.318000 
 0.228000  0.122000  0.586000  0.064000 
 0.682000  0.070000  0.178000  0.070000 

