MEME version 4

ALPHABET= ACGT

strands: + -

Background letter frequencies
A 0.250000 C 0.250000 G 0.250000 T 0.250000

MOTIF KAISO_HUMAN.H11MO.0.A KAISO
letter-probability matrix: alength= 4 w= 15 nsites= 498 E= 0
 0.132530  0.415663  0.375502  0.076305 
 0.528112  0.126506  0.206827  0.138554 
 0.508032  0.102410  0.371486  0.018072 
 0.419679  0.136546  0.323293  0.120482 
 0.082329  0.259036  0.160643  0.497992 
 0.289157  0.592369  0.094378  0.024096 
 0.094378  0.168675  0.130522  0.606426 
 0.014056  0.949799  0.022088  0.014056 
 0.046185  0.008032  0.929719  0.016064 
 0.020080  0.925703  0.010040  0.044177 
 0.018072  0.006024  0.961847  0.014056 
 0.807229  0.026104  0.154618  0.012048 
 0.036145  0.032129  0.865462  0.066265 
 0.787149  0.050201  0.142570  0.020080 
 0.335341  0.204819  0.331325  0.128514 

