MEME version 4

ALPHABET= ACGT

strands: + -

Background letter frequencies
A 0.250000 C 0.250000 G 0.250000 T 0.250000

MOTIF KLF15_HUMAN.H11MO.0.A KLF15
letter-probability matrix: alength= 4 w= 19 nsites= 479 E= 0
 0.311065  0.035491  0.542797  0.110647 
 0.258873  0.012526  0.695198  0.033403 
 0.000000  0.002088  0.997912  0.000000 
 0.016701  0.006263  0.974948  0.002088 
 0.536534  0.354906  0.000000  0.108559 
 0.068894  0.006263  0.918580  0.006263 
 0.012526  0.014614  0.885177  0.087683 
 0.492693  0.031315  0.423800  0.052192 
 0.116910  0.006263  0.868476  0.008351 
 0.313152  0.344468  0.298539  0.043841 
 0.344468  0.160752  0.286013  0.208768 
 0.233820  0.043841  0.582463  0.139875 
 0.150313  0.020877  0.797495  0.031315 
 0.185804  0.031315  0.770355  0.012526 
 0.256785  0.133612  0.576200  0.033403 
 0.177453  0.104384  0.665971  0.052192 
 0.277662  0.129436  0.446764  0.146138 
 0.087683  0.093946  0.743215  0.075157 
 0.183716  0.016701  0.730689  0.068894 

