MEME version 4

ALPHABET= ACGT

strands: + -

Background letter frequencies
A 0.250000 C 0.250000 G 0.250000 T 0.250000

MOTIF KLF3_HUMAN.H11MO.0.B KLF3
letter-probability matrix: alength= 4 w= 19 nsites= 498 E= 0
 0.212851  0.188755  0.471888  0.126506 
 0.226908  0.222892  0.461847  0.088353 
 0.259036  0.204819  0.423695  0.112450 
 0.244980  0.186747  0.495984  0.072289 
 0.327309  0.246988  0.315261  0.110442 
 0.345382  0.044177  0.359438  0.251004 
 0.034137  0.000000  0.965863  0.000000 
 0.006024  0.000000  0.991968  0.002008 
 0.004016  0.008032  0.985944  0.002008 
 0.086345  0.642570  0.000000  0.271084 
 0.008032  0.006024  0.981928  0.004016 
 0.004016  0.026104  0.724900  0.244980 
 0.184739  0.018072  0.755020  0.042169 
 0.076305  0.010040  0.843373  0.070281 
 0.084337  0.618474  0.148594  0.148594 
 0.182731  0.381526  0.162651  0.273092 
 0.130522  0.204819  0.495984  0.168675 
 0.092369  0.242972  0.530120  0.134538 
 0.160643  0.218876  0.481928  0.138554 

