MEME version 4

ALPHABET= ACGT

strands: + -

Background letter frequencies
A 0.250000 C 0.250000 G 0.250000 T 0.250000

MOTIF KLF5_HUMAN.H11MO.0.A KLF5
letter-probability matrix: alength= 4 w= 14 nsites= 500 E= 0
 0.422000  0.034000  0.204000  0.340000 
 0.046000  0.004000  0.944000  0.006000 
 0.008000  0.008000  0.968000  0.016000 
 0.024000  0.036000  0.930000  0.010000 
 0.178000  0.184000  0.008000  0.630000 
 0.046000  0.002000  0.942000  0.010000 
 0.040000  0.010000  0.544000  0.406000 
 0.016000  0.000000  0.964000  0.020000 
 0.050000  0.030000  0.830000  0.090000 
 0.106000  0.634000  0.110000  0.150000 
 0.248000  0.182000  0.192000  0.378000 
 0.104000  0.136000  0.606000  0.154000 
 0.154000  0.124000  0.502000  0.220000 
 0.148000  0.210000  0.494000  0.148000 

