MEME version 4

ALPHABET= ACGT

strands: + -

Background letter frequencies
A 0.250000 C 0.250000 G 0.250000 T 0.250000

MOTIF KLF6_HUMAN.H11MO.0.A KLF6
letter-probability matrix: alength= 4 w= 19 nsites= 496 E= 0
 0.155242  0.185484  0.510081  0.149194 
 0.221774  0.247984  0.479839  0.050403 
 0.445565  0.189516  0.280242  0.084677 
 0.459677  0.018145  0.368952  0.153226 
 0.048387  0.006048  0.814516  0.131048 
 0.024194  0.000000  0.955645  0.020161 
 0.044355  0.052419  0.891129  0.012097 
 0.260081  0.457661  0.000000  0.282258 
 0.116935  0.006048  0.854839  0.022177 
 0.028226  0.022177  0.689516  0.260081 
 0.209677  0.064516  0.683468  0.042339 
 0.086694  0.030242  0.836694  0.046371 
 0.229839  0.453629  0.207661  0.108871 
 0.294355  0.318548  0.137097  0.250000 
 0.062500  0.157258  0.522177  0.258065 
 0.147177  0.127016  0.608871  0.116935 
 0.161290  0.171371  0.602823  0.064516 
 0.348790  0.110887  0.433468  0.106855 
 0.258065  0.233871  0.455645  0.052419 

