MEME version 4

ALPHABET= ACGT

strands: + -

Background letter frequencies
A 0.250000 C 0.250000 G 0.250000 T 0.250000

MOTIF KLF9_HUMAN.H11MO.0.C KLF9
letter-probability matrix: alength= 4 w= 15 nsites= 256 E= 0
 0.062500  0.187500  0.636719  0.113281 
 0.257812  0.187500  0.460938  0.093750 
 0.500000  0.136719  0.265625  0.097656 
 0.160156  0.011719  0.800781  0.027344 
 0.042969  0.003906  0.632812  0.320312 
 0.015625  0.000000  0.984375  0.000000 
 0.000000  0.003906  0.980469  0.015625 
 0.000000  0.007812  0.992188  0.000000 
 0.007812  0.757812  0.003906  0.230469 
 0.000000  0.000000  1.000000  0.000000 
 0.003906  0.015625  0.261719  0.718750 
 0.003906  0.003906  0.976562  0.015625 
 0.050781  0.117188  0.671875  0.160156 
 0.015625  0.843750  0.031250  0.109375 
 0.128906  0.523438  0.203125  0.144531 

