MEME version 4

ALPHABET= ACGT

strands: + -

Background letter frequencies
A 0.250000 C 0.250000 G 0.250000 T 0.250000

MOTIF LHX2_HUMAN.H11MO.0.A LHX2
letter-probability matrix: alength= 4 w= 12 nsites= 430 E= 0
 0.132558  0.176744  0.237209  0.453488 
 0.093023  0.262791  0.318605  0.325581 
 0.111628  0.432558  0.016279  0.439535 
 0.027907  0.011628  0.000000  0.960465 
 0.774419  0.176744  0.039535  0.009302 
 0.958140  0.027907  0.002326  0.011628 
 0.000000  0.020930  0.020930  0.958140 
 0.009302  0.013953  0.237209  0.739535 
 0.579070  0.006977  0.353488  0.060465 
 0.172093  0.225581  0.493023  0.109302 
 0.176744  0.241860  0.125581  0.455814 
 0.088372  0.213953  0.241860  0.455814 

