MEME version 4

ALPHABET= ACGT

strands: + -

Background letter frequencies
A 0.250000 C 0.250000 G 0.250000 T 0.250000

MOTIF LHX3_HUMAN.H11MO.0.C LHX3
letter-probability matrix: alength= 4 w= 13 nsites= 72 E= 0
 0.544703  0.072241  0.181872  0.201185 
 0.521115  0.041014  0.213359  0.224513 
 0.794844  0.094961  0.101992  0.008203 
 0.587389  0.021093  0.156504  0.235015 
 0.010546  0.007031  0.021093  0.961330 
 0.000000  0.000000  0.010546  0.989454 
 1.000000  0.000000  0.000000  0.000000 
 0.989454  0.000000  0.010546  0.000000 
 0.000000  0.000000  0.000000  1.000000 
 0.021701  0.010546  0.017577  0.950176 
 0.943753  0.000000  0.021093  0.035154 
 0.468947  0.094353  0.330021  0.106679 
 0.167050  0.257932  0.158847  0.416171 

