MEME version 4

ALPHABET= ACGT

strands: + -

Background letter frequencies
A 0.250000 C 0.250000 G 0.250000 T 0.250000

MOTIF MAF_HUMAN.H11MO.0.A MAF
letter-probability matrix: alength= 4 w= 19 nsites= 500 E= 0
 0.306000  0.236000  0.334000  0.124000 
 0.470000  0.142000  0.202000  0.186000 
 0.588000  0.084000  0.078000  0.250000 
 0.392000  0.088000  0.118000  0.402000 
 0.154000  0.312000  0.270000  0.264000 
 0.110000  0.040000  0.026000  0.824000 
 0.018000  0.014000  0.960000  0.008000 
 0.124000  0.856000  0.006000  0.014000 
 0.064000  0.006000  0.012000  0.918000 
 0.018000  0.006000  0.902000  0.074000 
 0.882000  0.024000  0.068000  0.026000 
 0.102000  0.446000  0.328000  0.124000 
 0.238000  0.118000  0.154000  0.490000 
 0.242000  0.412000  0.120000  0.226000 
 0.474000  0.112000  0.154000  0.260000 
 0.194000  0.072000  0.576000  0.158000 
 0.160000  0.512000  0.218000  0.110000 
 0.462000  0.236000  0.146000  0.156000 
 0.402000  0.152000  0.234000  0.212000 

