MEME version 4

ALPHABET= ACGT

strands: + -

Background letter frequencies
A 0.250000 C 0.250000 G 0.250000 T 0.250000

MOTIF MAFF_HUMAN.H11MO.0.B MAFF
letter-probability matrix: alength= 4 w= 18 nsites= 473 E= 0
 0.057082  0.069767  0.082452  0.790698 
 0.021142  0.095137  0.765328  0.118393 
 0.054968  0.883721  0.029598  0.031712 
 0.084567  0.061311  0.006342  0.847780 
 0.027484  0.112051  0.744186  0.116279 
 0.771670  0.050740  0.044397  0.133192 
 0.059197  0.410148  0.433404  0.097252 
 0.084567  0.088795  0.059197  0.767442 
 0.090909  0.661734  0.042283  0.205074 
 0.672304  0.057082  0.122622  0.147992 
 0.065539  0.093023  0.625793  0.215645 
 0.040169  0.780127  0.112051  0.067653 
 0.589852  0.109937  0.120507  0.179704 
 0.177590  0.234672  0.224101  0.363636 
 0.234672  0.137421  0.122622  0.505285 
 0.164905  0.177590  0.046512  0.610994 
 0.099366  0.253700  0.078224  0.568710 
 0.131078  0.205074  0.133192  0.530655 

