MEME version 4

ALPHABET= ACGT

strands: + -

Background letter frequencies
A 0.250000 C 0.250000 G 0.250000 T 0.250000

MOTIF MAZ_HUMAN.H11MO.0.A MAZ
letter-probability matrix: alength= 4 w= 22 nsites= 500 E= 0
 0.216000  0.144000  0.504000  0.136000 
 0.284000  0.024000  0.652000  0.040000 
 0.302000  0.012000  0.674000  0.012000 
 0.082000  0.018000  0.866000  0.034000 
 0.052000  0.112000  0.826000  0.010000 
 0.648000  0.088000  0.026000  0.238000 
 0.054000  0.010000  0.906000  0.030000 
 0.114000  0.020000  0.852000  0.014000 
 0.266000  0.034000  0.666000  0.034000 
 0.272000  0.008000  0.680000  0.040000 
 0.114000  0.202000  0.656000  0.028000 
 0.318000  0.134000  0.332000  0.216000 
 0.174000  0.040000  0.698000  0.088000 
 0.334000  0.054000  0.554000  0.058000 
 0.190000  0.120000  0.648000  0.042000 
 0.366000  0.078000  0.512000  0.044000 
 0.300000  0.072000  0.570000  0.058000 
 0.330000  0.134000  0.456000  0.080000 
 0.260000  0.062000  0.556000  0.122000 
 0.274000  0.204000  0.446000  0.076000 
 0.356000  0.106000  0.430000  0.108000 
 0.274000  0.098000  0.562000  0.066000 

