MEME version 4

ALPHABET= ACGT

strands: + -

Background letter frequencies
A 0.250000 C 0.250000 G 0.250000 T 0.250000

MOTIF MEF2D_HUMAN.H11MO.0.A MEF2D
letter-probability matrix: alength= 4 w= 12 nsites= 500 E= 0
 0.312000  0.056000  0.302000  0.330000 
 0.068000  0.064000  0.500000  0.368000 
 0.024000  0.758000  0.060000  0.158000 
 0.002000  0.020000  0.006000  0.972000 
 0.970000  0.002000  0.002000  0.026000 
 0.054000  0.006000  0.004000  0.936000 
 0.080000  0.012000  0.008000  0.900000 
 0.094000  0.040000  0.006000  0.860000 
 0.298000  0.086000  0.012000  0.604000 
 0.086000  0.014000  0.054000  0.846000 
 0.754000  0.000000  0.236000  0.010000 
 0.094000  0.032000  0.786000  0.088000 

