MEME version 4

ALPHABET= ACGT

strands: + -

Background letter frequencies
A 0.250000 C 0.250000 G 0.250000 T 0.250000

MOTIF MXI1_HUMAN.H11MO.0.A MXI1
letter-probability matrix: alength= 4 w= 15 nsites= 500 E= 0
 0.229112  0.302432  0.393922  0.074534 
 0.004211  0.968028  0.025812  0.001949 
 0.964727  0.001659  0.029876  0.003738 
 0.022016  0.890746  0.066080  0.021158 
 0.172979  0.065761  0.751827  0.009434 
 0.066662  0.094397  0.042235  0.796706 
 0.007803  0.000000  0.985920  0.006278 
 0.061068  0.171918  0.594630  0.172384 
 0.119036  0.391840  0.371176  0.117948 
 0.198304  0.239880  0.284873  0.276943 
 0.033513  0.232124  0.565653  0.168711 
 0.118651  0.391956  0.320087  0.169306 
 0.139106  0.305194  0.362971  0.192729 
 0.163409  0.217480  0.451615  0.167497 
 0.178973  0.307109  0.413377  0.100542 

