MEME version 4

ALPHABET= ACGT

strands: + -

Background letter frequencies
A 0.250000 C 0.250000 G 0.250000 T 0.250000

MOTIF MYB_HUMAN.H11MO.0.A MYB
letter-probability matrix: alength= 4 w= 12 nsites= 500 E= 0
 0.294000  0.108000  0.412000  0.186000 
 0.240000  0.220000  0.412000  0.128000 
 0.330000  0.148000  0.092000  0.430000 
 0.278000  0.006000  0.630000  0.086000 
 0.378000  0.004000  0.508000  0.110000 
 0.012000  0.978000  0.008000  0.002000 
 0.608000  0.190000  0.086000  0.116000 
 0.000000  0.004000  0.994000  0.002000 
 0.062000  0.124000  0.042000  0.772000 
 0.000000  0.000000  0.006000  0.994000 
 0.288000  0.006000  0.574000  0.132000 
 0.280000  0.184000  0.406000  0.130000 

