MEME version 4

ALPHABET= ACGT

strands: + -

Background letter frequencies
A 0.250000 C 0.250000 G 0.250000 T 0.250000

MOTIF MYCN_HUMAN.H11MO.0.A MYCN
letter-probability matrix: alength= 4 w= 12 nsites= 499 E= 0
 0.292585  0.170341  0.454910  0.082164 
 0.264529  0.048096  0.629259  0.058116 
 0.160321  0.565130  0.156313  0.118236 
 0.024048  0.971944  0.000000  0.004008 
 0.853707  0.006012  0.082164  0.058116 
 0.006012  0.897796  0.004008  0.092184 
 0.080160  0.012024  0.897796  0.010020 
 0.088176  0.076152  0.002004  0.833667 
 0.002004  0.000000  0.973948  0.024048 
 0.064128  0.284569  0.535070  0.116232 
 0.218437  0.120240  0.406814  0.254509 
 0.194389  0.408818  0.326653  0.070140 

