MEME version 4

ALPHABET= ACGT

strands: + -

Background letter frequencies
A 0.250000 C 0.250000 G 0.250000 T 0.250000

MOTIF NANOG_HUMAN.H11MO.0.A NANOG
letter-probability matrix: alength= 4 w= 17 nsites= 499 E= 0
 0.128257  0.258517  0.280561  0.332665 
 0.044088  0.486974  0.178357  0.290581 
 0.088176  0.511022  0.070140  0.330661 
 0.306613  0.044088  0.060120  0.589178 
 0.012024  0.060120  0.042084  0.885772 
 0.068136  0.008016  0.038076  0.885772 
 0.110220  0.248497  0.589178  0.052104 
 0.376754  0.042084  0.036072  0.545090 
 0.230461  0.260521  0.192385  0.316633 
 0.807615  0.034068  0.040080  0.118236 
 0.068136  0.014028  0.030060  0.887776 
 0.026052  0.018036  0.811623  0.144289 
 0.028056  0.635271  0.116232  0.220441 
 0.681363  0.032064  0.016032  0.270541 
 0.663327  0.050100  0.240481  0.046092 
 0.805611  0.048096  0.068136  0.078156 
 0.140281  0.150301  0.200401  0.509018 

