MEME version 4

ALPHABET= ACGT

strands: + -

Background letter frequencies
A 0.250000 C 0.250000 G 0.250000 T 0.250000

MOTIF NF2L2_HUMAN.H11MO.0.A NF2L2
letter-probability matrix: alength= 4 w= 14 nsites= 500 E= 0
 0.518000  0.048000  0.118000  0.316000 
 0.474000  0.102000  0.086000  0.338000 
 0.176000  0.356000  0.142000  0.326000 
 0.076000  0.046000  0.020000  0.858000 
 0.010000  0.020000  0.954000  0.016000 
 0.020000  0.966000  0.006000  0.008000 
 0.054000  0.050000  0.004000  0.892000 
 0.032000  0.038000  0.874000  0.056000 
 0.908000  0.012000  0.012000  0.068000 
 0.024000  0.142000  0.816000  0.018000 
 0.002000  0.008000  0.004000  0.986000 
 0.008000  0.992000  0.000000  0.000000 
 0.998000  0.002000  0.000000  0.000000 
 0.006000  0.260000  0.048000  0.686000 

