MEME version 4

ALPHABET= ACGT

strands: + -

Background letter frequencies
A 0.250000 C 0.250000 G 0.250000 T 0.250000

MOTIF NFE2_HUMAN.H11MO.0.A NFE2
letter-probability matrix: alength= 4 w= 13 nsites= 500 E= 0
 0.244000  0.288000  0.356000  0.112000 
 0.258000  0.332000  0.296000  0.114000 
 0.580000  0.042000  0.358000  0.020000 
 0.002000  0.006000  0.036000  0.956000 
 0.004000  0.024000  0.966000  0.006000 
 0.958000  0.008000  0.022000  0.012000 
 0.022000  0.788000  0.150000  0.040000 
 0.096000  0.058000  0.054000  0.792000 
 0.082000  0.832000  0.032000  0.054000 
 0.804000  0.028000  0.092000  0.076000 
 0.032000  0.008000  0.916000  0.044000 
 0.026000  0.932000  0.038000  0.004000 
 0.760000  0.052000  0.088000  0.100000 

