MEME version 4

ALPHABET= ACGT

strands: + -

Background letter frequencies
A 0.250000 C 0.250000 G 0.250000 T 0.250000

MOTIF NFIA_HUMAN.H11MO.0.C NFIA
letter-probability matrix: alength= 4 w= 15 nsites= 233 E= 0
 0.145353  0.213923  0.108131  0.532592 
 0.033523  0.030476  0.069224  0.866777 
 0.045714  0.008707  0.878097  0.067482 
 0.065741  0.029605  0.855022  0.049632 
 0.111019  0.720493  0.114937  0.053550 
 0.415206  0.250003  0.122445  0.212346 
 0.214849  0.327381  0.207010  0.250759 
 0.367513  0.001814  0.629584  0.001088 
 0.230302  0.218112  0.344358  0.207228 
 0.302574  0.130823  0.101659  0.464945 
 0.075428  0.069333  0.736493  0.118747 
 0.059646  0.812356  0.062911  0.065088 
 0.057033  0.838913  0.057469  0.046585 
 0.779050  0.063999  0.070312  0.086638 
 0.440681  0.089792  0.354919  0.114608 

