MEME version 4

ALPHABET= ACGT

strands: + -

Background letter frequencies
A 0.250000 C 0.250000 G 0.250000 T 0.250000

MOTIF NFYA_HUMAN.H11MO.0.A NFYA
letter-probability matrix: alength= 4 w= 14 nsites= 500 E= 0
 0.122000  0.324000  0.210000  0.344000 
 0.090000  0.410000  0.122000  0.378000 
 0.504000  0.100000  0.352000  0.044000 
 0.376000  0.014000  0.490000  0.120000 
 0.006000  0.990000  0.000000  0.004000 
 0.004000  0.986000  0.002000  0.008000 
 1.000000  0.000000  0.000000  0.000000 
 0.968000  0.012000  0.018000  0.002000 
 0.004000  0.020000  0.004000  0.972000 
 0.144000  0.554000  0.258000  0.044000 
 0.674000  0.052000  0.262000  0.012000 
 0.234000  0.178000  0.522000  0.066000 
 0.580000  0.212000  0.140000  0.068000 
 0.460000  0.030000  0.396000  0.114000 

