MEME version 4

ALPHABET= ACGT

strands: + -

Background letter frequencies
A 0.250000 C 0.250000 G 0.250000 T 0.250000

MOTIF NFYC_HUMAN.H11MO.0.A NFYC
letter-probability matrix: alength= 4 w= 14 nsites= 426 E= 0
 0.140845  0.338028  0.197183  0.323944 
 0.084507  0.361502  0.190141  0.363850 
 0.476526  0.100939  0.333333  0.089202 
 0.316901  0.068075  0.483568  0.131455 
 0.004695  0.941315  0.028169  0.025822 
 0.018779  0.971831  0.007042  0.002347 
 0.927230  0.025822  0.009390  0.037559 
 0.906103  0.039906  0.046948  0.007042 
 0.028169  0.053991  0.018779  0.899061 
 0.126761  0.530516  0.258216  0.084507 
 0.612676  0.086854  0.274648  0.025822 
 0.173709  0.154930  0.565728  0.105634 
 0.448357  0.260563  0.187793  0.103286 
 0.356808  0.084507  0.396714  0.161972 

