MEME version 4

ALPHABET= ACGT

strands: + -

Background letter frequencies
A 0.250000 C 0.250000 G 0.250000 T 0.250000

MOTIF NKX31_HUMAN.H11MO.0.C NKX31
letter-probability matrix: alength= 4 w= 12 nsites= 500 E= 0
 0.190000  0.196000  0.322000  0.292000 
 0.086000  0.252000  0.098000  0.564000 
 0.252000  0.108000  0.152000  0.488000 
 0.760000  0.054000  0.172000  0.014000 
 0.960000  0.002000  0.020000  0.018000 
 0.004000  0.004000  0.986000  0.006000 
 0.088000  0.002000  0.018000  0.892000 
 0.170000  0.014000  0.804000  0.012000 
 0.018000  0.452000  0.266000  0.264000 
 0.142000  0.256000  0.038000  0.564000 
 0.156000  0.086000  0.106000  0.652000 
 0.280000  0.084000  0.296000  0.340000 

