MEME version 4

ALPHABET= ACGT

strands: + -

Background letter frequencies
A 0.250000 C 0.250000 G 0.250000 T 0.250000

MOTIF NR1H3_HUMAN.H11MO.0.B NR1H3
letter-probability matrix: alength= 4 w= 19 nsites= 500 E= 0
 0.168000  0.482000  0.208000  0.142000 
 0.424000  0.224000  0.124000  0.228000 
 0.374000  0.126000  0.420000  0.080000 
 0.544000  0.026000  0.380000  0.050000 
 0.122000  0.006000  0.814000  0.058000 
 0.038000  0.044000  0.756000  0.162000 
 0.064000  0.158000  0.152000  0.626000 
 0.144000  0.428000  0.084000  0.344000 
 0.830000  0.018000  0.054000  0.098000 
 0.114000  0.592000  0.142000  0.152000 
 0.224000  0.178000  0.086000  0.512000 
 0.240000  0.228000  0.290000  0.242000 
 0.228000  0.324000  0.284000  0.164000 
 0.660000  0.090000  0.172000  0.078000 
 0.080000  0.026000  0.836000  0.058000 
 0.106000  0.040000  0.718000  0.136000 
 0.152000  0.138000  0.220000  0.490000 
 0.078000  0.738000  0.072000  0.112000 
 0.872000  0.044000  0.048000  0.036000 

