MEME version 4

ALPHABET= ACGT

strands: + -

Background letter frequencies
A 0.250000 C 0.250000 G 0.250000 T 0.250000

MOTIF NR1I2_HUMAN.H11MO.0.C NR1I2
letter-probability matrix: alength= 4 w= 19 nsites= 29 E= 0
 0.321429  0.125000  0.192857  0.360714 
 0.300000  0.064286  0.400000  0.235714 
 0.432143  0.135714  0.396429  0.035714 
 0.264286  0.000000  0.664286  0.071429 
 0.067857  0.203571  0.560714  0.167857 
 0.000000  0.032143  0.064286  0.903571 
 0.000000  0.607143  0.064286  0.328571 
 0.707143  0.292857  0.000000  0.000000 
 0.600000  0.096429  0.164286  0.139286 
 0.300000  0.207143  0.292857  0.200000 
 0.332143  0.235714  0.232143  0.200000 
 0.596429  0.067857  0.335714  0.000000 
 0.928571  0.000000  0.071429  0.000000 
 0.000000  0.000000  1.000000  0.000000 
 0.000000  0.071429  0.303571  0.625000 
 0.096429  0.064286  0.035714  0.803571 
 0.000000  0.760714  0.135714  0.103571 
 0.900000  0.032143  0.067857  0.000000 
 0.130357  0.226786  0.355357  0.287500 

