MEME version 4

ALPHABET= ACGT

strands: + -

Background letter frequencies
A 0.250000 C 0.250000 G 0.250000 T 0.250000

MOTIF NR2C2_HUMAN.H11MO.0.B NR2C2
letter-probability matrix: alength= 4 w= 12 nsites= 500 E= 0
 0.208000  0.112000  0.626000  0.054000 
 0.042000  0.320000  0.454000  0.184000 
 0.030000  0.028000  0.092000  0.850000 
 0.008000  0.404000  0.054000  0.534000 
 0.374000  0.588000  0.028000  0.010000 
 0.236000  0.466000  0.292000  0.006000 
 0.358000  0.000000  0.638000  0.004000 
 0.016000  0.006000  0.956000  0.022000 
 0.016000  0.012000  0.850000  0.122000 
 0.008000  0.030000  0.228000  0.734000 
 0.020000  0.802000  0.118000  0.060000 
 0.676000  0.042000  0.262000  0.020000 

