MEME version 4

ALPHABET= ACGT

strands: + -

Background letter frequencies
A 0.250000 C 0.250000 G 0.250000 T 0.250000

MOTIF NR2E3_HUMAN.H11MO.0.C NR2E3
letter-probability matrix: alength= 4 w= 14 nsites= 23 E= 0
 0.501394  0.154740  0.189126  0.154740 
 0.828067  0.068773  0.068773  0.034387 
 0.785316  0.034387  0.145911  0.034387 
 0.068773  0.068773  0.724907  0.137546 
 0.068773  0.000000  0.103160  0.828067 
 0.068773  0.896840  0.034387  0.000000 
 0.931227  0.000000  0.034387  0.034387 
 0.793680  0.137546  0.068773  0.000000 
 0.965613  0.000000  0.000000  0.034387 
 0.819703  0.000000  0.145911  0.034387 
 0.249071  0.068773  0.613383  0.068773 
 0.034387  0.068773  0.206320  0.690520 
 0.137546  0.690520  0.103160  0.068773 
 0.733504  0.146143  0.077370  0.042983 

