MEME version 4

ALPHABET= ACGT

strands: + -

Background letter frequencies
A 0.250000 C 0.250000 G 0.250000 T 0.250000

MOTIF NR6A1_HUMAN.H11MO.0.B NR6A1
letter-probability matrix: alength= 4 w= 13 nsites= 50 E= 0
 0.773889  0.069444  0.107222  0.049444 
 0.940000  0.020000  0.020000  0.020000 
 0.040000  0.000000  0.937778  0.022222 
 0.000000  0.040000  0.380000  0.580000 
 0.000000  0.020000  0.000000  0.980000 
 0.020000  0.980000  0.000000  0.000000 
 0.980000  0.020000  0.000000  0.000000 
 0.875556  0.042222  0.020000  0.062222 
 0.000000  0.020000  0.895556  0.084444 
 0.020000  0.000000  0.600000  0.380000 
 0.040000  0.095556  0.040000  0.824444 
 0.042222  0.857778  0.000000  0.100000 
 0.855556  0.042222  0.042222  0.060000 

