MEME version 4

ALPHABET= ACGT

strands: + -

Background letter frequencies
A 0.250000 C 0.250000 G 0.250000 T 0.250000

MOTIF P53_HUMAN.H11MO.0.A P53
letter-probability matrix: alength= 4 w= 20 nsites= 486 E= 0
 0.368313  0.084362  0.358025  0.189300 
 0.183128  0.039095  0.666667  0.111111 
 0.522634  0.047325  0.378601  0.051440 
 0.006173  0.905350  0.020576  0.067901 
 0.687243  0.057613  0.032922  0.222222 
 0.216049  0.006173  0.047325  0.730453 
 0.006173  0.002058  0.977366  0.014403 
 0.049383  0.516461  0.008230  0.425926 
 0.109053  0.672840  0.034979  0.183128 
 0.022634  0.820988  0.084362  0.072016 
 0.722222  0.111111  0.039095  0.127572 
 0.166667  0.043210  0.751029  0.039095 
 0.629630  0.006173  0.339506  0.024691 
 0.000000  0.989712  0.008230  0.002058 
 0.792181  0.043210  0.006173  0.158436 
 0.119342  0.051440  0.030864  0.798354 
 0.041152  0.018519  0.932099  0.008230 
 0.059671  0.469136  0.030864  0.440329 
 0.117284  0.625514  0.039095  0.218107 
 0.096708  0.530864  0.065844  0.306584 

