MEME version 4

ALPHABET= ACGT

strands: + -

Background letter frequencies
A 0.250000 C 0.250000 G 0.250000 T 0.250000

MOTIF P63_HUMAN.H11MO.0.A P63
letter-probability matrix: alength= 4 w= 19 nsites= 500 E= 0
 0.292000  0.074000  0.418000  0.216000 
 0.410000  0.016000  0.484000  0.090000 
 0.000000  0.984000  0.004000  0.012000 
 0.758000  0.090000  0.096000  0.056000 
 0.372000  0.014000  0.154000  0.460000 
 0.002000  0.002000  0.994000  0.002000 
 0.082000  0.450000  0.010000  0.458000 
 0.134000  0.528000  0.108000  0.230000 
 0.020000  0.788000  0.142000  0.050000 
 0.558000  0.184000  0.038000  0.220000 
 0.202000  0.042000  0.644000  0.112000 
 0.416000  0.006000  0.480000  0.098000 
 0.002000  0.994000  0.004000  0.000000 
 0.526000  0.172000  0.014000  0.288000 
 0.092000  0.096000  0.128000  0.684000 
 0.022000  0.010000  0.962000  0.006000 
 0.060000  0.520000  0.022000  0.398000 
 0.210000  0.432000  0.090000  0.268000 
 0.134000  0.400000  0.200000  0.266000 

