MEME version 4

ALPHABET= ACGT

strands: + -

Background letter frequencies
A 0.250000 C 0.250000 G 0.250000 T 0.250000

MOTIF PAX5_HUMAN.H11MO.0.A PAX5
letter-probability matrix: alength= 4 w= 21 nsites= 202 E= 0
 0.133663  0.282178  0.504950  0.079208 
 0.128713  0.500000  0.188119  0.183168 
 0.148515  0.415842  0.331683  0.103960 
 0.202970  0.054455  0.257426  0.485149 
 0.198020  0.044554  0.752475  0.004950 
 0.158416  0.138614  0.539604  0.163366 
 0.024752  0.118812  0.623762  0.232673 
 0.034653  0.876238  0.059406  0.029703 
 0.782178  0.034653  0.163366  0.019802 
 0.386139  0.113861  0.465347  0.034653 
 0.034653  0.732673  0.128713  0.103960 
 0.410891  0.267327  0.277228  0.044554 
 0.311881  0.019802  0.618812  0.049505 
 0.683168  0.039604  0.163366  0.113861 
 0.034653  0.163366  0.772277  0.029703 
 0.009901  0.782178  0.044554  0.163366 
 0.217822  0.034653  0.717822  0.029703 
 0.321782  0.029703  0.158416  0.490099 
 0.173267  0.029703  0.792079  0.004950 
 0.811881  0.034653  0.103960  0.049505 
 0.118812  0.801980  0.029703  0.049505 

