MEME version 4

ALPHABET= ACGT

strands: + -

Background letter frequencies
A 0.250000 C 0.250000 G 0.250000 T 0.250000

MOTIF PAX6_HUMAN.H11MO.0.C PAX6
letter-probability matrix: alength= 4 w= 12 nsites= 500 E= 0
 0.124000  0.032000  0.074000  0.770000 
 0.022000  0.342000  0.038000  0.598000 
 0.416000  0.468000  0.050000  0.066000 
 0.044000  0.566000  0.040000  0.350000 
 0.286000  0.070000  0.606000  0.038000 
 0.010000  0.804000  0.166000  0.020000 
 0.258000  0.136000  0.018000  0.588000 
 0.028000  0.076000  0.018000  0.878000 
 0.014000  0.408000  0.568000  0.010000 
 0.710000  0.016000  0.236000  0.038000 
 0.146000  0.358000  0.288000  0.208000 
 0.066000  0.094000  0.032000  0.808000 

