MEME version 4

ALPHABET= ACGT

strands: + -

Background letter frequencies
A 0.250000 C 0.250000 G 0.250000 T 0.250000

MOTIF PBX2_HUMAN.H11MO.0.C PBX2
letter-probability matrix: alength= 4 w= 15 nsites= 19 E= 0
 0.039557  0.147152  0.349684  0.463608 
 0.436709  0.101266  0.373418  0.088608 
 0.537975  0.208861  0.202532  0.050633 
 0.518987  0.164557  0.056962  0.259494 
 0.056962  0.050633  0.322785  0.569620 
 0.056962  0.050633  0.000000  0.892405 
 0.050633  0.000000  0.816456  0.132911 
 0.791139  0.000000  0.158228  0.050633 
 0.000000  0.164557  0.000000  0.835443 
 0.107595  0.000000  0.000000  0.892405 
 0.000000  0.000000  0.784810  0.215190 
 0.708861  0.031646  0.107595  0.151899 
 0.272152  0.113924  0.000000  0.613924 
 0.164557  0.000000  0.436709  0.398734 
 0.170886  0.234177  0.398734  0.196203 

