MEME version 4

ALPHABET= ACGT

strands: + -

Background letter frequencies
A 0.250000 C 0.250000 G 0.250000 T 0.250000

MOTIF PIT1_HUMAN.H11MO.0.C PIT1
letter-probability matrix: alength= 4 w= 13 nsites= 38 E= 0
 0.081715  0.444175  0.120550  0.353560 
 0.233010  0.142395  0.045307  0.579288 
 0.401294  0.446602  0.126214  0.025890 
 0.660194  0.106796  0.000000  0.233010 
 0.084142  0.000000  0.000000  0.915858 
 0.016181  0.000000  0.983819  0.000000 
 0.569579  0.165049  0.135922  0.129450 
 0.919094  0.000000  0.000000  0.080906 
 0.271845  0.000000  0.048544  0.679612 
 0.880259  0.000000  0.032362  0.087379 
 0.262136  0.000000  0.000000  0.737864 
 0.533981  0.000000  0.155340  0.310680 
 0.166667  0.312298  0.131068  0.389968 

