MEME version 4

ALPHABET= ACGT

strands: + -

Background letter frequencies
A 0.250000 C 0.250000 G 0.250000 T 0.250000

MOTIF PO2F1_HUMAN.H11MO.0.C PO2F1
letter-probability matrix: alength= 4 w= 16 nsites= 134 E= 0
 0.634328  0.111940  0.156716  0.097015 
 0.432836  0.171642  0.171642  0.223881 
 0.074627  0.044776  0.298507  0.582090 
 0.082090  0.365672  0.335821  0.216418 
 0.298507  0.134328  0.470149  0.097015 
 0.492537  0.164179  0.037313  0.305970 
 0.947761  0.037313  0.007463  0.007463 
 0.037313  0.014925  0.007463  0.940299 
 0.059701  0.000000  0.940299  0.000000 
 0.014925  0.462687  0.425373  0.097015 
 0.917910  0.022388  0.029851  0.029851 
 0.820896  0.037313  0.126866  0.014925 
 0.537313  0.067164  0.052239  0.343284 
 0.119403  0.395522  0.059701  0.425373 
 0.604478  0.141791  0.171642  0.082090 
 0.462687  0.082090  0.074627  0.380597 

