MEME version 4

ALPHABET= ACGT

strands: + -

Background letter frequencies
A 0.250000 C 0.250000 G 0.250000 T 0.250000

MOTIF PPARG_HUMAN.H11MO.0.A PPARG
letter-probability matrix: alength= 4 w= 17 nsites= 500 E= 0
 0.470000  0.254000  0.164000  0.112000 
 0.488000  0.026000  0.126000  0.360000 
 0.092000  0.360000  0.418000  0.130000 
 0.110000  0.122000  0.208000  0.560000 
 0.388000  0.022000  0.536000  0.054000 
 0.068000  0.000000  0.840000  0.092000 
 0.128000  0.026000  0.800000  0.046000 
 0.100000  0.122000  0.430000  0.348000 
 0.056000  0.552000  0.302000  0.090000 
 0.898000  0.018000  0.068000  0.016000 
 0.574000  0.048000  0.334000  0.044000 
 0.790000  0.006000  0.198000  0.006000 
 0.072000  0.006000  0.892000  0.030000 
 0.068000  0.004000  0.804000  0.124000 
 0.052000  0.076000  0.320000  0.552000 
 0.120000  0.618000  0.178000  0.084000 
 0.754000  0.060000  0.116000  0.070000 

