MEME version 4

ALPHABET= ACGT

strands: + -

Background letter frequencies
A 0.250000 C 0.250000 G 0.250000 T 0.250000

MOTIF PPARA_HUMAN.H11MO.0.B PPARA
letter-probability matrix: alength= 4 w= 17 nsites= 500 E= 0
 0.492000  0.216000  0.126000  0.166000 
 0.534000  0.024000  0.088000  0.354000 
 0.082000  0.422000  0.368000  0.128000 
 0.062000  0.116000  0.152000  0.670000 
 0.444000  0.030000  0.468000  0.058000 
 0.094000  0.002000  0.838000  0.066000 
 0.148000  0.012000  0.802000  0.038000 
 0.122000  0.182000  0.388000  0.308000 
 0.102000  0.518000  0.262000  0.118000 
 0.924000  0.018000  0.054000  0.004000 
 0.652000  0.042000  0.256000  0.050000 
 0.812000  0.000000  0.188000  0.000000 
 0.132000  0.004000  0.828000  0.036000 
 0.058000  0.008000  0.804000  0.130000 
 0.040000  0.118000  0.252000  0.590000 
 0.074000  0.614000  0.152000  0.160000 
 0.724000  0.082000  0.098000  0.096000 

