MEME version 4

ALPHABET= ACGT

strands: + -

Background letter frequencies
A 0.250000 C 0.250000 G 0.250000 T 0.250000

MOTIF PRDM1_HUMAN.H11MO.0.A PRDM1
letter-probability matrix: alength= 4 w= 14 nsites= 500 E= 0
 0.314000  0.056000  0.568000  0.062000 
 0.608000  0.082000  0.262000  0.048000 
 0.774000  0.080000  0.098000  0.048000 
 0.914000  0.000000  0.078000  0.008000 
 0.094000  0.076000  0.808000  0.022000 
 0.236000  0.062000  0.218000  0.484000 
 0.046000  0.006000  0.948000  0.000000 
 0.992000  0.002000  0.006000  0.000000 
 0.904000  0.008000  0.088000  0.000000 
 0.986000  0.000000  0.012000  0.002000 
 0.046000  0.042000  0.898000  0.014000 
 0.042000  0.128000  0.158000  0.672000 
 0.198000  0.146000  0.460000  0.196000 
 0.396000  0.176000  0.266000  0.162000 

