MEME version 4

ALPHABET= ACGT

strands: + -

Background letter frequencies
A 0.250000 C 0.250000 G 0.250000 T 0.250000

MOTIF PRDM6_HUMAN.H11MO.0.C PRDM6
letter-probability matrix: alength= 4 w= 13 nsites= 500 E= 0
 0.464000  0.166000  0.246000  0.124000 
 0.530000  0.070000  0.268000  0.132000 
 0.434000  0.196000  0.330000  0.040000 
 0.616000  0.038000  0.202000  0.144000 
 0.472000  0.010000  0.452000  0.066000 
 0.002000  0.046000  0.942000  0.010000 
 0.978000  0.016000  0.000000  0.006000 
 0.984000  0.004000  0.000000  0.012000 
 0.938000  0.008000  0.008000  0.046000 
 0.760000  0.132000  0.068000  0.040000 
 0.604000  0.234000  0.112000  0.050000 
 0.492000  0.192000  0.126000  0.190000 
 0.504000  0.156000  0.202000  0.138000 

