MEME version 4

ALPHABET= ACGT

strands: + -

Background letter frequencies
A 0.250000 C 0.250000 G 0.250000 T 0.250000

MOTIF PTF1A_HUMAN.H11MO.0.B PTF1A
letter-probability matrix: alength= 4 w= 18 nsites= 500 E= 0
 0.152000  0.446000  0.362000  0.040000 
 0.014000  0.954000  0.012000  0.020000 
 0.940000  0.010000  0.006000  0.044000 
 0.006000  0.044000  0.766000  0.184000 
 0.076000  0.868000  0.022000  0.034000 
 0.014000  0.004000  0.002000  0.980000 
 0.010000  0.016000  0.934000  0.040000 
 0.020000  0.444000  0.274000  0.262000 
 0.056000  0.424000  0.120000  0.400000 
 0.148000  0.314000  0.238000  0.300000 
 0.082000  0.410000  0.250000  0.258000 
 0.134000  0.414000  0.140000  0.312000 
 0.146000  0.232000  0.226000  0.396000 
 0.054000  0.346000  0.136000  0.464000 
 0.072000  0.404000  0.070000  0.454000 
 0.064000  0.602000  0.132000  0.202000 
 0.242000  0.440000  0.066000  0.252000 
 0.180000  0.484000  0.176000  0.160000 

