MEME version 4

ALPHABET= ACGT

strands: + -

Background letter frequencies
A 0.250000 C 0.250000 G 0.250000 T 0.250000

MOTIF RARG_HUMAN.H11MO.0.B RARG
letter-probability matrix: alength= 4 w= 18 nsites= 500 E= 0
 0.576000  0.018000  0.388000  0.018000 
 0.176000  0.006000  0.756000  0.062000 
 0.140000  0.006000  0.846000  0.008000 
 0.064000  0.010000  0.134000  0.792000 
 0.014000  0.888000  0.036000  0.062000 
 0.920000  0.012000  0.052000  0.016000 
 0.186000  0.330000  0.376000  0.108000 
 0.430000  0.292000  0.242000  0.036000 
 0.298000  0.186000  0.440000  0.076000 
 0.206000  0.126000  0.108000  0.560000 
 0.094000  0.166000  0.686000  0.054000 
 0.408000  0.220000  0.230000  0.142000 
 0.228000  0.616000  0.096000  0.060000 
 0.296000  0.592000  0.042000  0.070000 
 0.140000  0.226000  0.146000  0.488000 
 0.178000  0.164000  0.456000  0.202000 
 0.270000  0.112000  0.480000  0.138000 
 0.312000  0.234000  0.340000  0.114000 

