MEME version 4

ALPHABET= ACGT

strands: + -

Background letter frequencies
A 0.250000 C 0.250000 G 0.250000 T 0.250000

MOTIF REL_HUMAN.H11MO.0.B REL
letter-probability matrix: alength= 4 w= 15 nsites= 178 E= 0
 0.308989  0.084270  0.258427  0.348315 
 0.275281  0.168539  0.483146  0.073034 
 0.421348  0.140449  0.117978  0.320225 
 0.483146  0.039326  0.303371  0.174157 
 0.140449  0.005618  0.814607  0.039326 
 0.011236  0.000000  0.983146  0.005618 
 0.084270  0.000000  0.904494  0.011236 
 0.617978  0.016854  0.348315  0.016854 
 0.915730  0.005618  0.061798  0.016854 
 0.702247  0.028090  0.095506  0.174157 
 0.084270  0.134831  0.162921  0.617978 
 0.011236  0.213483  0.331461  0.443820 
 0.196629  0.685393  0.044944  0.073034 
 0.101124  0.758427  0.112360  0.028090 
 0.662921  0.112360  0.101124  0.123596 

