MEME version 4

ALPHABET= ACGT

strands: + -

Background letter frequencies
A 0.250000 C 0.250000 G 0.250000 T 0.250000

MOTIF RFX2_HUMAN.H11MO.0.A RFX2
letter-probability matrix: alength= 4 w= 18 nsites= 423 E= 0
 0.042553  0.569740  0.104019  0.283688 
 0.130024  0.177305  0.408983  0.283688 
 0.000000  0.000000  1.000000  0.000000 
 0.000000  0.007092  0.000000  0.992908 
 0.018913  0.080378  0.004728  0.895981 
 0.042553  0.002364  0.940898  0.014184 
 0.002364  0.905437  0.002364  0.089835 
 0.000000  0.801418  0.000000  0.198582 
 0.803783  0.054374  0.056738  0.085106 
 0.130024  0.007092  0.115839  0.747045 
 0.078014  0.000000  0.917258  0.004728 
 0.115839  0.007092  0.874704  0.002364 
 0.156028  0.534279  0.193853  0.115839 
 0.576832  0.035461  0.300236  0.087470 
 0.846336  0.054374  0.073286  0.026005 
 0.023641  0.858156  0.016548  0.101655 
 0.307329  0.257683  0.330969  0.104019 
 0.191489  0.264775  0.444444  0.099291 

