MEME version 4

ALPHABET= ACGT

strands: + -

Background letter frequencies
A 0.250000 C 0.250000 G 0.250000 T 0.250000

MOTIF RORA_HUMAN.H11MO.0.C RORA
letter-probability matrix: alength= 4 w= 13 nsites= 500 E= 0
 0.534000  0.228000  0.146000  0.092000 
 0.448000  0.130000  0.098000  0.324000 
 0.160000  0.394000  0.274000  0.172000 
 0.252000  0.070000  0.164000  0.514000 
 0.550000  0.016000  0.424000  0.010000 
 0.072000  0.004000  0.882000  0.042000 
 0.020000  0.006000  0.948000  0.026000 
 0.074000  0.172000  0.242000  0.512000 
 0.002000  0.950000  0.044000  0.004000 
 0.962000  0.008000  0.010000  0.020000 
 0.344000  0.122000  0.456000  0.078000 
 0.298000  0.078000  0.426000  0.198000 
 0.204000  0.100000  0.610000  0.086000 

