MEME version 4

ALPHABET= ACGT

strands: + -

Background letter frequencies
A 0.250000 C 0.250000 G 0.250000 T 0.250000

MOTIF RORG_HUMAN.H11MO.0.C RORG
letter-probability matrix: alength= 4 w= 12 nsites= 500 E= 0
 0.242000  0.188000  0.430000  0.140000 
 0.476000  0.102000  0.246000  0.176000 
 0.704000  0.096000  0.108000  0.092000 
 0.650000  0.018000  0.050000  0.282000 
 0.084000  0.400000  0.456000  0.060000 
 0.044000  0.038000  0.058000  0.860000 
 0.488000  0.008000  0.500000  0.004000 
 0.314000  0.010000  0.636000  0.040000 
 0.024000  0.022000  0.936000  0.018000 
 0.020000  0.090000  0.122000  0.768000 
 0.010000  0.950000  0.018000  0.022000 
 0.978000  0.002000  0.014000  0.006000 

