MEME version 4

ALPHABET= ACGT

strands: + -

Background letter frequencies
A 0.250000 C 0.250000 G 0.250000 T 0.250000

MOTIF RUNX2_HUMAN.H11MO.0.A RUNX2
letter-probability matrix: alength= 4 w= 14 nsites= 500 E= 0
 0.172000  0.076000  0.316000  0.436000 
 0.092000  0.130000  0.522000  0.256000 
 0.114000  0.130000  0.292000  0.464000 
 0.122000  0.398000  0.176000  0.304000 
 0.068000  0.010000  0.016000  0.906000 
 0.008000  0.016000  0.924000  0.052000 
 0.034000  0.028000  0.026000  0.912000 
 0.002000  0.000000  0.998000  0.000000 
 0.002000  0.004000  0.974000  0.020000 
 0.018000  0.146000  0.112000  0.724000 
 0.032000  0.138000  0.160000  0.670000 
 0.176000  0.026000  0.192000  0.606000 
 0.114000  0.110000  0.388000  0.388000 
 0.098000  0.130000  0.380000  0.392000 

