MEME version 4

ALPHABET= ACGT

strands: + -

Background letter frequencies
A 0.250000 C 0.250000 G 0.250000 T 0.250000

MOTIF RXRG_HUMAN.H11MO.0.B RXRG
letter-probability matrix: alength= 4 w= 13 nsites= 653 E= 0
 0.156263  0.156913  0.529262  0.157563 
 0.001300  0.000650  0.875399  0.122651 
 0.006231  0.014363  0.077284  0.902123 
 0.005850  0.893968  0.020182  0.080000 
 1.000000  0.000000  0.000000  0.000000 
 0.909897  0.004011  0.073422  0.012671 
 0.969707  0.001300  0.028993  0.000000 
 0.000000  0.000650  0.998050  0.001300 
 0.000650  0.000650  0.912926  0.085774 
 0.014081  0.017613  0.024212  0.944093 
 0.004550  0.859692  0.075748  0.060009 
 0.927971  0.005581  0.065418  0.001030 
 0.291826  0.329639  0.102668  0.275867 

