MEME version 4

ALPHABET= ACGT

strands: + -

Background letter frequencies
A 0.250000 C 0.250000 G 0.250000 T 0.250000

MOTIF SIX1_HUMAN.H11MO.0.A SIX1
letter-probability matrix: alength= 4 w= 14 nsites= 500 E= 0
 0.196000  0.018000  0.206000  0.580000 
 0.016000  0.004000  0.978000  0.002000 
 0.472000  0.044000  0.048000  0.436000 
 0.902000  0.048000  0.002000  0.048000 
 0.992000  0.004000  0.002000  0.002000 
 0.042000  0.494000  0.048000  0.416000 
 0.218000  0.392000  0.046000  0.344000 
 0.088000  0.102000  0.110000  0.700000 
 0.104000  0.014000  0.846000  0.036000 
 0.996000  0.000000  0.002000  0.002000 
 0.076000  0.148000  0.306000  0.470000 
 0.510000  0.422000  0.024000  0.044000 
 0.084000  0.588000  0.040000  0.288000 
 0.138000  0.396000  0.190000  0.276000 

