MEME version 4

ALPHABET= ACGT

strands: + -

Background letter frequencies
A 0.250000 C 0.250000 G 0.250000 T 0.250000

MOTIF SIX2_HUMAN.H11MO.0.A SIX2
letter-probability matrix: alength= 4 w= 13 nsites= 500 E= 0
 0.166000  0.012000  0.312000  0.510000 
 0.026000  0.004000  0.952000  0.018000 
 0.592000  0.040000  0.086000  0.282000 
 0.852000  0.060000  0.022000  0.066000 
 0.984000  0.010000  0.004000  0.002000 
 0.056000  0.500000  0.068000  0.376000 
 0.224000  0.368000  0.074000  0.334000 
 0.160000  0.136000  0.110000  0.594000 
 0.168000  0.026000  0.738000  0.068000 
 0.992000  0.002000  0.002000  0.004000 
 0.074000  0.160000  0.440000  0.326000 
 0.552000  0.362000  0.028000  0.058000 
 0.198000  0.532000  0.066000  0.204000 

