MEME version 4

ALPHABET= ACGT

strands: + -

Background letter frequencies
A 0.250000 C 0.250000 G 0.250000 T 0.250000

MOTIF SMAD2_HUMAN.H11MO.0.A SMAD2
letter-probability matrix: alength= 4 w= 12 nsites= 500 E= 0
 0.214000  0.074000  0.048000  0.664000 
 0.044000  0.074000  0.854000  0.028000 
 0.052000  0.120000  0.146000  0.682000 
 0.004000  0.966000  0.008000  0.022000 
 0.020000  0.020000  0.000000  0.960000 
 0.122000  0.216000  0.604000  0.058000 
 0.162000  0.268000  0.250000  0.320000 
 0.032000  0.900000  0.028000  0.040000 
 0.536000  0.118000  0.054000  0.292000 
 0.048000  0.804000  0.110000  0.038000 
 0.160000  0.604000  0.008000  0.228000 
 0.092000  0.262000  0.108000  0.538000 

