MEME version 4

ALPHABET= ACGT

strands: + -

Background letter frequencies
A 0.250000 C 0.250000 G 0.250000 T 0.250000

MOTIF SMAD4_HUMAN.H11MO.0.B SMAD4
letter-probability matrix: alength= 4 w= 13 nsites= 497 E= 0
 0.219316  0.448692  0.203219  0.128773 
 0.307847  0.100604  0.052314  0.539235 
 0.018109  0.010060  0.945674  0.026157 
 0.046278  0.046278  0.177062  0.730382 
 0.002012  0.981891  0.008048  0.008048 
 0.002012  0.006036  0.002012  0.989940 
 0.144869  0.211268  0.597586  0.046278 
 0.193159  0.146881  0.370221  0.289738 
 0.028169  0.939638  0.016097  0.016097 
 0.712274  0.052314  0.092555  0.142857 
 0.052314  0.696177  0.189135  0.062374 
 0.134809  0.573441  0.064386  0.227364 
 0.136821  0.209256  0.094567  0.559356 

