MEME version 4

ALPHABET= ACGT

strands: + -

Background letter frequencies
A 0.250000 C 0.250000 G 0.250000 T 0.250000

MOTIF SMCA1_HUMAN.H11MO.0.C SMCA1
letter-probability matrix: alength= 4 w= 12 nsites= 441 E= 0
 0.238095  0.494331  0.179138  0.088435 
 0.448980  0.501134  0.015873  0.034014 
 0.596372  0.126984  0.090703  0.185941 
 0.537415  0.000000  0.437642  0.024943 
 0.045351  0.024943  0.918367  0.011338 
 0.920635  0.027211  0.040816  0.011338 
 0.954649  0.009070  0.018141  0.018141 
 0.090703  0.040816  0.721088  0.147392 
 0.609977  0.344671  0.024943  0.020408 
 0.857143  0.043084  0.056689  0.043084 
 0.258503  0.054422  0.056689  0.630385 
 0.224490  0.174603  0.380952  0.219955 

