MEME version 4

ALPHABET= ACGT

strands: + -

Background letter frequencies
A 0.250000 C 0.250000 G 0.250000 T 0.250000

MOTIF SMCA5_HUMAN.H11MO.0.C SMCA5
letter-probability matrix: alength= 4 w= 15 nsites= 404 E= 0
 0.037129  0.029703  0.905941  0.027228 
 0.735149  0.123762  0.106436  0.034653 
 0.509901  0.245050  0.205446  0.039604 
 0.108911  0.056931  0.136139  0.698020 
 0.133663  0.297030  0.334158  0.235149 
 0.086634  0.116337  0.787129  0.009901 
 0.836634  0.032178  0.074257  0.056931 
 0.868812  0.034653  0.084158  0.012376 
 0.123762  0.049505  0.111386  0.715347 
 0.116337  0.009901  0.861386  0.012376 
 0.024752  0.309406  0.650990  0.014851 
 0.893564  0.012376  0.039604  0.054455 
 0.594059  0.173267  0.215347  0.017327 
 0.351485  0.069307  0.066832  0.512376 
 0.051980  0.678218  0.183168  0.086634 

