MEME version 4

ALPHABET= ACGT

strands: + -

Background letter frequencies
A 0.250000 C 0.250000 G 0.250000 T 0.250000

MOTIF SOX4_HUMAN.H11MO.0.B SOX4
letter-probability matrix: alength= 4 w= 12 nsites= 500 E= 0
 0.040000  0.334000  0.236000  0.390000 
 0.018000  0.532000  0.122000  0.328000 
 0.006000  0.804000  0.008000  0.182000 
 0.106000  0.030000  0.010000  0.854000 
 0.004000  0.016000  0.036000  0.944000 
 0.002000  0.012000  0.026000  0.960000 
 0.022000  0.092000  0.848000  0.038000 
 0.012000  0.020000  0.014000  0.954000 
 0.014000  0.334000  0.120000  0.532000 
 0.028000  0.574000  0.088000  0.310000 
 0.056000  0.362000  0.162000  0.420000 
 0.120000  0.380000  0.206000  0.294000 

