MEME version 4

ALPHABET= ACGT

strands: + -

Background letter frequencies
A 0.250000 C 0.250000 G 0.250000 T 0.250000

MOTIF SP1_HUMAN.H11MO.0.A SP1
letter-probability matrix: alength= 4 w= 22 nsites= 499 E= 0
 0.314629  0.206413  0.332665  0.146293 
 0.192385  0.100200  0.669339  0.038076 
 0.044088  0.008016  0.809619  0.138277 
 0.058116  0.008016  0.933868  0.000000 
 0.000000  0.008016  0.991984  0.000000 
 0.004008  0.000000  0.995992  0.000000 
 0.032064  0.953908  0.004008  0.010020 
 0.010020  0.000000  0.987976  0.002004 
 0.002004  0.008016  0.925852  0.064128 
 0.066132  0.002004  0.915832  0.016032 
 0.018036  0.030060  0.911824  0.040080 
 0.060120  0.867735  0.014028  0.058116 
 0.058116  0.595190  0.190381  0.156313 
 0.144289  0.112224  0.462926  0.280561 
 0.082164  0.176353  0.705411  0.036072 
 0.114228  0.166333  0.681363  0.038076 
 0.160321  0.196393  0.575150  0.068136 
 0.088176  0.266533  0.587174  0.058116 
 0.120240  0.232465  0.581162  0.066132 
 0.118236  0.144289  0.629259  0.108216 
 0.120240  0.120240  0.705411  0.054108 
 0.168337  0.186373  0.609218  0.036072 

