MEME version 4

ALPHABET= ACGT

strands: + -

Background letter frequencies
A 0.250000 C 0.250000 G 0.250000 T 0.250000

MOTIF SP2_HUMAN.H11MO.0.A SP2
letter-probability matrix: alength= 4 w= 22 nsites= 499 E= 0
 0.128506  0.250150  0.569094  0.052250 
 0.179990  0.246121  0.522944  0.050945 
 0.150745  0.282179  0.504652  0.062423 
 0.154503  0.318687  0.420573  0.106237 
 0.287972  0.222099  0.384353  0.105576 
 0.175203  0.100101  0.656845  0.067851 
 0.140003  0.055748  0.706115  0.098134 
 0.296025  0.054872  0.630486  0.018617 
 0.037793  0.004241  0.918605  0.039361 
 0.012171  0.020841  0.956927  0.010061 
 0.043421  0.889741  0.012803  0.054035 
 0.032358  0.016372  0.900299  0.050971 
 0.012549  0.020130  0.934590  0.032732 
 0.099311  0.086886  0.786049  0.027754 
 0.220787  0.177575  0.581706  0.019932 
 0.103825  0.604696  0.218650  0.072829 
 0.050057  0.508124  0.233438  0.208381 
 0.201308  0.190192  0.392593  0.215907 
 0.129662  0.236977  0.526531  0.106830 
 0.182017  0.257940  0.466039  0.094004 
 0.150512  0.185491  0.589305  0.074692 
 0.122723  0.326366  0.494920  0.055991 

