MEME version 4

ALPHABET= ACGT

strands: + -

Background letter frequencies
A 0.250000 C 0.250000 G 0.250000 T 0.250000

MOTIF SP3_HUMAN.H11MO.0.B SP3
letter-probability matrix: alength= 4 w= 20 nsites= 415 E= 0
 0.207605  0.226431  0.418599  0.147364 
 0.175602  0.218373  0.474849  0.131175 
 0.228012  0.220030  0.439006  0.112952 
 0.276205  0.219277  0.389307  0.115211 
 0.171837  0.199699  0.554669  0.073795 
 0.120783  0.075000  0.638253  0.165964 
 0.138554  0.002410  0.854819  0.004217 
 0.002410  0.010241  0.977410  0.009940 
 0.009639  0.019578  0.966265  0.004518 
 0.234488  0.627560  0.050602  0.087349 
 0.044428  0.034337  0.890211  0.031024 
 0.007229  0.014759  0.871687  0.106325 
 0.189458  0.034940  0.719277  0.056325 
 0.095181  0.133133  0.734639  0.037048 
 0.114157  0.553916  0.239157  0.092771 
 0.112048  0.367169  0.315512  0.205271 
 0.257530  0.132982  0.449849  0.159639 
 0.200602  0.167470  0.515813  0.116114 
 0.163855  0.265060  0.455572  0.115512 
 0.182078  0.241867  0.449849  0.126205 

