MEME version 4

ALPHABET= ACGT

strands: + -

Background letter frequencies
A 0.250000 C 0.250000 G 0.250000 T 0.250000

MOTIF SP4_HUMAN.H11MO.0.A SP4
letter-probability matrix: alength= 4 w= 20 nsites= 499 E= 0
 0.222445  0.248497  0.454910  0.074148 
 0.266533  0.148297  0.462926  0.122244 
 0.140281  0.180361  0.605210  0.074148 
 0.404810  0.250501  0.248497  0.096192 
 0.527054  0.112224  0.224449  0.136273 
 0.346693  0.026052  0.549098  0.078156 
 0.230461  0.018036  0.637275  0.114228 
 0.342685  0.020040  0.615230  0.022044 
 0.068136  0.012024  0.901804  0.018036 
 0.036072  0.004008  0.935872  0.024048 
 0.124248  0.769539  0.010020  0.096192 
 0.056112  0.016032  0.855711  0.072144 
 0.054108  0.018036  0.861723  0.066132 
 0.352705  0.030060  0.567134  0.050100 
 0.214429  0.010020  0.747495  0.028056 
 0.198397  0.597194  0.142285  0.062124 
 0.248497  0.414830  0.124248  0.212425 
 0.326653  0.078156  0.364729  0.230461 
 0.302605  0.112224  0.498998  0.086172 
 0.332665  0.142285  0.430862  0.094188 

