MEME version 4

ALPHABET= ACGT

strands: + -

Background letter frequencies
A 0.250000 C 0.250000 G 0.250000 T 0.250000

MOTIF SRBP2_HUMAN.H11MO.0.B SRBP2
letter-probability matrix: alength= 4 w= 13 nsites= 2342 E= 0
 0.260336  0.246757  0.375036  0.117872 
 0.173237  0.301954  0.412020  0.112789 
 0.211019  0.165129  0.568716  0.055136 
 0.149617  0.048544  0.061286  0.740552 
 0.021454  0.033193  0.908992  0.036362 
 0.051945  0.005707  0.940018  0.002329 
 0.175635  0.220591  0.490636  0.113138 
 0.111018  0.229676  0.646751  0.012555 
 0.289472  0.149964  0.011018  0.549545 
 0.025018  0.078361  0.872140  0.024482 
 0.699207  0.020056  0.224669  0.056069 
 0.157349  0.187887  0.369486  0.285278 
 0.158457  0.209562  0.450722  0.181260 

