MEME version 4

ALPHABET= ACGT

strands: + -

Background letter frequencies
A 0.250000 C 0.250000 G 0.250000 T 0.250000

MOTIF SRF_HUMAN.H11MO.0.A SRF
letter-probability matrix: alength= 4 w= 18 nsites= 131 E= 0
 0.129771  0.206107  0.091603  0.572519 
 0.122137  0.190840  0.106870  0.580153 
 0.145038  0.152672  0.396947  0.305344 
 0.030534  0.923664  0.015267  0.030534 
 0.000000  0.938931  0.007634  0.053435 
 0.320611  0.076336  0.030534  0.572519 
 0.129771  0.053435  0.030534  0.786260 
 0.603053  0.022901  0.045802  0.328244 
 0.000000  0.007634  0.007634  0.984733 
 0.526718  0.045802  0.000000  0.427481 
 0.190840  0.022901  0.007634  0.778626 
 0.053435  0.022901  0.923664  0.000000 
 0.038168  0.007634  0.954198  0.000000 
 0.106870  0.213740  0.343511  0.335878 
 0.160305  0.587786  0.152672  0.099237 
 0.488550  0.076336  0.091603  0.343511 
 0.167939  0.152672  0.213740  0.465649 
 0.312977  0.114504  0.320611  0.251908 

