MEME version 4

ALPHABET= ACGT

strands: + -

Background letter frequencies
A 0.250000 C 0.250000 G 0.250000 T 0.250000

MOTIF STAT3_HUMAN.H11MO.0.A STAT3
letter-probability matrix: alength= 4 w= 12 nsites= 500 E= 0
 0.168000  0.424000  0.228000  0.180000 
 0.452000  0.192000  0.196000  0.160000 
 0.114000  0.340000  0.104000  0.442000 
 0.024000  0.006000  0.002000  0.968000 
 0.014000  0.002000  0.080000  0.904000 
 0.086000  0.888000  0.006000  0.020000 
 0.002000  0.870000  0.000000  0.128000 
 0.448000  0.552000  0.000000  0.000000 
 0.348000  0.016000  0.614000  0.022000 
 0.052000  0.012000  0.732000  0.204000 
 0.790000  0.172000  0.004000  0.034000 
 0.904000  0.034000  0.026000  0.036000 

