MEME version 4

ALPHABET= ACGT

strands: + -

Background letter frequencies
A 0.250000 C 0.250000 G 0.250000 T 0.250000

MOTIF STAT2_HUMAN.H11MO.0.A STAT2
letter-probability matrix: alength= 4 w= 19 nsites= 500 E= 0
 0.420000  0.110000  0.342000  0.128000 
 0.350000  0.134000  0.450000  0.066000 
 0.298000  0.010000  0.636000  0.056000 
 0.604000  0.004000  0.370000  0.022000 
 0.988000  0.004000  0.004000  0.004000 
 0.944000  0.016000  0.018000  0.022000 
 0.480000  0.168000  0.130000  0.222000 
 0.238000  0.228000  0.140000  0.394000 
 0.078000  0.002000  0.916000  0.004000 
 0.972000  0.006000  0.020000  0.002000 
 0.986000  0.000000  0.014000  0.000000 
 0.994000  0.000000  0.004000  0.002000 
 0.088000  0.686000  0.214000  0.012000 
 0.104000  0.176000  0.016000  0.704000 
 0.182000  0.114000  0.544000  0.160000 
 0.768000  0.054000  0.112000  0.066000 
 0.642000  0.100000  0.148000  0.110000 
 0.602000  0.106000  0.188000  0.104000 
 0.204000  0.292000  0.372000  0.132000 

