MEME version 4

ALPHABET= ACGT

strands: + -

Background letter frequencies
A 0.250000 C 0.250000 G 0.250000 T 0.250000

MOTIF TAF1_HUMAN.H11MO.0.A TAF1
letter-probability matrix: alength= 4 w= 16 nsites= 500 E= 0
 0.506000  0.058000  0.406000  0.030000 
 0.752000  0.046000  0.156000  0.046000 
 0.424000  0.056000  0.512000  0.008000 
 0.530000  0.096000  0.360000  0.014000 
 0.350000  0.172000  0.034000  0.444000 
 0.090000  0.032000  0.838000  0.040000 
 0.018000  0.014000  0.958000  0.010000 
 0.324000  0.652000  0.008000  0.016000 
 0.232000  0.056000  0.622000  0.090000 
 0.070000  0.064000  0.832000  0.034000 
 0.282000  0.540000  0.060000  0.118000 
 0.180000  0.064000  0.644000  0.112000 
 0.158000  0.166000  0.632000  0.044000 
 0.302000  0.412000  0.188000  0.098000 
 0.190000  0.146000  0.526000  0.138000 
 0.272000  0.138000  0.528000  0.062000 

