MEME version 4

ALPHABET= ACGT

strands: + -

Background letter frequencies
A 0.250000 C 0.250000 G 0.250000 T 0.250000

MOTIF TBX21_HUMAN.H11MO.0.A TBX21
letter-probability matrix: alength= 4 w= 13 nsites= 494 E= 0
 0.214575  0.202429  0.439271  0.143725 
 0.214575  0.115385  0.315789  0.354251 
 0.127530  0.186235  0.572874  0.113360 
 0.329960  0.109312  0.334008  0.226721 
 0.491903  0.052632  0.321862  0.133603 
 0.190283  0.008097  0.700405  0.101215 
 0.056680  0.297571  0.601215  0.044534 
 0.048583  0.008097  0.008097  0.935223 
 0.002024  0.002024  0.967611  0.028340 
 0.147773  0.125506  0.121457  0.605263 
 0.042510  0.163968  0.613360  0.180162 
 0.601215  0.018219  0.317814  0.062753 
 0.376518  0.190283  0.259109  0.174089 

