MEME version 4

ALPHABET= ACGT

strands: + -

Background letter frequencies
A 0.250000 C 0.250000 G 0.250000 T 0.250000

MOTIF TF65_HUMAN.H11MO.0.A TF65
letter-probability matrix: alength= 4 w= 14 nsites= 500 E= 0
 0.272000  0.388000  0.132000  0.208000 
 0.478000  0.078000  0.130000  0.314000 
 0.020000  0.014000  0.920000  0.046000 
 0.006000  0.000000  0.980000  0.014000 
 0.010000  0.000000  0.902000  0.088000 
 0.556000  0.010000  0.396000  0.038000 
 0.540000  0.238000  0.066000  0.156000 
 0.240000  0.018000  0.004000  0.738000 
 0.010000  0.018000  0.010000  0.962000 
 0.008000  0.180000  0.000000  0.812000 
 0.016000  0.930000  0.002000  0.052000 
 0.024000  0.934000  0.006000  0.036000 
 0.428000  0.358000  0.076000  0.138000 
 0.326000  0.218000  0.334000  0.122000 

