MEME version 4

ALPHABET= ACGT

strands: + -

Background letter frequencies
A 0.250000 C 0.250000 G 0.250000 T 0.250000

MOTIF TF7L2_HUMAN.H11MO.0.A TF7L2
letter-probability matrix: alength= 4 w= 13 nsites= 500 E= 0
 0.098000  0.350000  0.308000  0.244000 
 0.086000  0.544000  0.174000  0.196000 
 0.020000  0.852000  0.016000  0.112000 
 0.016000  0.032000  0.000000  0.952000 
 0.002000  0.054000  0.032000  0.912000 
 0.016000  0.000000  0.004000  0.980000 
 0.032000  0.162000  0.780000  0.026000 
 0.892000  0.012000  0.016000  0.080000 
 0.252000  0.008000  0.016000  0.724000 
 0.024000  0.424000  0.536000  0.016000 
 0.098000  0.176000  0.050000  0.676000 
 0.088000  0.256000  0.352000  0.304000 
 0.124000  0.230000  0.360000  0.286000 

