MEME version 4

ALPHABET= ACGT

strands: + -

Background letter frequencies
A 0.250000 C 0.250000 G 0.250000 T 0.250000

MOTIF THA11_HUMAN.H11MO.0.B THA11
letter-probability matrix: alength= 4 w= 22 nsites= 126 E= 0
 0.142857  0.031746  0.484127  0.341270 
 0.023810  0.063492  0.801587  0.111111 
 0.087302  0.722222  0.142857  0.047619 
 0.500000  0.341270  0.039683  0.119048 
 0.023810  0.158730  0.015873  0.801587 
 0.023810  0.222222  0.396825  0.357143 
 0.039683  0.809524  0.071429  0.079365 
 0.047619  0.150794  0.000000  0.801587 
 0.015873  0.007937  0.952381  0.023810 
 0.023810  0.000000  0.936508  0.039683 
 0.071429  0.015873  0.865079  0.047619 
 0.825397  0.031746  0.103175  0.039683 
 0.380952  0.126984  0.412698  0.079365 
 0.277778  0.071429  0.079365  0.571429 
 0.023810  0.103175  0.055556  0.817460 
 0.000000  0.023810  0.936508  0.039683 
 0.015873  0.047619  0.079365  0.857143 
 0.880952  0.015873  0.087302  0.015873 
 0.015873  0.000000  0.984127  0.000000 
 0.023810  0.007937  0.047619  0.920635 
 0.047619  0.388889  0.063492  0.500000 
 0.031746  0.531746  0.055556  0.380952 

