MEME version 4

ALPHABET= ACGT

strands: + -

Background letter frequencies
A 0.250000 C 0.250000 G 0.250000 T 0.250000

MOTIF THAP1_HUMAN.H11MO.0.C THAP1
letter-probability matrix: alength= 4 w= 22 nsites= 498 E= 0
 0.138561  0.446317  0.324041  0.091080 
 0.061449  0.139591  0.742025  0.056934 
 0.061787  0.675129  0.186720  0.076365 
 0.151362  0.583629  0.178285  0.086724 
 0.066534  0.079466  0.736088  0.117912 
 0.016540  0.915062  0.054718  0.013681 
 0.035754  0.908761  0.041178  0.014307 
 0.599054  0.182133  0.140387  0.078426 
 0.018699  0.227059  0.177025  0.577216 
 0.059224  0.526107  0.300470  0.114199 
 0.039461  0.182588  0.208890  0.569062 
 0.024981  0.361171  0.049387  0.564461 
 0.103181  0.186160  0.503826  0.206834 
 0.162044  0.236598  0.531651  0.069707 
 0.184255  0.393559  0.229427  0.192759 
 0.113193  0.246489  0.175817  0.464502 
 0.118768  0.340378  0.342914  0.197940 
 0.175479  0.499920  0.112037  0.212564 
 0.022878  0.129017  0.684686  0.163418 
 0.024821  0.148774  0.790670  0.035735 
 0.018171  0.194546  0.744560  0.042723 
 0.072113  0.787237  0.067397  0.073253 

