MEME version 4

ALPHABET= ACGT

strands: + -

Background letter frequencies
A 0.250000 C 0.250000 G 0.250000 T 0.250000

MOTIF TWST1_HUMAN.H11MO.0.A TWST1
letter-probability matrix: alength= 4 w= 17 nsites= 497 E= 0
 0.507042  0.267606  0.154930  0.070423 
 0.070423  0.869215  0.028169  0.032193 
 0.923541  0.014085  0.034205  0.028169 
 0.010060  0.082495  0.183099  0.724346 
 0.197183  0.702213  0.080483  0.020121 
 0.002012  0.004024  0.002012  0.991952 
 0.000000  0.008048  0.967807  0.024145 
 0.026157  0.144869  0.535211  0.293763 
 0.291751  0.074447  0.086519  0.547284 
 0.285714  0.094567  0.070423  0.549296 
 0.116700  0.267606  0.118712  0.496982 
 0.060362  0.360161  0.090543  0.488934 
 0.434608  0.291751  0.160966  0.112676 
 0.784708  0.056338  0.088531  0.070423 
 0.016097  0.034205  0.052314  0.897384 
 0.092555  0.185111  0.034205  0.688129 
 0.655936  0.036217  0.036217  0.271630 

