MEME version 4

ALPHABET= ACGT

strands: + -

Background letter frequencies
A 0.250000 C 0.250000 G 0.250000 T 0.250000

MOTIF USF2_HUMAN.H11MO.0.A USF2
letter-probability matrix: alength= 4 w= 19 nsites= 500 E= 0
 0.216151  0.207524  0.447477  0.128848 
 0.204297  0.139047  0.546133  0.110523 
 0.115712  0.016106  0.864941  0.003242 
 0.014704  0.047942  0.036872  0.900482 
 0.001728  0.998272  0.000000  0.000000 
 0.992754  0.000000  0.003510  0.003736 
 0.000000  0.925640  0.021627  0.052733 
 0.101912  0.000000  0.898088  0.000000 
 0.003351  0.007606  0.003895  0.985148 
 0.001794  0.000000  0.995804  0.002402 
 0.337648  0.168255  0.395620  0.098478 
 0.058379  0.448617  0.266478  0.226526 
 0.119015  0.465584  0.333898  0.081503 
 0.251693  0.297925  0.330378  0.120004 
 0.128083  0.370617  0.365258  0.136041 
 0.126024  0.329723  0.384693  0.159560 
 0.161812  0.326010  0.388494  0.123685 
 0.127109  0.379032  0.313208  0.180651 
 0.122245  0.274502  0.385159  0.218093 

