MEME version 4

ALPHABET= ACGT

strands: + -

Background letter frequencies
A 0.250000 C 0.250000 G 0.250000 T 0.250000

MOTIF VEZF1_HUMAN.H11MO.0.C VEZF1
letter-probability matrix: alength= 4 w= 22 nsites= 500 E= 0
 0.230000  0.088000  0.544000  0.138000 
 0.212000  0.108000  0.636000  0.044000 
 0.296000  0.062000  0.548000  0.094000 
 0.306000  0.076000  0.544000  0.074000 
 0.506000  0.088000  0.350000  0.056000 
 0.342000  0.060000  0.500000  0.098000 
 0.194000  0.112000  0.644000  0.050000 
 0.264000  0.112000  0.498000  0.126000 
 0.296000  0.064000  0.584000  0.056000 
 0.058000  0.012000  0.860000  0.070000 
 0.018000  0.118000  0.830000  0.034000 
 0.822000  0.086000  0.012000  0.080000 
 0.248000  0.026000  0.704000  0.022000 
 0.206000  0.080000  0.670000  0.044000 
 0.274000  0.046000  0.584000  0.096000 
 0.210000  0.032000  0.646000  0.112000 
 0.150000  0.124000  0.672000  0.054000 
 0.464000  0.182000  0.272000  0.082000 
 0.212000  0.098000  0.568000  0.122000 
 0.382000  0.022000  0.542000  0.054000 
 0.308000  0.066000  0.558000  0.068000 
 0.336000  0.042000  0.524000  0.098000 

