MEME version 4

ALPHABET= ACGT

strands: + -

Background letter frequencies
A 0.250000 C 0.250000 G 0.250000 T 0.250000

MOTIF WT1_HUMAN.H11MO.0.C WT1
letter-probability matrix: alength= 4 w= 20 nsites= 500 E= 0
 0.312000  0.102000  0.514000  0.072000 
 0.210000  0.160000  0.560000  0.070000 
 0.088000  0.112000  0.762000  0.038000 
 0.274000  0.304000  0.276000  0.146000 
 0.098000  0.084000  0.804000  0.014000 
 0.290000  0.052000  0.596000  0.062000 
 0.252000  0.026000  0.714000  0.008000 
 0.006000  0.026000  0.956000  0.012000 
 0.012000  0.016000  0.972000  0.000000 
 0.826000  0.148000  0.004000  0.022000 
 0.012000  0.008000  0.970000  0.010000 
 0.036000  0.012000  0.908000  0.044000 
 0.476000  0.100000  0.386000  0.038000 
 0.238000  0.036000  0.714000  0.012000 
 0.242000  0.186000  0.516000  0.056000 
 0.306000  0.214000  0.388000  0.092000 
 0.120000  0.068000  0.752000  0.060000 
 0.194000  0.094000  0.674000  0.038000 
 0.370000  0.108000  0.472000  0.050000 
 0.214000  0.080000  0.680000  0.026000 

