MEME version 4

ALPHABET= ACGT

strands: + -

Background letter frequencies
A 0.250000 C 0.250000 G 0.250000 T 0.250000

MOTIF Z324A_HUMAN.H11MO.0.C Z324A
letter-probability matrix: alength= 4 w= 23 nsites= 500 E= 0
 0.114500  0.120500  0.378500  0.386500 
 0.386500  0.320500  0.234500  0.058500 
 0.092500  0.140500  0.040500  0.726500 
 0.022500  0.602500  0.142500  0.232500 
 0.502500  0.246500  0.192500  0.058500 
 0.614500  0.254500  0.060500  0.070500 
 0.542500  0.158500  0.236500  0.062500 
 0.062000  0.822000  0.056000  0.060000 
 0.034000  0.778000  0.058000  0.130000 
 0.580000  0.172000  0.062000  0.186000 
 0.066000  0.090000  0.144000  0.700000 
 0.030000  0.872000  0.046000  0.052000 
 0.028000  0.888000  0.024000  0.060000 
 0.060000  0.276000  0.042000  0.622000 
 0.048000  0.192000  0.070000  0.690000 
 0.162000  0.102000  0.306000  0.430000 
 0.122000  0.286000  0.444000  0.148000 
 0.138000  0.724000  0.062000  0.076000 
 0.150000  0.190000  0.082000  0.578000 
 0.070000  0.166000  0.474000  0.290000 
 0.094000  0.462000  0.316000  0.128000 
 0.152000  0.632000  0.074000  0.142000 
 0.400000  0.190000  0.180000  0.230000 

