MEME version 4

ALPHABET= ACGT

strands: + -

Background letter frequencies
A 0.250000 C 0.250000 G 0.250000 T 0.250000

MOTIF ZBTB6_HUMAN.H11MO.0.C ZBTB6
letter-probability matrix: alength= 4 w= 13 nsites= 456 E= 0
 0.089912  0.039474  0.750000  0.120614 
 0.230263  0.063596  0.686404  0.019737 
 0.324561  0.206140  0.052632  0.416667 
 0.037281  0.142544  0.692982  0.127193 
 0.392544  0.559211  0.043860  0.004386 
 0.024123  0.089912  0.015351  0.870614 
 0.214912  0.013158  0.723684  0.048246 
 0.000000  0.000000  0.997807  0.002193 
 0.989035  0.006579  0.002193  0.002193 
 0.006579  0.004386  0.986842  0.002193 
 0.122807  0.728070  0.100877  0.048246 
 0.100877  0.642544  0.046053  0.210526 
 0.296053  0.149123  0.368421  0.186404 

