MEME version 4

ALPHABET= ACGT

strands: + -

Background letter frequencies
A 0.250000 C 0.250000 G 0.250000 T 0.250000

MOTIF ZFP42_HUMAN.H11MO.0.A ZFP42
letter-probability matrix: alength= 4 w= 12 nsites= 500 E= 0
 0.200000  0.138000  0.544000  0.118000 
 0.122000  0.054000  0.756000  0.068000 
 0.142000  0.590000  0.196000  0.072000 
 0.496000  0.328000  0.086000  0.090000 
 0.022000  0.028000  0.788000  0.162000 
 0.080000  0.884000  0.020000  0.016000 
 0.000000  0.982000  0.008000  0.010000 
 0.990000  0.008000  0.002000  0.000000 
 0.002000  0.008000  0.016000  0.974000 
 0.042000  0.254000  0.096000  0.608000 
 0.066000  0.068000  0.058000  0.808000 
 0.028000  0.202000  0.020000  0.750000 

