MEME version 4

ALPHABET= ACGT

strands: + -

Background letter frequencies
A 0.250000 C 0.250000 G 0.250000 T 0.250000

MOTIF ZIC3_HUMAN.H11MO.0.B ZIC3
letter-probability matrix: alength= 4 w= 15 nsites= 169 E= 0
 0.165680  0.153846  0.455621  0.224852 
 0.165680  0.230769  0.532544  0.071006 
 0.218935  0.497041  0.159763  0.124260 
 0.100592  0.461538  0.124260  0.313609 
 0.218935  0.378698  0.094675  0.307692 
 0.000000  0.994083  0.005917  0.000000 
 0.082840  0.905325  0.000000  0.011834 
 0.059172  0.130178  0.000000  0.810651 
 0.047337  0.059172  0.875740  0.017751 
 0.000000  0.917160  0.082840  0.000000 
 0.047337  0.005917  0.011834  0.934911 
 0.011834  0.029586  0.958580  0.000000 
 0.325444  0.029586  0.201183  0.443787 
 0.005917  0.029586  0.875740  0.088757 
 0.372781  0.254438  0.142012  0.230769 

