MEME version 4

ALPHABET= ACGT

strands: + -

Background letter frequencies
A 0.250000 C 0.250000 G 0.250000 T 0.250000

MOTIF ZN134_HUMAN.H11MO.0.C ZN134
letter-probability matrix: alength= 4 w= 22 nsites= 500 E= 0
 0.096000  0.124000  0.642000  0.138000 
 0.164000  0.562000  0.124000  0.150000 
 0.222000  0.526000  0.156000  0.096000 
 0.158000  0.112000  0.150000  0.580000 
 0.144000  0.358000  0.320000  0.178000 
 0.396500  0.178500  0.296500  0.128500 
 0.238500  0.388500  0.098500  0.274500 
 0.150500  0.602500  0.082500  0.164500 
 0.048500  0.288500  0.046500  0.616500 
 0.520500  0.344500  0.068500  0.066500 
 0.932500  0.010500  0.044500  0.012500 
 0.012500  0.028500  0.222500  0.736500 
 0.008500  0.930500  0.030500  0.030500 
 0.942500  0.012500  0.034500  0.010500 
 0.010500  0.006500  0.902500  0.080500 
 0.048500  0.084500  0.428500  0.438500 
 0.056500  0.076500  0.188500  0.678500 
 0.132500  0.010500  0.820500  0.036500 
 0.726500  0.202500  0.056500  0.014500 
 0.514500  0.106500  0.138500  0.240500 
 0.036500  0.080500  0.850500  0.032500 
 0.112500  0.132500  0.706500  0.048500 

