MEME version 4

ALPHABET= ACGT

strands: + -

Background letter frequencies
A 0.250000 C 0.250000 G 0.250000 T 0.250000

MOTIF ZN214_HUMAN.H11MO.0.C ZN214
letter-probability matrix: alength= 4 w= 22 nsites= 264 E= 0
 0.257576  0.204545  0.117424  0.420455 
 0.208333  0.545455  0.098485  0.147727 
 0.306818  0.511364  0.102273  0.079545 
 0.303030  0.060606  0.030303  0.606061 
 0.007576  0.132576  0.060606  0.799242 
 0.037879  0.257576  0.200758  0.503788 
 0.087121  0.329545  0.064394  0.518939 
 0.022727  0.094697  0.253788  0.628788 
 0.386364  0.056818  0.507576  0.049242 
 0.500000  0.018939  0.219697  0.261364 
 0.026515  0.011364  0.651515  0.310606 
 0.037879  0.424242  0.496212  0.041667 
 0.291667  0.549242  0.102273  0.056818 
 0.344697  0.359848  0.030303  0.265152 
 0.102273  0.272727  0.178030  0.446970 
 0.030303  0.075758  0.060606  0.833333 
 0.007576  0.280303  0.053030  0.659091 
 0.155303  0.166667  0.655303  0.022727 
 0.814394  0.071970  0.045455  0.068182 
 0.053030  0.030303  0.109848  0.806818 
 0.098485  0.075758  0.640152  0.185606 
 0.632576  0.128788  0.068182  0.170455 

