MEME version 4

ALPHABET= ACGT

strands: + -

Background letter frequencies
A 0.250000 C 0.250000 G 0.250000 T 0.250000

MOTIF ZN257_HUMAN.H11MO.0.C ZN257
letter-probability matrix: alength= 4 w= 12 nsites= 432 E= 0
 0.076389  0.057870  0.682870  0.182870 
 0.314815  0.425926  0.060185  0.199074 
 0.013889  0.280093  0.171296  0.534722 
 0.092593  0.884259  0.011574  0.011574 
 0.004630  0.009259  0.002315  0.983796 
 0.002315  0.115741  0.018519  0.863426 
 0.025463  0.004630  0.798611  0.171296 
 0.000000  0.995370  0.000000  0.004630 
 0.004630  0.972222  0.000000  0.023148 
 0.212963  0.009259  0.053241  0.724537 
 0.048611  0.847222  0.032407  0.071759 
 0.344907  0.152778  0.067130  0.435185 

