MEME version 4

ALPHABET= ACGT

strands: + -

Background letter frequencies
A 0.250000 C 0.250000 G 0.250000 T 0.250000

MOTIF ZN263_HUMAN.H11MO.0.A ZN263
letter-probability matrix: alength= 4 w= 20 nsites= 499 E= 0
 0.202405  0.034068  0.711423  0.052104 
 0.024048  0.020040  0.919840  0.036072 
 0.018036  0.022044  0.957916  0.002004 
 0.983968  0.014028  0.000000  0.002004 
 0.048096  0.002004  0.909820  0.040080 
 0.026052  0.110220  0.847695  0.016032 
 0.937876  0.008016  0.046092  0.008016 
 0.104208  0.210421  0.635271  0.050100 
 0.044088  0.166333  0.629259  0.160321 
 0.342685  0.160321  0.424850  0.072144 
 0.416834  0.150301  0.340681  0.092184 
 0.110220  0.114228  0.717435  0.058116 
 0.412826  0.110220  0.390782  0.086172 
 0.232465  0.108216  0.591182  0.068136 
 0.188377  0.092184  0.621242  0.098196 
 0.420842  0.114228  0.380762  0.084168 
 0.222445  0.126253  0.553106  0.098196 
 0.176353  0.136273  0.569138  0.118236 
 0.438878  0.104208  0.352705  0.104208 
 0.288577  0.120240  0.525050  0.066132 

