MEME version 4

ALPHABET= ACGT

strands: + -

Background letter frequencies
A 0.250000 C 0.250000 G 0.250000 T 0.250000

MOTIF ZN274_HUMAN.H11MO.0.A ZN274
letter-probability matrix: alength= 4 w= 20 nsites= 500 E= 0
 0.058000  0.814000  0.070000  0.058000 
 0.858000  0.052000  0.034000  0.056000 
 0.034000  0.286000  0.126000  0.554000 
 0.748000  0.146000  0.054000  0.052000 
 0.212000  0.646000  0.098000  0.044000 
 0.224000  0.014000  0.030000  0.732000 
 0.044000  0.084000  0.808000  0.064000 
 0.092000  0.026000  0.852000  0.030000 
 0.770000  0.022000  0.092000  0.116000 
 0.258000  0.064000  0.658000  0.020000 
 0.762000  0.026000  0.038000  0.174000 
 0.144000  0.044000  0.788000  0.024000 
 0.748000  0.048000  0.198000  0.006000 
 0.866000  0.046000  0.066000  0.022000 
 0.786000  0.036000  0.134000  0.044000 
 0.080000  0.638000  0.044000  0.238000 
 0.042000  0.746000  0.128000  0.084000 
 0.138000  0.454000  0.182000  0.226000 
 0.228000  0.074000  0.044000  0.654000 
 0.808000  0.074000  0.082000  0.036000 

