MEME version 4

ALPHABET= ACGT

strands: + -

Background letter frequencies
A 0.250000 C 0.250000 G 0.250000 T 0.250000

MOTIF ZN281_HUMAN.H11MO.0.A ZN281
letter-probability matrix: alength= 4 w= 15 nsites= 482 E= 0
 0.230290  0.178423  0.458506  0.132780 
 0.203320  0.089212  0.603734  0.103734 
 0.170124  0.180498  0.508299  0.141079 
 0.278008  0.076763  0.174274  0.470954 
 0.012448  0.008299  0.968880  0.010373 
 0.004149  0.004149  0.975104  0.016598 
 0.080913  0.016598  0.896266  0.006224 
 0.010373  0.004149  0.979253  0.006224 
 0.026971  0.004149  0.964730  0.004149 
 0.761411  0.109959  0.002075  0.126556 
 0.128631  0.002075  0.740664  0.128631 
 0.010373  0.000000  0.979253  0.010373 
 0.035270  0.006224  0.941909  0.016598 
 0.085062  0.016598  0.873444  0.024896 
 0.387967  0.248963  0.271784  0.091286 

