MEME version 4

ALPHABET= ACGT

strands: + -

Background letter frequencies
A 0.250000 C 0.250000 G 0.250000 T 0.250000

MOTIF ZN317_HUMAN.H11MO.0.C ZN317
letter-probability matrix: alength= 4 w= 20 nsites= 455 E= 0
 0.175824  0.043956  0.742857  0.037363 
 0.749451  0.048352  0.151648  0.050549 
 0.389011  0.226374  0.109890  0.274725 
 0.171429  0.059341  0.127473  0.641758 
 0.303297  0.030769  0.529670  0.136264 
 0.815385  0.065934  0.063736  0.054945 
 0.010989  0.914286  0.013187  0.061538 
 0.769231  0.021978  0.074725  0.134066 
 0.153846  0.021978  0.780220  0.043956 
 0.131868  0.789011  0.026374  0.052747 
 0.410989  0.041758  0.041758  0.505495 
 0.076923  0.006593  0.898901  0.017582 
 0.949451  0.013187  0.019780  0.017582 
 0.030769  0.643956  0.019780  0.305495 
 0.129670  0.052747  0.032967  0.784615 
 0.107692  0.092308  0.070330  0.729670 
 0.116484  0.573626  0.041758  0.268132 
 0.065934  0.105495  0.087912  0.740659 
 0.096703  0.589011  0.129670  0.184615 
 0.687912  0.103297  0.109890  0.098901 

