MEME version 4

ALPHABET= ACGT

strands: + -

Background letter frequencies
A 0.250000 C 0.250000 G 0.250000 T 0.250000

MOTIF ZN329_HUMAN.H11MO.0.C ZN329
letter-probability matrix: alength= 4 w= 20 nsites= 361 E= 0
 0.013850  0.977839  0.005540  0.002770 
 0.013850  0.080332  0.002770  0.903047 
 0.094183  0.000000  0.767313  0.138504 
 0.011080  0.002770  0.986150  0.000000 
 0.944598  0.005540  0.030471  0.019391 
 0.019391  0.011080  0.060942  0.908587 
 0.038781  0.880886  0.052632  0.027701 
 0.329640  0.598338  0.024931  0.047091 
 0.878116  0.058172  0.036011  0.027701 
 0.146814  0.069252  0.750693  0.033241 
 0.005540  0.975069  0.002770  0.016620 
 0.024931  0.645429  0.013850  0.315789 
 0.529086  0.088643  0.265928  0.116343 
 0.063712  0.144044  0.069252  0.722992 
 0.373961  0.024931  0.484765  0.116343 
 0.019391  0.955679  0.002770  0.022161 
 0.005540  0.983380  0.002770  0.008310 
 0.000000  0.002770  0.002770  0.994460 
 0.011080  0.008310  0.980609  0.000000 
 0.908587  0.074792  0.011080  0.005540 

