MEME version 4

ALPHABET= ACGT

strands: + -

Background letter frequencies
A 0.250000 C 0.250000 G 0.250000 T 0.250000

MOTIF ZN322_HUMAN.H11MO.0.B ZN322
letter-probability matrix: alength= 4 w= 20 nsites= 465 E= 0
 0.120430  0.098925  0.716129  0.064516 
 0.473118  0.086022  0.165591  0.275269 
 0.086022  0.053763  0.735484  0.124731 
 0.159140  0.640860  0.045161  0.154839 
 0.045161  0.903226  0.012903  0.038710 
 0.068817  0.094624  0.040860  0.795699 
 0.294624  0.045161  0.623656  0.036559 
 0.088172  0.344086  0.468817  0.098925 
 0.092473  0.133333  0.103226  0.670968 
 0.752688  0.146237  0.038710  0.062366 
 0.006452  0.984946  0.006452  0.002151 
 0.443011  0.075269  0.165591  0.316129 
 0.012903  0.363441  0.600000  0.023656 
 0.447312  0.088172  0.094624  0.369892 
 0.030108  0.015054  0.903226  0.051613 
 0.049462  0.825806  0.047312  0.077419 
 0.090323  0.756989  0.038710  0.113978 
 0.105376  0.088172  0.152688  0.653763 
 0.079570  0.126882  0.681720  0.111828 
 0.275269  0.180645  0.402151  0.141935 

