MEME version 4

ALPHABET= ACGT

strands: + -

Background letter frequencies
A 0.250000 C 0.250000 G 0.250000 T 0.250000

MOTIF ZN320_HUMAN.H11MO.0.C ZN320
letter-probability matrix: alength= 4 w= 20 nsites= 461 E= 0
 0.062907  0.043384  0.783080  0.110629 
 0.039046  0.019523  0.409978  0.531453 
 0.088937  0.039046  0.778742  0.093275 
 0.019523  0.010846  0.956616  0.013015 
 0.017354  0.015184  0.954447  0.013015 
 0.375271  0.026030  0.323210  0.275488 
 0.091106  0.611714  0.127983  0.169197 
 0.110629  0.770065  0.052061  0.067245 
 0.501085  0.299349  0.049892  0.149675 
 0.245119  0.023861  0.620390  0.110629 
 0.086768  0.010846  0.754881  0.147505 
 0.015184  0.002169  0.969631  0.013015 
 0.028200  0.004338  0.967462  0.000000 
 0.043384  0.028200  0.906725  0.021692 
 0.271150  0.711497  0.008677  0.008677 
 0.286334  0.590022  0.045553  0.078091 
 0.459870  0.052061  0.151844  0.336226 
 0.386117  0.056399  0.438178  0.119306 
 0.069414  0.221258  0.134490  0.574837 
 0.099783  0.054230  0.737527  0.108460 

