MEME version 4

ALPHABET= ACGT

strands: + -

Background letter frequencies
A 0.250000 C 0.250000 G 0.250000 T 0.250000

MOTIF ZN335_HUMAN.H11MO.0.A ZN335
letter-probability matrix: alength= 4 w= 22 nsites= 103 E= 0
 0.291262  0.019417  0.582524  0.106796 
 0.058252  0.077670  0.757282  0.106796 
 0.077670  0.621359  0.165049  0.135922 
 0.019417  0.213592  0.019417  0.747573 
 0.009709  0.038835  0.844660  0.106796 
 0.048544  0.339806  0.097087  0.514563 
 0.009709  0.912621  0.029126  0.048544 
 0.009709  0.582524  0.019417  0.388350 
 0.194175  0.184466  0.291262  0.330097 
 0.145631  0.349515  0.223301  0.281553 
 0.271845  0.213592  0.349515  0.165049 
 0.106796  0.271845  0.495146  0.126214 
 0.233010  0.543689  0.058252  0.165049 
 0.184466  0.077670  0.475728  0.262136 
 0.271845  0.446602  0.155340  0.126214 
 0.029126  0.135922  0.000000  0.834951 
 0.019417  0.038835  0.815534  0.126214 
 0.019417  0.873786  0.009709  0.097087 
 0.038835  0.922330  0.000000  0.038835 
 0.038835  0.048544  0.048544  0.864078 
 0.097087  0.106796  0.699029  0.097087 
 0.475728  0.155340  0.038835  0.330097 

