MEME version 4

ALPHABET= ACGT

strands: + -

Background letter frequencies
A 0.250000 C 0.250000 G 0.250000 T 0.250000

MOTIF ZN331_HUMAN.H11MO.0.C ZN331
letter-probability matrix: alength= 4 w= 20 nsites= 458 E= 0
 0.078603  0.015284  0.868996  0.037118 
 0.294760  0.052402  0.613537  0.039301 
 0.106987  0.751092  0.015284  0.126638 
 0.312227  0.008734  0.041485  0.637555 
 0.072052  0.010917  0.888646  0.028384 
 0.050218  0.002183  0.871179  0.076419 
 0.013100  0.000000  0.980349  0.006550 
 0.032751  0.877729  0.000000  0.089520 
 0.006550  0.015284  0.000000  0.978166 
 0.013100  0.921397  0.010917  0.054585 
 0.838428  0.013100  0.024017  0.124454 
 0.004367  0.004367  0.982533  0.008734 
 0.015284  0.908297  0.006550  0.069869 
 0.218341  0.065502  0.030568  0.685590 
 0.146288  0.002183  0.816594  0.034934 
 0.063319  0.015284  0.877729  0.043668 
 0.133188  0.052402  0.737991  0.076419 
 0.155022  0.257642  0.056769  0.530568 
 0.128821  0.045852  0.722707  0.102620 
 0.117904  0.037118  0.814410  0.030568 

