MEME version 4

ALPHABET= ACGT

strands: + -

Background letter frequencies
A 0.250000 C 0.250000 G 0.250000 T 0.250000

MOTIF ZN341_HUMAN.H11MO.0.C ZN341
letter-probability matrix: alength= 4 w= 22 nsites= 499 E= 0
 0.206413  0.136273  0.513026  0.144289 
 0.286573  0.164329  0.472946  0.076152 
 0.220441  0.130261  0.555110  0.094188 
 0.238477  0.130261  0.573146  0.058116 
 0.290581  0.156313  0.486974  0.066132 
 0.286573  0.074148  0.553106  0.086172 
 0.260521  0.228457  0.476954  0.034068 
 0.352705  0.074148  0.470942  0.102204 
 0.224449  0.094188  0.587174  0.094188 
 0.230461  0.160321  0.474950  0.134269 
 0.316633  0.060120  0.547094  0.076152 
 0.216433  0.152305  0.595190  0.036072 
 0.406814  0.132265  0.282565  0.178357 
 0.286573  0.040080  0.525050  0.148297 
 0.104208  0.014028  0.853707  0.028056 
 0.080160  0.068136  0.809619  0.042084 
 0.859719  0.044088  0.088176  0.008016 
 0.699399  0.010020  0.284569  0.006012 
 0.100200  0.326653  0.547094  0.026052 
 0.783567  0.028056  0.112224  0.076152 
 0.006012  0.028056  0.943888  0.022044 
 0.136273  0.735471  0.108216  0.020040 

