MEME version 4

ALPHABET= ACGT

strands: + -

Background letter frequencies
A 0.250000 C 0.250000 G 0.250000 T 0.250000

MOTIF ZN382_HUMAN.H11MO.0.C ZN382
letter-probability matrix: alength= 4 w= 22 nsites= 478 E= 0
 0.192469  0.092050  0.656904  0.058577 
 0.071130  0.112971  0.079498  0.736402 
 0.449791  0.037657  0.303347  0.209205 
 0.163180  0.041841  0.696653  0.098326 
 0.071130  0.056485  0.661088  0.211297 
 0.395397  0.083682  0.466527  0.054393 
 0.069038  0.129707  0.050209  0.751046 
 0.027197  0.805439  0.016736  0.150628 
 0.085774  0.062762  0.142259  0.709205 
 0.054393  0.043933  0.895397  0.006276 
 0.006276  0.004184  0.012552  0.976987 
 0.669456  0.004184  0.150628  0.175732 
 0.069038  0.165272  0.700837  0.064854 
 0.020921  0.023013  0.016736  0.939331 
 0.374477  0.014644  0.543933  0.066946 
 0.592050  0.117155  0.192469  0.098326 
 0.020921  0.046025  0.020921  0.912134 
 0.119247  0.020921  0.707113  0.152720 
 0.035565  0.173640  0.161088  0.629707 
 0.056485  0.834728  0.016736  0.092050 
 0.123431  0.299163  0.023013  0.554393 
 0.029289  0.820084  0.031381  0.119247 

