MEME version 4

ALPHABET= ACGT

strands: + -

Background letter frequencies
A 0.250000 C 0.250000 G 0.250000 T 0.250000

MOTIF ZN394_HUMAN.H11MO.0.C ZN394
letter-probability matrix: alength= 4 w= 20 nsites= 363 E= 0
 0.297521  0.253444  0.283747  0.165289 
 0.374656  0.146006  0.454545  0.024793 
 0.842975  0.011019  0.024793  0.121212 
 0.567493  0.035813  0.314050  0.082645 
 0.292011  0.063361  0.157025  0.487603 
 0.316804  0.000000  0.537190  0.146006 
 0.154270  0.201102  0.600551  0.044077 
 0.694215  0.209366  0.019284  0.077135 
 0.630854  0.168044  0.079890  0.121212 
 0.292011  0.046832  0.212121  0.449036 
 0.314050  0.231405  0.278237  0.176309 
 0.170799  0.192837  0.493113  0.143251 
 0.630854  0.110193  0.044077  0.214876 
 0.504132  0.275482  0.060606  0.159780 
 0.399449  0.013774  0.074380  0.512397 
 0.181818  0.027548  0.641873  0.148760 
 0.256198  0.068871  0.490358  0.184573 
 0.771350  0.060606  0.126722  0.041322 
 0.757576  0.024793  0.140496  0.077135 
 0.126722  0.104683  0.330579  0.438017 

