MEME version 4

ALPHABET= ACGT

strands: + -

Background letter frequencies
A 0.250000 C 0.250000 G 0.250000 T 0.250000

MOTIF ZN436_HUMAN.H11MO.0.C ZN436
letter-probability matrix: alength= 4 w= 24 nsites= 485 E= 0
 0.055670  0.078351  0.117526  0.748454 
 0.020619  0.855670  0.037113  0.086598 
 0.531959  0.317526  0.026804  0.123711 
 0.301031  0.096907  0.465979  0.136082 
 0.086598  0.018557  0.870103  0.024742 
 0.024742  0.002062  0.969072  0.004124 
 0.849485  0.049485  0.065979  0.035052 
 0.515464  0.012371  0.457732  0.014433 
 0.041237  0.006186  0.948454  0.004124 
 0.167010  0.059794  0.754639  0.018557 
 0.000000  1.000000  0.000000  0.000000 
 0.020619  0.024742  0.010309  0.944330 
 0.010309  0.055670  0.084536  0.849485 
 0.000000  0.981443  0.002062  0.016495 
 0.072165  0.843299  0.010309  0.074227 
 0.032990  0.105155  0.016495  0.845361 
 0.053608  0.000000  0.921649  0.024742 
 0.035052  0.014433  0.925773  0.024742 
 0.952577  0.004124  0.016495  0.026804 
 0.117526  0.000000  0.882474  0.000000 
 0.010309  0.002062  0.985567  0.002062 
 0.911340  0.035052  0.012371  0.041237 
 0.158763  0.000000  0.841237  0.000000 
 0.028866  0.002062  0.956701  0.012371 

