MEME version 4

ALPHABET= ACGT

strands: + -

Background letter frequencies
A 0.250000 C 0.250000 G 0.250000 T 0.250000

MOTIF ZN467_HUMAN.H11MO.0.C ZN467
letter-probability matrix: alength= 4 w= 22 nsites= 499 E= 0
 0.296593  0.024048  0.649299  0.030060 
 0.098196  0.004008  0.849699  0.048096 
 0.054108  0.022044  0.915832  0.008016 
 0.002004  0.018036  0.975952  0.004008 
 0.949900  0.024048  0.004008  0.022044 
 0.184369  0.008016  0.791583  0.016032 
 0.032064  0.018036  0.929860  0.020040 
 0.298597  0.016032  0.671343  0.014028 
 0.178357  0.064128  0.733467  0.024048 
 0.416834  0.104208  0.408818  0.070140 
 0.410822  0.122244  0.420842  0.046092 
 0.292585  0.072144  0.591182  0.044088 
 0.244489  0.076152  0.645291  0.034068 
 0.360721  0.052104  0.535070  0.052104 
 0.284569  0.056112  0.621242  0.038076 
 0.290581  0.062124  0.579158  0.068136 
 0.356713  0.048096  0.529058  0.066132 
 0.250501  0.066132  0.641283  0.042084 
 0.260521  0.080160  0.633267  0.026052 
 0.324649  0.062124  0.575150  0.038076 
 0.354709  0.084168  0.515030  0.046092 
 0.288577  0.104208  0.541082  0.066132 

