MEME version 4

ALPHABET= ACGT

strands: + -

Background letter frequencies
A 0.250000 C 0.250000 G 0.250000 T 0.250000

MOTIF ZN490_HUMAN.H11MO.0.C ZN490
letter-probability matrix: alength= 4 w= 24 nsites= 430 E= 0
 0.034884  0.055814  0.030233  0.879070 
 0.151163  0.018605  0.774419  0.055814 
 0.339535  0.011628  0.404651  0.244186 
 0.041860  0.011628  0.937209  0.009302 
 0.004651  0.016279  0.030233  0.948837 
 0.018605  0.630233  0.009302  0.341860 
 0.002326  0.009302  0.004651  0.983721 
 0.006977  0.988372  0.004651  0.000000 
 0.002326  0.051163  0.000000  0.946512 
 0.002326  0.006977  0.013953  0.976744 
 0.009302  0.004651  0.981395  0.004651 
 0.495349  0.025581  0.011628  0.467442 
 0.967442  0.004651  0.018605  0.009302 
 0.093023  0.009302  0.848837  0.048837 
 0.486047  0.002326  0.509302  0.002326 
 0.004651  0.995349  0.000000  0.000000 
 0.995349  0.000000  0.004651  0.000000 
 0.216279  0.000000  0.783721  0.000000 
 0.004651  0.993023  0.002326  0.000000 
 1.000000  0.000000  0.000000  0.000000 
 0.046512  0.079070  0.295349  0.579070 
 0.972093  0.002326  0.023256  0.002326 
 0.046512  0.423256  0.006977  0.523256 
 0.367442  0.530233  0.018605  0.083721 

