MEME version 4

ALPHABET= ACGT

strands: + -

Background letter frequencies
A 0.250000 C 0.250000 G 0.250000 T 0.250000

MOTIF ZN502_HUMAN.H11MO.0.C ZN502
letter-probability matrix: alength= 4 w= 20 nsites= 144 E= 0
 0.076389  0.027778  0.888889  0.006944 
 0.937500  0.041667  0.006944  0.013889 
 0.916667  0.013889  0.027778  0.041667 
 0.027778  0.062500  0.006944  0.902778 
 0.020833  0.000000  0.972222  0.006944 
 0.034722  0.048611  0.909722  0.006944 
 0.958333  0.000000  0.013889  0.027778 
 0.770833  0.215278  0.013889  0.000000 
 0.062500  0.034722  0.000000  0.902778 
 0.020833  0.479167  0.437500  0.062500 
 0.076389  0.027778  0.861111  0.034722 
 0.916667  0.013889  0.006944  0.062500 
 0.923611  0.006944  0.062500  0.006944 
 0.013889  0.076389  0.013889  0.895833 
 0.111111  0.000000  0.881944  0.006944 
 0.013889  0.013889  0.965278  0.006944 
 0.958333  0.006944  0.000000  0.034722 
 0.979167  0.000000  0.013889  0.006944 
 0.027778  0.020833  0.041667  0.909722 
 0.041667  0.638889  0.284722  0.034722 

