MEME version 4

ALPHABET= ACGT

strands: + -

Background letter frequencies
A 0.250000 C 0.250000 G 0.250000 T 0.250000

MOTIF ZN528_HUMAN.H11MO.0.C ZN528
letter-probability matrix: alength= 4 w= 20 nsites= 371 E= 0
 0.204852  0.471698  0.161725  0.161725 
 0.204852  0.439353  0.177898  0.177898 
 0.277628  0.455526  0.153639  0.113208 
 0.714286  0.053908  0.175202  0.056604 
 0.167116  0.026954  0.730458  0.075472 
 0.045822  0.002695  0.948787  0.002695 
 0.059299  0.002695  0.938005  0.000000 
 0.973046  0.013477  0.008086  0.005391 
 0.913747  0.013477  0.064690  0.008086 
 0.002695  0.005391  0.970350  0.021563 
 0.045822  0.536388  0.078167  0.339623 
 0.145553  0.835580  0.008086  0.010782 
 0.886792  0.026954  0.064690  0.021563 
 0.021563  0.145553  0.021563  0.811321 
 0.021563  0.129380  0.021563  0.827493 
 0.005391  0.150943  0.145553  0.698113 
 0.010782  0.951482  0.005391  0.032345 
 0.035040  0.175202  0.016173  0.773585 
 0.091644  0.272237  0.466307  0.169811 
 0.530997  0.132075  0.164420  0.172507 

