MEME version 4

ALPHABET= ACGT

strands: + -

Background letter frequencies
A 0.250000 C 0.250000 G 0.250000 T 0.250000

MOTIF ZN547_HUMAN.H11MO.0.C ZN547
letter-probability matrix: alength= 4 w= 20 nsites= 405 E= 0
 0.140741  0.118519  0.125926  0.614815 
 0.066667  0.098765  0.760494  0.074074 
 0.037037  0.851852  0.002469  0.108642 
 0.271605  0.081481  0.081481  0.565432 
 0.701235  0.165432  0.093827  0.039506 
 0.911111  0.029630  0.044444  0.014815 
 0.150617  0.219753  0.034568  0.595062 
 0.004938  0.054321  0.560494  0.380247 
 0.002469  0.987654  0.002469  0.007407 
 0.409877  0.162963  0.064198  0.362963 
 0.254321  0.027160  0.659259  0.059259 
 0.014815  0.913580  0.019753  0.051852 
 0.787654  0.096296  0.014815  0.101235 
 0.325926  0.101235  0.520988  0.051852 
 0.227160  0.074074  0.602469  0.096296 
 0.106173  0.804938  0.034568  0.054321 
 0.627160  0.081481  0.182716  0.108642 
 0.155556  0.239506  0.202469  0.402469 
 0.432099  0.064198  0.392593  0.111111 
 0.049383  0.804938  0.081481  0.064198 

