MEME version 4

ALPHABET= ACGT

strands: + -

Background letter frequencies
A 0.250000 C 0.250000 G 0.250000 T 0.250000

MOTIF ZN549_HUMAN.H11MO.0.C ZN549
letter-probability matrix: alength= 4 w= 20 nsites= 500 E= 0
 0.578500  0.060500  0.062500  0.298500 
 0.134500  0.118500  0.190500  0.556500 
 0.054500  0.134500  0.066500  0.744500 
 0.044500  0.734500  0.014500  0.206500 
 0.956500  0.010500  0.012500  0.020500 
 0.072500  0.034500  0.236500  0.656500 
 0.058500  0.182500  0.616500  0.142500 
 0.622500  0.124500  0.176500  0.076500 
 0.722500  0.032500  0.180500  0.064500 
 0.104500  0.336500  0.034500  0.524500 
 0.188500  0.238500  0.034500  0.538500 
 0.182500  0.002500  0.784500  0.030500 
 0.024500  0.012500  0.950500  0.012500 
 0.150500  0.074500  0.764500  0.010500 
 0.054500  0.924500  0.006500  0.014500 
 0.840500  0.020500  0.052500  0.086500 
 0.026500  0.072500  0.884500  0.016500 
 0.018000  0.840000  0.098000  0.044000 
 0.626000  0.194000  0.058000  0.122000 
 0.140000  0.454000  0.154000  0.252000 

