MEME version 4

ALPHABET= ACGT

strands: + -

Background letter frequencies
A 0.250000 C 0.250000 G 0.250000 T 0.250000

MOTIF ZN554_HUMAN.H11MO.0.C ZN554
letter-probability matrix: alength= 4 w= 20 nsites= 500 E= 0
 0.240000  0.094000  0.600000  0.066000 
 0.060000  0.824000  0.006000  0.110000 
 0.344000  0.114000  0.154000  0.388000 
 0.044000  0.064000  0.846000  0.046000 
 0.686000  0.010000  0.284000  0.020000 
 0.142000  0.038000  0.816000  0.004000 
 0.016000  0.570000  0.046000  0.368000 
 0.000000  0.986000  0.000000  0.014000 
 0.778000  0.060000  0.090000  0.072000 
 0.174000  0.272000  0.240000  0.314000 
 0.178000  0.202000  0.432000  0.188000 
 0.120000  0.160000  0.168000  0.552000 
 0.414000  0.040000  0.436000  0.110000 
 0.140000  0.118000  0.702000  0.040000 
 0.218000  0.098000  0.376000  0.308000 
 0.138000  0.120000  0.456000  0.286000 
 0.160000  0.124000  0.274000  0.442000 
 0.382000  0.106000  0.424000  0.088000 
 0.126000  0.654000  0.090000  0.130000 
 0.184000  0.154000  0.144000  0.518000 

