MEME version 4

ALPHABET= ACGT

strands: + -

Background letter frequencies
A 0.250000 C 0.250000 G 0.250000 T 0.250000

MOTIF ZN586_HUMAN.H11MO.0.C ZN586
letter-probability matrix: alength= 4 w= 20 nsites= 472 E= 0
 0.978814  0.000000  0.019068  0.002119 
 0.012712  0.000000  0.985169  0.002119 
 0.014831  0.008475  0.970339  0.006356 
 0.025424  0.877119  0.010593  0.086864 
 0.012712  0.887712  0.006356  0.093220 
 0.014831  0.118644  0.016949  0.849576 
 0.955508  0.004237  0.033898  0.006356 
 0.040254  0.000000  0.959746  0.000000 
 0.019068  0.002119  0.978814  0.000000 
 0.987288  0.000000  0.008475  0.004237 
 0.006356  0.000000  0.987288  0.006356 
 0.021186  0.000000  0.968220  0.010593 
 0.747881  0.012712  0.230932  0.008475 
 0.845339  0.118644  0.008475  0.027542 
 0.938559  0.006356  0.008475  0.046610 
 0.813559  0.008475  0.156780  0.021186 
 1.000000  0.000000  0.000000  0.000000 
 0.896186  0.004237  0.099576  0.000000 
 0.008475  0.029661  0.006356  0.955508 
 0.014831  0.000000  0.983051  0.002119 

