MEME version 4

ALPHABET= ACGT

strands: + -

Background letter frequencies
A 0.250000 C 0.250000 G 0.250000 T 0.250000

MOTIF ZN582_HUMAN.H11MO.0.C ZN582
letter-probability matrix: alength= 4 w= 24 nsites= 260 E= 0
 0.153846  0.476923  0.342308  0.026923 
 0.138462  0.019231  0.661538  0.180769 
 0.676923  0.173077  0.134615  0.015385 
 0.730769  0.019231  0.061538  0.188462 
 0.026923  0.003846  0.207692  0.761538 
 0.023077  0.015385  0.807692  0.153846 
 0.023077  0.334615  0.588462  0.053846 
 0.726923  0.042308  0.050000  0.180769 
 0.330769  0.173077  0.192308  0.303846 
 0.038462  0.034615  0.042308  0.884615 
 0.076923  0.342308  0.276923  0.303846 
 0.107692  0.007692  0.865385  0.019231 
 0.619231  0.007692  0.361538  0.011538 
 0.615385  0.353846  0.019231  0.011538 
 0.026923  0.038462  0.026923  0.907692 
 0.042308  0.000000  0.953846  0.003846 
 0.007692  0.523077  0.465385  0.003846 
 0.969231  0.011538  0.003846  0.015385 
 0.803846  0.123077  0.065385  0.007692 
 0.173077  0.023077  0.330769  0.473077 
 0.026923  0.557692  0.138462  0.276923 
 0.884615  0.026923  0.061538  0.026923 
 0.519231  0.026923  0.034615  0.419231 
 0.103846  0.730769  0.080769  0.084615 

