MEME version 4

ALPHABET= ACGT

strands: + -

Background letter frequencies
A 0.250000 C 0.250000 G 0.250000 T 0.250000

MOTIF ZN667_HUMAN.H11MO.0.C ZN667
letter-probability matrix: alength= 4 w= 19 nsites= 500 E= 0
 0.138000  0.168000  0.560000  0.134000 
 0.234000  0.108000  0.172000  0.486000 
 0.098000  0.068000  0.626000  0.208000 
 0.078000  0.332000  0.490000  0.100000 
 0.044000  0.834000  0.058000  0.064000 
 0.146000  0.462000  0.046000  0.346000 
 0.062000  0.122000  0.132000  0.684000 
 0.084000  0.238000  0.180000  0.498000 
 0.540000  0.314000  0.046000  0.100000 
 0.678000  0.108000  0.116000  0.098000 
 0.458000  0.106000  0.422000  0.014000 
 0.764000  0.054000  0.052000  0.130000 
 0.066000  0.054000  0.800000  0.080000 
 0.068000  0.788000  0.054000  0.090000 
 0.040000  0.194000  0.036000  0.730000 
 0.046000  0.694000  0.144000  0.116000 
 0.466000  0.300000  0.062000  0.172000 
 0.094000  0.324000  0.340000  0.242000 
 0.100000  0.720000  0.080000  0.100000 

