MEME version 4

ALPHABET= ACGT

strands: + -

Background letter frequencies
A 0.250000 C 0.250000 G 0.250000 T 0.250000

MOTIF ZN708_HUMAN.H11MO.0.C ZN708
letter-probability matrix: alength= 4 w= 20 nsites= 359 E= 0
 0.169916  0.133705  0.579387  0.116992 
 0.206128  0.448468  0.220056  0.125348 
 0.236769  0.498607  0.150418  0.114206 
 0.211699  0.189415  0.108635  0.490251 
 0.582173  0.167131  0.119777  0.130919 
 0.559889  0.075209  0.245125  0.119777 
 0.203343  0.130919  0.200557  0.465181 
 0.598886  0.169916  0.150418  0.080780 
 0.649025  0.083565  0.236769  0.030641 
 0.275766  0.036212  0.545961  0.142061 
 0.153203  0.311978  0.259053  0.275766 
 0.935933  0.000000  0.041783  0.022284 
 0.008357  0.002786  0.983287  0.005571 
 0.016713  0.041783  0.930362  0.011142 
 0.036212  0.420613  0.005571  0.537604 
 0.944290  0.022284  0.025070  0.008357 
 0.005571  0.871866  0.019499  0.103064 
 0.922006  0.005571  0.061281  0.011142 
 0.038997  0.005571  0.947075  0.008357 
 0.083565  0.835655  0.025070  0.055710 

