MEME version 4

ALPHABET= ACGT

strands: + -

Background letter frequencies
A 0.250000 C 0.250000 G 0.250000 T 0.250000

MOTIF ZN768_HUMAN.H11MO.0.C ZN768
letter-probability matrix: alength= 4 w= 20 nsites= 424 E= 0
 0.200472  0.136792  0.568396  0.094340 
 0.672170  0.087264  0.179245  0.061321 
 0.252358  0.014151  0.667453  0.066038 
 0.132075  0.035377  0.808962  0.023585 
 0.117925  0.771226  0.030660  0.080189 
 0.273585  0.240566  0.004717  0.481132 
 0.014151  0.971698  0.011792  0.002358 
 0.983491  0.004717  0.000000  0.011792 
 0.007075  0.014151  0.978774  0.000000 
 0.957547  0.014151  0.023585  0.004717 
 0.028302  0.016509  0.952830  0.002358 
 0.957547  0.016509  0.018868  0.007075 
 0.066038  0.037736  0.870283  0.025943 
 0.035377  0.018868  0.919811  0.025943 
 0.009434  0.075472  0.285377  0.629717 
 0.091981  0.174528  0.176887  0.556604 
 0.601415  0.129717  0.226415  0.042453 
 0.724057  0.023585  0.195755  0.056604 
 0.044811  0.063679  0.834906  0.056604 
 0.120283  0.228774  0.158019  0.492925 

