MEME version 4

ALPHABET= ACGT

strands: + -

Background letter frequencies
A 0.250000 C 0.250000 G 0.250000 T 0.250000

MOTIF ZN770_HUMAN.H11MO.0.C ZN770
letter-probability matrix: alength= 4 w= 22 nsites= 490 E= 0
 0.226531  0.095918  0.528571  0.148980 
 0.126531  0.024490  0.836735  0.012245 
 0.046939  0.022449  0.928571  0.002041 
 0.940816  0.006122  0.042857  0.010204 
 0.032653  0.000000  0.957143  0.010204 
 0.028571  0.012245  0.946939  0.012245 
 0.040816  0.875510  0.057143  0.026531 
 0.124490  0.287755  0.044898  0.542857 
 0.116327  0.081633  0.781633  0.020408 
 0.640816  0.071429  0.244898  0.042857 
 0.146939  0.059184  0.763265  0.030612 
 0.191837  0.089796  0.642857  0.075510 
 0.169388  0.402041  0.204082  0.224490 
 0.328571  0.071429  0.479592  0.120408 
 0.106122  0.095918  0.755102  0.042857 
 0.161224  0.093878  0.712245  0.032653 
 0.648980  0.046939  0.226531  0.077551 
 0.091837  0.044898  0.844898  0.018367 
 0.214286  0.100000  0.661224  0.024490 
 0.565306  0.189796  0.169388  0.075510 
 0.089796  0.138776  0.255102  0.516327 
 0.102041  0.495918  0.222449  0.179592 

