MEME version 4

ALPHABET= ACGT

strands: + -

Background letter frequencies
A 0.250000 C 0.250000 G 0.250000 T 0.250000

MOTIF ZNF18_HUMAN.H11MO.0.C ZNF18
letter-probability matrix: alength= 4 w= 12 nsites= 500 E= 0
 0.294000  0.014000  0.614000  0.078000 
 0.004000  0.008000  0.988000  0.000000 
 0.018000  0.000000  0.010000  0.972000 
 0.022000  0.006000  0.970000  0.002000 
 0.056000  0.002000  0.088000  0.854000 
 0.006000  0.014000  0.980000  0.000000 
 0.952000  0.028000  0.006000  0.014000 
 0.786000  0.016000  0.130000  0.068000 
 0.026000  0.584000  0.168000  0.222000 
 0.250000  0.232000  0.096000  0.422000 
 0.090000  0.268000  0.482000  0.160000 
 0.208000  0.178000  0.412000  0.202000 

