MEME version 4

ALPHABET= ACGT

strands: + -

Background letter frequencies
A 0.250000 C 0.250000 G 0.250000 T 0.250000

MOTIF ZNF41_HUMAN.H11MO.0.C ZNF41
letter-probability matrix: alength= 4 w= 24 nsites= 349 E= 0
 0.255014  0.501433  0.126074  0.117479 
 0.713467  0.100287  0.131805  0.054441 
 0.106017  0.722063  0.071633  0.100287 
 0.744986  0.063037  0.140401  0.051576 
 0.710602  0.008596  0.249284  0.031519 
 0.068768  0.020057  0.871060  0.040115 
 0.111748  0.034384  0.787966  0.065903 
 0.392550  0.008596  0.595989  0.002865 
 0.948424  0.008596  0.028653  0.014327 
 0.444126  0.074499  0.467049  0.014327 
 0.226361  0.197708  0.117479  0.458453 
 0.432665  0.217765  0.203438  0.146132 
 0.527221  0.117479  0.255014  0.100287 
 0.355301  0.037249  0.498567  0.108883 
 0.249284  0.214900  0.412607  0.123209 
 0.054441  0.744986  0.117479  0.083095 
 0.968481  0.005731  0.017192  0.008596 
 0.037249  0.911175  0.045845  0.005731 
 0.232092  0.693410  0.022923  0.051576 
 0.830946  0.011461  0.123209  0.034384 
 0.117479  0.048711  0.114613  0.719198 
 0.097421  0.171920  0.647564  0.083095 
 0.707736  0.045845  0.120344  0.126074 
 0.154728  0.083095  0.653295  0.108883 

