MEME version 4

ALPHABET= ACGT

strands: + -

Background letter frequencies
A 0.250000 C 0.250000 G 0.250000 T 0.250000

MOTIF ZNF76_HUMAN.H11MO.0.C ZNF76
letter-probability matrix: alength= 4 w= 22 nsites= 498 E= 0
 0.285141  0.108434  0.532129  0.074297 
 0.259036  0.122490  0.445783  0.172691 
 0.220884  0.040161  0.449799  0.289157 
 0.022088  0.024096  0.925703  0.028112 
 0.106426  0.598394  0.242972  0.052209 
 0.524096  0.353414  0.050201  0.072289 
 0.016064  0.230924  0.060241  0.692771 
 0.042169  0.198795  0.347390  0.411647 
 0.078313  0.688755  0.154618  0.078313 
 0.032129  0.202811  0.006024  0.759036 
 0.020080  0.010040  0.963855  0.006024 
 0.006024  0.008032  0.963855  0.022088 
 0.022088  0.004016  0.961847  0.012048 
 0.875502  0.024096  0.052209  0.048193 
 0.459839  0.100402  0.361446  0.078313 
 0.321285  0.116466  0.154618  0.407631 
 0.062249  0.120482  0.178715  0.638554 
 0.064257  0.100402  0.793173  0.042169 
 0.078313  0.114458  0.172691  0.634538 
 0.702811  0.058233  0.194779  0.044177 
 0.104418  0.070281  0.791165  0.034137 
 0.048193  0.092369  0.164659  0.694779 

