MEME version 4

ALPHABET= ACGT

strands: + -

Background letter frequencies
A 0.250000 C 0.250000 G 0.250000 T 0.250000

MOTIF ZNF8_HUMAN.H11MO.0.C ZNF8
letter-probability matrix: alength= 4 w= 22 nsites= 417 E= 0
 0.038369  0.052758  0.035971  0.872902 
 0.151079  0.031175  0.810552  0.007194 
 0.011990  0.031175  0.002398  0.954436 
 0.002398  0.000000  0.992806  0.004796 
 0.009592  0.002398  0.985612  0.002398 
 0.019185  0.045564  0.004796  0.930456 
 0.985612  0.007194  0.004796  0.002398 
 0.019185  0.297362  0.014388  0.669065 
 0.817746  0.021583  0.160671  0.000000 
 0.033573  0.045564  0.023981  0.896882 
 0.127098  0.827338  0.021583  0.023981 
 0.014388  0.764988  0.000000  0.220624 
 0.956835  0.009592  0.014388  0.019185 
 0.016787  0.141487  0.035971  0.805755 
 0.719424  0.035971  0.117506  0.127098 
 0.079137  0.781775  0.021583  0.117506 
 0.836930  0.105516  0.040767  0.016787 
 0.762590  0.026379  0.167866  0.043165 
 0.047962  0.069544  0.057554  0.824940 
 0.093525  0.011990  0.860911  0.033573 
 0.079137  0.016787  0.892086  0.011990 
 0.923261  0.021583  0.038369  0.016787 

