MEME version 4

ALPHABET= ACGT

strands: + -

Background letter frequencies
A 0.250000 C 0.250000 G 0.250000 T 0.250000

MOTIF ZSC22_HUMAN.H11MO.0.C ZSC22
letter-probability matrix: alength= 4 w= 16 nsites= 476 E= 0
 0.304622  0.100840  0.436975  0.157563 
 0.189076  0.113445  0.642857  0.054622 
 0.134454  0.151261  0.262605  0.451681 
 0.123950  0.632353  0.180672  0.063025 
 0.319328  0.180672  0.092437  0.407563 
 0.060924  0.008403  0.926471  0.004202 
 0.861345  0.014706  0.100840  0.023109 
 0.136555  0.063025  0.546218  0.254202 
 0.084034  0.004202  0.903361  0.008403 
 0.025210  0.008403  0.957983  0.008403 
 0.542017  0.310924  0.088235  0.058824 
 0.119748  0.008403  0.859244  0.012605 
 0.018908  0.004202  0.957983  0.018908 
 0.714286  0.235294  0.021008  0.029412 
 0.065126  0.006303  0.915966  0.012605 
 0.069328  0.048319  0.846639  0.035714 

