MEME version 4

ALPHABET= ACGT

strands: + -

Background letter frequencies
A 0.250000 C 0.250000 G 0.250000 T 0.250000

MOTIF ZSC31_HUMAN.H11MO.0.C ZSC31
letter-probability matrix: alength= 4 w= 18 nsites= 407 E= 0
 0.282555  0.054054  0.520885  0.142506 
 0.061425  0.054054  0.621622  0.262899 
 0.088452  0.751843  0.098280  0.061425 
 0.651106  0.149877  0.058968  0.140049 
 0.071253  0.039312  0.859951  0.029484 
 0.046683  0.894349  0.031941  0.027027 
 0.707617  0.041769  0.194103  0.056511 
 0.024570  0.014742  0.948403  0.012285 
 0.049140  0.027027  0.862408  0.061425 
 0.105651  0.022113  0.845209  0.027027 
 0.051597  0.904177  0.031941  0.012285 
 0.665848  0.135135  0.090909  0.108108 
 0.299754  0.093366  0.474201  0.132678 
 0.068796  0.090909  0.253071  0.587224 
 0.159705  0.117936  0.238329  0.484029 
 0.673219  0.115479  0.154791  0.056511 
 0.115479  0.093366  0.267813  0.523342 
 0.373464  0.105651  0.439803  0.081081 

