MEME version 4

ALPHABET= ACGT

strands: + -

Background letter frequencies
A 0.250000 C 0.250000 G 0.250000 T 0.250000

MOTIF MSM0_52 TCF7
letter-probability matrix: alength= 4 w= 13 nsites= 100 E= 0
 0.162000  0.318000  0.186000  0.334000 
 0.152000  0.385000  0.183000  0.280000 
 0.032000  0.663000  0.194000  0.111000 
 0.068000  0.036000  0.015000  0.881000 
 0.025000  0.031000  0.030000  0.914000 
 0.037000  0.004000  0.009000  0.950000 
 0.030000  0.060000  0.867000  0.043000 
 0.929000  0.008000  0.007000  0.057000 
 0.199000  0.014000  0.010000  0.777000 
 0.047000  0.497000  0.432000  0.024000 
 0.138000  0.104000  0.061000  0.698000 
 0.231000  0.198000  0.204000  0.367000 
 0.227000  0.222000  0.235000  0.316000 

