MEME version 4

ALPHABET= ACGT

strands: + -

Background letter frequencies
A 0.250000 C 0.250000 G 0.250000 T 0.250000

MOTIF MSM0_61 ZKSCAN1
letter-probability matrix: alength= 4 w= 13 nsites= 100 E= 0
 0.278000  0.120000  0.470000  0.132000 
 0.117000  0.679000  0.115000  0.089000 
 0.352647  0.076923  0.342657  0.227772 
 0.007000  0.177000  0.034000  0.782000 
 0.957000  0.003000  0.022000  0.018000 
 0.019980  0.011988  0.916084  0.051948 
 0.005000  0.010000  0.008000  0.977000 
 0.746254  0.023976  0.214785  0.014985 
 0.023000  0.007000  0.804000  0.166000 
 0.003000  0.007000  0.957000  0.033000 
 0.177822  0.171828  0.273726  0.376623 
 0.148000  0.525000  0.175000  0.152000 
 0.250000  0.250000  0.250000  0.250000 

