MEME version 4

ALPHABET= ACGT

strands: + -

Background letter frequencies
A 0.250000 C 0.250000 G 0.250000 T 0.250000

MOTIF MSM0_44 RXRg
letter-probability matrix: alength= 4 w= 15 nsites= 100 E= 0
 0.448000  0.060000  0.431000  0.061000 
 0.087000  0.056000  0.808000  0.048000 
 0.068000  0.031000  0.740000  0.161000 
 0.047000  0.135000  0.104000  0.713000 
 0.116000  0.516000  0.213000  0.154000 
 0.827000  0.049000  0.044000  0.080000 
 0.661000  0.110000  0.123000  0.106000 
 0.613000  0.028000  0.343000  0.016000 
 0.114000  0.018000  0.786000  0.081000 
 0.059000  0.016000  0.758000  0.168000 
 0.024000  0.062000  0.111000  0.803000 
 0.054000  0.469000  0.173000  0.305000 
 0.672000  0.038000  0.263000  0.027000 
 0.306000  0.213000  0.210000  0.270000 
 0.399000  0.092000  0.293000  0.216000 

