MEME version 4

ALPHABET= ACGT

strands: + -

Background letter frequencies
A 0.250000 C 0.250000 G 0.250000 T 0.250000

MOTIF MSM0_54 VDR_RXRa
letter-probability matrix: alength= 4 w= 17 nsites= 100 E= 0
 0.279000  0.297000  0.185000  0.238000 
 0.458000  0.153000  0.345000  0.044000 
 0.074000  0.110000  0.774000  0.042000 
 0.041000  0.094000  0.760000  0.105000 
 0.056000  0.211000  0.204000  0.529000 
 0.158000  0.619000  0.053000  0.170000 
 0.585000  0.197000  0.141000  0.077000 
 0.256000  0.363000  0.254000  0.128000 
 0.225000  0.372000  0.204000  0.199000 
 0.362000  0.190000  0.347000  0.101000 
 0.267000  0.069000  0.578000  0.087000 
 0.039000  0.081000  0.813000  0.067000 
 0.086000  0.046000  0.269000  0.598000 
 0.059000  0.168000  0.194000  0.579000 
 0.148000  0.582000  0.135000  0.134000 
 0.455000  0.082000  0.291000  0.171000 
 0.222000  0.299000  0.217000  0.262000 

