MEME version 4

ALPHABET= ACGT

strands: + -

Background letter frequencies
A 0.250000 C 0.250000 G 0.250000 T 0.250000

MOTIF MSM0_59 ZFP14
letter-probability matrix: alength= 4 w= 17 nsites= 100 E= 0
 0.402000  0.127000  0.244000  0.227000 
 0.200000  0.173000  0.196000  0.432000 
 0.202000  0.039000  0.713000  0.045000 
 0.188000  0.001000  0.810000  0.001000 
 0.975000  0.001000  0.020000  0.003000 
 0.003000  0.012000  0.958000  0.027000 
 0.091000  0.414000  0.470000  0.025000 
 0.256000  0.468000  0.084000  0.192000 
 0.338000  0.290000  0.055000  0.317000 
 0.203000  0.569000  0.075000  0.153000 
 0.182000  0.348000  0.120000  0.350000 
 0.217000  0.067000  0.548000  0.167000 
 0.075000  0.001000  0.923000  0.001000 
 0.988000  0.001000  0.003000  0.008000 
 0.661000  0.148000  0.172000  0.020000 
 0.180000  0.369000  0.118000  0.333000 
 0.079000  0.091000  0.612000  0.217000 

