MEME version 4

ALPHABET= ACGT

strands: + -

Background letter frequencies
A 0.250000 C 0.250000 G 0.250000 T 0.250000

MOTIF MSM0_03 CTCF
letter-probability matrix: alength= 4 w= 15 nsites= 100 E= 0
 0.337000  0.124000  0.368000  0.171000 
 0.148000  0.637000  0.109000  0.105000 
 0.060000  0.905000  0.019000  0.016000 
 0.332000  0.077000  0.439000  0.152000 
 0.168000  0.456000  0.307000  0.070000 
 0.140000  0.193000  0.124000  0.543000 
 0.740000  0.037000  0.143000  0.080000 
 0.017000  0.015000  0.952000  0.016000 
 0.218000  0.011000  0.757000  0.014000 
 0.031000  0.074000  0.669000  0.226000 
 0.005000  0.003000  0.972000  0.020000 
 0.018000  0.038000  0.868000  0.076000 
 0.066000  0.797000  0.065000  0.071000 
 0.149000  0.052000  0.766000  0.033000 
 0.100000  0.506000  0.162000  0.232000 

