MEME version 4

ALPHABET= ACGT

strands: + -

Background letter frequencies
A 0.250000 C 0.250000 G 0.250000 T 0.250000

MOTIF MSM0_42 RORc
letter-probability matrix: alength= 4 w= 12 nsites= 100 E= 0
 0.306000  0.179000  0.260000  0.255000 
 0.329000  0.114000  0.141000  0.416000 
 0.855000  0.014000  0.011000  0.120000 
 0.527000  0.010000  0.032000  0.431000 
 0.225000  0.249000  0.277000  0.249000 
 0.043000  0.087000  0.116000  0.753000 
 0.623000  0.024000  0.343000  0.011000 
 0.005000  0.002000  0.919000  0.074000 
 0.036000  0.003000  0.952000  0.008000 
 0.059000  0.112000  0.168000  0.661000 
 0.006000  0.822000  0.019000  0.153000 
 0.785000  0.012000  0.161000  0.042000 

