MEME version 4

ALPHABET= ACGT

strands: + -

Background letter frequencies
A 0.250000 C 0.250000 G 0.250000 T 0.250000

MOTIF MSM0_35 PPARa_RXRa
letter-probability matrix: alength= 4 w= 18 nsites= 100 E= 0
 0.548000  0.140000  0.108000  0.204000 
 0.431000  0.073000  0.060000  0.437000 
 0.247000  0.211000  0.332000  0.210000 
 0.061000  0.094000  0.238000  0.608000 
 0.492000  0.095000  0.370000  0.042000 
 0.068000  0.019000  0.843000  0.071000 
 0.080000  0.015000  0.856000  0.049000 
 0.042000  0.157000  0.245000  0.556000 
 0.131000  0.445000  0.201000  0.223000 
 0.887000  0.016000  0.067000  0.030000 
 0.669000  0.024000  0.208000  0.099000 
 0.807000  0.025000  0.143000  0.025000 
 0.111000  0.016000  0.862000  0.011000 
 0.018000  0.014000  0.784000  0.184000 
 0.017000  0.049000  0.115000  0.818000 
 0.090000  0.598000  0.146000  0.166000 
 0.689000  0.037000  0.230000  0.043000 
 0.222000  0.237000  0.243000  0.298000 

