MEME version 4

ALPHABET= ACGT

strands: + -

Background letter frequencies
A 0.250000 C 0.250000 G 0.250000 T 0.250000

MOTIF MSM0_16 JUNB_FOS
letter-probability matrix: alength= 4 w= 12 nsites= 100 E= 0
 0.174000  0.168000  0.372000  0.286000 
 0.593000  0.105000  0.267000  0.036000 
 0.001000  0.001000  0.001000  0.998000 
 0.001000  0.001000  0.868000  0.131000 
 0.965000  0.030000  0.001000  0.004000 
 0.048000  0.309000  0.618000  0.025000 
 0.001000  0.001000  0.003000  0.996000 
 0.027000  0.971000  0.001000  0.001000 
 0.998000  0.001000  0.001000  0.001000 
 0.007000  0.284000  0.051000  0.658000 
 0.275000  0.363000  0.178000  0.184000 
 0.283000  0.304000  0.256000  0.156000 

