MEME version 4

ALPHABET= ACGT

strands: + -

Background letter frequencies
A 0.250000 C 0.250000 G 0.250000 T 0.250000

MOTIF MSM0_67 ZNF777
letter-probability matrix: alength= 4 w= 19 nsites= 100 E= 0
 0.142857  0.000000  0.857143  0.000000 
 0.142857  0.214286  0.071429  0.571429 
 0.214286  0.785714  0.000000  0.000000 
 0.000000  0.928571  0.000000  0.071429 
 0.000000  0.285714  0.714286  0.000000 
 0.071429  0.500000  0.000000  0.428571 
 0.000000  0.928571  0.071429  0.000000 
 0.000000  1.000000  0.000000  0.000000 
 0.000000  1.000000  0.000000  0.000000 
 0.000000  0.000000  0.928571  0.071429 
 0.000000  0.000000  0.000000  1.000000 
 0.000000  0.928571  0.071429  0.000000 
 0.000000  0.285714  0.571429  0.142857 
 0.928571  0.071429  0.000000  0.000000 
 0.642857  0.000000  0.214286  0.142857 
 0.000000  0.944444  0.000000  0.055556 
 0.944444  0.055556  0.000000  0.000000 
 0.833333  0.000000  0.000000  0.166667 
 0.333333  0.000000  0.000000  0.666667 

