MEME version 4

ALPHABET= ACGT

strands: + -

Background letter frequencies
A 0.250000 C 0.250000 G 0.250000 T 0.250000

MOTIF MSM0_29 NR1H4_RXRa
letter-probability matrix: alength= 4 w= 13 nsites= 100 E= 0
 0.222000  0.126000  0.485000  0.166000 
 0.346000  0.054000  0.507000  0.093000 
 0.092000  0.091000  0.748000  0.069000 
 0.035000  0.059000  0.734000  0.172000 
 0.037000  0.052000  0.057000  0.853000 
 0.092000  0.616000  0.136000  0.156000 
 0.834000  0.029000  0.110000  0.027000 
 0.495000  0.114000  0.241000  0.150000 
 0.527000  0.042000  0.379000  0.052000 
 0.119000  0.038000  0.712000  0.130000 
 0.107000  0.059000  0.655000  0.179000 
 0.107000  0.055000  0.292000  0.545000 
 0.083000  0.340000  0.246000  0.331000 

