MEME version 4

ALPHABET= ACGT

strands: + -

Background letter frequencies
A 0.250000 C 0.250000 G 0.250000 T 0.250000

MOTIF MSM0_20 JUND_FOS
letter-probability matrix: alength= 4 w= 13 nsites= 100 E= 0
 0.183000  0.244000  0.315000  0.258000 
 0.182000  0.167000  0.389000  0.263000 
 0.593000  0.104000  0.266000  0.038000 
 0.000000  0.001000  0.000000  0.999000 
 0.000000  0.000000  0.871000  0.129000 
 0.894000  0.091000  0.000000  0.015000 
 0.075000  0.040000  0.867000  0.019000 
 0.000000  0.000000  0.000000  0.999000 
 0.029000  0.970000  0.000000  0.000000 
 0.999000  0.000000  0.000000  0.000000 
 0.021000  0.290000  0.077000  0.612000 
 0.250000  0.370000  0.195000  0.185000 
 0.264000  0.264000  0.292000  0.180000 

