MEME version 4

ALPHABET= ACGT

strands: + -

Background letter frequencies
A 0.250000 C 0.250000 G 0.250000 T 0.250000

MOTIF MSM0_39 RARa_RXRg
letter-probability matrix: alength= 4 w= 18 nsites= 100 E= 0
 0.345000  0.113000  0.413000  0.129000 
 0.496000  0.038000  0.460000  0.006000 
 0.013000  0.003000  0.954000  0.030000 
 0.011000  0.003000  0.828000  0.158000 
 0.005000  0.015000  0.071000  0.909000 
 0.018000  0.831000  0.058000  0.093000 
 0.874000  0.005000  0.111000  0.010000 
 0.272000  0.239000  0.154000  0.334000 
 0.215000  0.249000  0.320000  0.215000 
 0.211000  0.212000  0.272000  0.305000 
 0.344000  0.199000  0.231000  0.227000 
 0.348000  0.133000  0.397000  0.121000 
 0.495000  0.090000  0.390000  0.025000 
 0.026000  0.004000  0.927000  0.043000 
 0.012000  0.005000  0.815000  0.169000 
 0.060000  0.112000  0.226000  0.601000 
 0.073000  0.696000  0.097000  0.135000 
 0.702000  0.053000  0.206000  0.040000 

