MEME version 4

ALPHABET= ACGT

strands: + -

Background letter frequencies
A 0.250000 C 0.250000 G 0.250000 T 0.250000

MOTIF MSM0_18 JUNB_FOSL
letter-probability matrix: alength= 4 w= 13 nsites= 100 E= 0
 0.237000  0.269000  0.195000  0.300000 
 0.216000  0.146000  0.376000  0.263000 
 0.566000  0.100000  0.287000  0.047000 
 0.023000  0.016000  0.016000  0.945000 
 0.036000  0.021000  0.880000  0.063000 
 0.917000  0.020000  0.021000  0.042000 
 0.063000  0.626000  0.198000  0.113000 
 0.059000  0.023000  0.115000  0.803000 
 0.271000  0.683000  0.009000  0.037000 
 0.904000  0.021000  0.038000  0.037000 
 0.053000  0.225000  0.170000  0.552000 
 0.300000  0.298000  0.204000  0.198000 
 0.247000  0.300000  0.223000  0.230000 

