MEME version 4

ALPHABET= ACGT

strands: + -

Background letter frequencies
A 0.250000 C 0.250000 G 0.250000 T 0.250000

MOTIF MSM0_36 PPARg_RXRa
letter-probability matrix: alength= 4 w= 17 nsites= 100 E= 0
 0.287000  0.251000  0.248000  0.214000 
 0.314000  0.136000  0.301000  0.248000 
 0.455000  0.094000  0.335000  0.116000 
 0.041000  0.011000  0.922000  0.025000 
 0.023000  0.010000  0.827000  0.140000 
 0.047000  0.088000  0.261000  0.604000 
 0.097000  0.560000  0.081000  0.262000 
 0.903000  0.022000  0.014000  0.060000 
 0.503000  0.202000  0.140000  0.155000 
 0.400000  0.071000  0.175000  0.354000 
 0.615000  0.053000  0.295000  0.036000 
 0.051000  0.029000  0.885000  0.035000 
 0.015000  0.016000  0.809000  0.160000 
 0.065000  0.079000  0.209000  0.647000 
 0.049000  0.715000  0.102000  0.134000 
 0.739000  0.015000  0.197000  0.050000 
 0.206000  0.336000  0.249000  0.209000 

