MEME version 4

ALPHABET= ACGT

strands: + -

Background letter frequencies
A 0.250000 C 0.250000 G 0.250000 T 0.250000

MOTIF MSM0_31 NR4A2_RXRa
letter-probability matrix: alength= 4 w= 15 nsites= 100 E= 0
 0.288000  0.212000  0.371000  0.130000 
 0.498000  0.124000  0.348000  0.029000 
 0.020000  0.011000  0.924000  0.046000 
 0.051000  0.007000  0.804000  0.139000 
 0.046000  0.134000  0.128000  0.691000 
 0.007000  0.824000  0.031000  0.138000 
 0.592000  0.038000  0.343000  0.027000 
 0.248000  0.060000  0.087000  0.604000 
 0.002000  0.069000  0.005000  0.924000 
 0.070000  0.082000  0.836000  0.012000 
 0.926000  0.054000  0.017000  0.003000 
 0.157000  0.830000  0.002000  0.011000 
 0.040000  0.937000  0.004000  0.020000 
 0.005000  0.535000  0.023000  0.437000 
 0.104000  0.473000  0.180000  0.244000 

