MEME version 4

ALPHABET= ACGT

strands: + -

Background letter frequencies
A 0.250000 C 0.250000 G 0.250000 T 0.250000

MOTIF MSM0_34 PAX7
letter-probability matrix: alength= 4 w= 13 nsites= 100 E= 0
 0.410000  0.174000  0.213000  0.202000 
 0.541000  0.101000  0.200000  0.159000 
 0.015000  0.522000  0.454000  0.009000 
 0.002000  0.842000  0.005000  0.150000 
 0.196000  0.009000  0.771000  0.024000 
 0.033000  0.026000  0.112000  0.829000 
 0.332000  0.010000  0.634000  0.024000 
 0.775000  0.015000  0.069000  0.141000 
 0.030000  0.962000  0.001000  0.007000 
 0.082000  0.108000  0.357000  0.453000 
 0.937000  0.006000  0.051000  0.006000 
 0.981000  0.001000  0.008000  0.010000 
 0.054000  0.036000  0.013000  0.897000 

