MEME version 4

ALPHABET= ACGT

strands: + -

Background letter frequencies
A 0.250000 C 0.250000 G 0.250000 T 0.250000

MOTIF MSM0_28 NFKB1
letter-probability matrix: alength= 4 w= 13 nsites= 100 E= 0
 0.279000  0.219000  0.329000  0.174000 
 0.028000  0.035000  0.909000  0.029000 
 0.004000  0.005000  0.981000  0.010000 
 0.015000  0.011000  0.649000  0.325000 
 0.386000  0.012000  0.485000  0.118000 
 0.303000  0.307000  0.188000  0.202000 
 0.172000  0.073000  0.081000  0.674000 
 0.059000  0.200000  0.136000  0.606000 
 0.085000  0.520000  0.021000  0.375000 
 0.180000  0.776000  0.007000  0.037000 
 0.011000  0.979000  0.004000  0.006000 
 0.069000  0.834000  0.053000  0.045000 
 0.150000  0.319000  0.240000  0.292000 

