MEME version 4

ALPHABET= ACGT

strands: + -

Background letter frequencies
A 0.250000 C 0.250000 G 0.250000 T 0.250000

MOTIF MSM0_13 JUN_FOSL
letter-probability matrix: alength= 4 w= 13 nsites= 100 E= 0
 0.208000  0.246000  0.253000  0.293000 
 0.172000  0.159000  0.380000  0.289000 
 0.602000  0.089000  0.283000  0.026000 
 0.001000  0.002000  0.001000  0.996000 
 0.003000  0.002000  0.957000  0.038000 
 0.994000  0.002000  0.002000  0.003000 
 0.026000  0.826000  0.051000  0.097000 
 0.033000  0.002000  0.140000  0.826000 
 0.159000  0.835000  0.002000  0.004000 
 0.984000  0.004000  0.009000  0.004000 
 0.057000  0.245000  0.119000  0.579000 
 0.296000  0.308000  0.173000  0.223000 
 0.277000  0.289000  0.237000  0.196000 

