MEME version 4

ALPHABET= ACGT

strands: + -

Background letter frequencies
A 0.250000 C 0.250000 G 0.250000 T 0.250000

MOTIF MSM0_37 PPARg
letter-probability matrix: alength= 4 w= 12 nsites= 100 E= 0
 0.495000  0.144000  0.115000  0.246000 
 0.483000  0.041000  0.066000  0.410000 
 0.201000  0.267000  0.299000  0.233000 
 0.063000  0.093000  0.151000  0.692000 
 0.492000  0.032000  0.447000  0.029000 
 0.032000  0.016000  0.841000  0.110000 
 0.041000  0.037000  0.853000  0.069000 
 0.061000  0.113000  0.240000  0.586000 
 0.097000  0.505000  0.104000  0.293000 
 0.855000  0.024000  0.041000  0.080000 
 0.209000  0.332000  0.260000  0.199000 
 0.112000  0.206000  0.217000  0.465000 

