MEME version 4

ALPHABET= ACGT

strands: + -

Background letter frequencies
A 0.250000 C 0.250000 G 0.250000 T 0.250000

MOTIF MSM0_58 ZFP1
letter-probability matrix: alength= 4 w= 15 nsites= 100 E= 0
 0.111111  0.000000  0.711111  0.177778 
 0.066667  0.000000  0.866667  0.066667 
 0.400000  0.111111  0.088889  0.400000 
 0.044444  0.066667  0.044444  0.844444 
 0.688889  0.000000  0.133333  0.177778 
 0.044444  0.022222  0.911111  0.022222 
 0.000000  0.000000  0.022222  0.977778 
 0.044444  0.022222  0.066667  0.866667 
 0.000000  0.000000  0.688889  0.311111 
 0.311111  0.022222  0.266667  0.400000 
 0.000000  0.000000  1.000000  0.000000 
 0.022222  0.600000  0.066667  0.311111 
 0.355556  0.066667  0.066667  0.511111 
 0.155556  0.000000  0.755556  0.088889 
 0.044444  0.044444  0.755556  0.155556 

